# BEGIN CATALOG HEADER
# nfields 11
#     id 1 0 c INDEF %15s
#     ra 2 0 d degrees %10.5f
#     dec 3 0 d degrees %10.5f
#     magr  4 0 r INDEF %6.2f
#     maggr 5 0 r INDEF %6.2f
#     magug 6 0 r INDEF %6.2f
#     magri 7 0 r INDEF %6.2f
#     magiz 8 0 r INDEF %6.2f
# END CATALOG HEADER
#
197426  13.83908336  0.76475365  19.34499  1.40732  2.86429  1.1864  0.71358
197347  13.82408341  0.74525293  19.29460  0.26265  0.86868  0.15031  -0.07567
197282  13.80705894  0.76626124  15.72990  0.52749  1.39627  0.20478  0.09852
262764  13.86034212  0.74815808  19.17021  0.65206  1.54453  0.15302  -0.02981
197286  13.8081475  0.73218682  16.7327  0.59966  1.51082  0.24569  0.11241
197292  13.84311081  0.72709528  15.52300  0.64948  1.68963  0.25405  0.13305
197337  13.79742661  0.74601119  17.98026  0.42376  1.02355  0.19995  0.06845
197813  13.83825955  0.7208643  19.89270  1.19378  1.7185  0.45348  0.33786
262662  13.86188302  0.7362035  16.83642  0.47172  1.34991  0.1569  0.07875
262680  13.88106674  0.75155822  15.19411  0.91049  2.29876  0.3049  0.15973
262758  13.85588749  0.72144732  18.98570  0.47271  1.2691  0.23887  0.08042
197161  13.78675306  0.79401614  18.53068  1.5974  1.98757  2.05765  1.1248
197169  13.77238253  0.78734923  19.26845  5.84576  -2.44055  0.23359  -3.27753
197180  13.78961859  0.78832752  19.64916  1.36171  2.28144  0.69073  0.42009
197266  13.79897051  0.71700838  18.45848  1.49607  2.27512  1.4009  0.73884
197275  13.79121739  0.73243082  16.39861  0.54251  1.47876  0.2135  0.15157
197330  13.77663298  0.7346733  18.71563  0.36885  0.94954  0.16258  0.0719
197339  13.80305846  0.71747167  18.36058  0.64492  1.29887  0.27028  0.12097
197351  13.82909173  0.83467898  19.34010  0.25387  0.5472  0.07035  0.19763
197361  13.84632566  0.69275761  17.55657  0.53793  1.3986  0.19834  0.08702
197368  13.85058621  0.69280148  17.52735  0.66453  1.57918  0.28973  0.15788
197414  13.79364815  0.80951217  18.76492  1.4427  2.30659  1.13808  0.63979
197489  13.84468097  0.69840943  19.98802  0.36198  0.9439  0.12086  0.10266
262660  13.85108904  0.82834651  15.31373  0.1723  1.33614  0.61628  0.13926
262772  13.8710373  0.81332002  19.07133  0.32621  0.91663  0.15071  0.16274
262787  13.89007803  0.75213781  18.51124  0.3219  0.90724  0.13156  0.02218
262789  13.89427464  0.72359669  16.67549  1.44727  2.30988  1.16493  0.64162
262803  13.90160973  0.73858198  17.03007  0.65206  1.53922  0.28861  0.1525
262950  13.88817435  0.72542853  19.41111  1.50121  3.1231  1.21621  0.6755
262953  13.8951238  0.75163626  18.77958  1.47118  2.58588  0.81878  0.43391
262957  13.89667059  0.77080687  18.89732  1.32617  1.87206  0.53434  0.32528
262960  13.90218262  0.76743003  18.88849  1.51095  2.46023  0.93639  0.50142
263036  13.86327431  0.83030071  19.78656  1.38712  1.71741  1.2529  0.62616
263038  13.88931983  0.73328276  19.92154  1.40212  2.65564  1.1709  0.69293
197162  13.7611148  0.81496905  18.28610  1.4648  2.18522  1.32104  0.72086
197165  13.7574188  0.78786787  14.92252  10.1918  -0.47975  0.84804  -8.75237
197168  13.77039757  0.80703453  19.20888  1.09141  3.83167  0.44783  0.21276
197234  13.76353027  0.73636697  15.45794  0.28877  0.95589  0.13003  0.04331
197235  13.75515711  0.73092949  17.16634  0.37806  1.12384  0.15521  -0.01224
197236  13.76111101  0.73707041  18.33508  0.57775  1.65451  0.2341  0.07349
197249  13.76276759  0.82803392  15.20961  0.48183  0.14942  0.69458  0.55024
197253  13.76341501  0.72012787  13.46149  2.24208  0.4433  0.13995  -0.45364
197279  13.79948777  0.69014077  15.79928  0.37774  1.06666  0.15316  0.05361
197289  13.84002937  0.67528061  15.22307  0.1106  1.26961  0.50166  0.06887
197323  13.77501653  0.69729417  17.48922  1.42801  2.75169  0.91012  0.49388
197342  13.80318611  0.67950587  18.14292  1.33268  2.30275  0.57287  0.35059
197345  13.81942018  0.67276116  19.80409  0.2969  0.88236  0.13864  0.08525
197354  13.83187372  0.66875033  17.01365  1.01167  2.36092  0.3741  0.20887
197357  13.83290954  0.6775228  19.48104  0.45891  0.5535  0.7988  0.51962
197359  13.8348359  0.66103599  17.92038  1.03124  2.37915  0.41202  0.20867
197373  13.85068251  0.65992972  17.83550  1.39805  2.49545  1.38069  0.74974
197400  13.77392769  0.70310095  19.36358  1.33182  2.17286  0.65809  0.36689
197417  13.79737902  0.66951583  18.81588  1.52509  2.48823  1.45827  0.78614
262686  13.89043481  0.69047396  15.01271  0.81461  2.11705  0.26635  0.13722
262688  13.906383  0.80269754  15.21115  0.39784  1.15483  0.14519  0.05801
262753  13.85131284  0.66005315  17.91763  1.40517  2.331  1.27921  0.65776
262791  13.89546219  0.83709615  17.58642  1.47023  2.34069  0.74642  0.43837
262805  13.92020048  0.76374392  18.41032  1.50141  2.17353  0.97041  0.51754
262945  13.85531302  0.6686391  19.19320  1.40754  2.21852  1.47886  0.78594
262966  13.91236968  0.82895265  19.40341  1.40967  3.42646  0.80596  0.46165
263034  13.85410168  0.6857504  19.57023  1.43048  2.19469  0.90722  0.51134
194252  13.78632909  0.85049923  15.66931  0.71076  1.57995  0.21986  0.12669
194300  13.8489606  0.85199268  14.98073  0.59948  1.42299  0.22413  0.11636
194306  13.85863724  0.846903  15.61437  0.32973  1.10577  0.11492  0.03858
194324  13.86870232  0.84250286  16.98594  0.38815  0.98441  0.15162  0.07264
194438  13.84988646  0.84781601  19.55454  1.0475  2.62283  0.39681  0.30991
131605  13.61649656  0.74737118  16.66269  0.43048  1.25291  0.14312  0.05382
131687  13.62152133  0.75253655  18.75877  0.74792  1.69025  0.2106  0.12527
197140  13.73028234  0.83560546  15.62153  -0.47558  1.18087  1.13116  0.17389
197261  13.77695487  0.67616834  14.28128  1.26225  1.01989  -0.33695  0.46904
197304  13.71421289  0.77793013  15.88214  1.03952  2.33655  0.43394  0.2373
197309  13.73820668  0.69603358  17.86155  1.07764  2.31668  0.40545  0.24369
197317  13.75543123  0.68136686  18.73453  1.43727  2.67632  1.21307  0.63141
197392  13.7487432  0.6848041  19.20415  1.41611  2.84489  0.72723  0.44467
262683  13.8872112  0.63974314  15.18985  0.26573  1.83244  0.69824  0.1069
262691  13.92468755  0.69407224  15.93912  0.44755  1.26139  0.15876  0.07068
262697  13.93217906  0.70618856  16.44546  0.43924  1.17975  0.16309  0.08547
262712  13.95402059  0.7312396  15.97832  0.50535  1.38078  0.17044  0.0761
262716  13.95587069  0.73594144  16.70140  0.68  1.79399  0.22161  -0.01838
262718  13.96696907  0.7762372  17.23034  0.31646  0.97191  0.11953  0.07036
262774  13.87191249  0.65953603  18.11577  0.84169  2.15233  0.2857  0.21122
262779  13.88055314  0.6650819  17.36955  0.9965  2.38739  0.36794  0.19294
262785  13.88350881  0.66004763  18.44546  1.41228  2.25547  0.98467  0.55076
262801  13.90042278  0.65673907  18.50357  0.8407  2.05883  0.31908  0.14664
262810  13.93283677  0.69821836  18.88484  1.26338  2.11114  0.50854  0.29647
262871  13.94704478  0.81116232  19.14705  0.94656  1.79909  0.36892  0.21439
262874  13.94832021  0.78274692  17.81826  1.44492  2.43797  1.05751  0.58753
262881  13.96264146  0.79195261  17.85240  1.35071  2.43317  0.68162  0.39174
262895  13.96563674  0.72382094  17.10758  0.83152  1.94429  0.3288  0.18123
262977  13.93993615  0.67290188  19.03513  1.6427  1.82563  1.71783  0.97138
263009  13.96750454  0.7676224  18.93637  1.32017  2.36506  1.23104  0.66264
263125  13.92031936  0.6901858  19.93116  0.38521  0.69864  0.13138  -0.04183
328214  14.06585741  0.79654203  14.18381  1.18681  0.78226  -0.33949  0.43019
328288  14.03140196  0.65095084  16.38007  1.19418  2.48293  0.47516  0.2661
328357  14.05505029  0.69608863  18.17434  0.67634  1.61681  0.24966  0.08107
328441  14.05702179  0.75516536  19.03506  1.51019  2.56096  0.76894  0.43242
258140  13.69358479  0.60077387  19.88915  0.4673  1.51667  0.09742  -0.00618
323499  13.89236133  0.54199464  17.61383  1.27067  2.58392  0.54251  0.29186
388878  13.9686673  0.57709735  14.36721  1.69085  1.97495  -0.68507  1.10282
388910  14.01684894  0.62197576  16.25809  0.70363  1.81575  0.25823  0.1065
389037  14.0061053  0.61846903  18.77911  0.31004  1.01346  0.13002  -0.01541
128712  13.67787746  0.92164278  15.96013  0.39286  1.11869  0.1192  0.04978
128767  13.76725452  0.8771392  15.21410  0.50075  1.59581  0.14277  0.05321
128790  13.64260941  0.86686491  17.70788  1.03872  2.26616  0.36976  0.22712
128806  13.67679351  0.91109951  18.77385  0.39225  0.90754  0.13879  0.04436
128814  13.68126519  0.9203663  19.37846  0.46454  1.08201  0.12915  0.07836
128851  13.73739302  0.96024602  18.25182  1.348  2.37877  1.07244  0.60872
128863  13.75738718  0.84805695  18.65861  1.24191  2.41372  0.4467  0.30122
128869  13.76332733  0.97331894  19.79514  0.38969  0.94013  0.14847  0.10799
129367  13.76486559  0.87152564  19.96562  1.26207  1.83326  0.48581  0.2796
194303  13.8494413  0.90374447  15.08608  0.52993  1.61871  0.15864  0.06655
194326  13.88420486  0.88530176  15.78011  0.33317  0.9595  0.11887  0.05256
194346  13.77644995  0.98374379  16.80164  1.39245  2.59258  0.63308  0.35443
194359  13.81739459  0.87413686  19.23352  1.03474  2.04618  0.36295  0.19931
194364  13.82263002  0.88399755  19.38374  0.36355  1.1849  0.15001  0.03006
194375  13.86318341  0.87914412  19.06486  0.46746  1.09269  0.18635  0.08966
194378  13.86993266  0.89360199  18.45687  1.41142  2.42516  1.08599  0.60301
194387  13.89347193  0.97892536  17.85841  1.04665  2.40822  0.39015  0.24082
194417  13.86159455  0.87245213  18.95890  1.49775  2.16196  1.10776  0.62269
194426  13.89108765  0.86237416  19.73282  1.49384  2.62683  0.76858  0.47364
194430  13.89779999  0.86761146  19.69717  1.53115  2.98135  1.64243  0.92486
259788  13.94585106  0.96386588  15.63717  0.48507  1.2493  0.17931  0.1031
259792  13.9462765  0.84469197  13.50561  0.92834  1.70829  0.21431  -0.41876
259843  14.04683204  0.85505156  14.76597  0.84519  2.13014  0.28015  0.16762
259859  13.92696018  0.84379915  18.11926  0.38349  1.12613  0.12934  0.10976
259973  14.04339173  0.85130956  19.47096  1.10071  2.77145  0.4066  0.28482
066185  13.54991781  0.79637499  17.38701  1.33578  2.40035  0.65954  0.36981
131587  13.55925218  0.76715599  14.34479  1.13931  1.50327  -0.31765  0.1696
131596  13.56724034  0.66523068  13.35451  2.5432  1.26221  0.69534  -0.6517
131601  13.57764577  0.63088481  14.76655  0.55489  1.69689  0.34346  0.13243
131608  13.62824199  0.67138155  14.89969  1.05544  2.43965  0.33355  0.18152
131651  13.55394576  0.83252844  18.08278  0.57689  1.33  0.22267  0.06033
131653  13.55712003  0.81571251  18.68477  1.48265  2.30511  1.17846  0.61935
131666  13.58250841  0.63275018  16.29377  1.20463  2.46811  0.44889  0.26325
131669  13.58560544  0.74014776  17.37959  0.70773  1.71218  0.24881  0.13913
131672  13.59674031  0.73332255  18.05566  0.41246  1.05414  0.15022  0.05438
131677  13.60035652  0.80124463  16.44117  0.97093  2.31648  0.32175  0.18493
131724  13.55800932  0.7508856  19.40261  1.40219  1.85937  0.59691  0.3215
131736  13.6006011  0.7833855  19.10851  1.52681  2.08187  1.28584  0.67003
131741  13.63646542  0.63815832  19.65159  1.53389  3.05526  1.44178  0.7703
328217  14.07053171  0.71305497  15.89742  0.49942  1.33094  0.17607  0.06216
328223  14.10929946  0.69690185  16.97547  1.66591  4.12014  0.95595  0.43584
328238  14.11526263  0.80826946  15.50175  0.60737  1.54172  0.21581  0.11031
328240  14.1165335  0.82986427  17.26806  0.26404  0.91307  0.10102  0.00663
328292  14.05606382  0.67363573  18.33696  1.54292  2.40881  1.15622  0.6261
328361  14.06955463  0.80413258  19.81041  0.17877  0.1411  -0.07882  0.22649
328376  14.08601547  0.73762761  19.06715  0.34034  1.00079  0.10832  0.06792
328379  14.08905068  0.80500852  18.32367  0.36128  0.90936  0.1211  0.04733
328384  14.09346727  0.63096532  17.62871  0.66204  1.70293  0.20982  0.11784
328428  14.03909617  0.64217057  19.48985  1.36355  2.56503  0.78374  0.41434
328466  14.12166835  0.79862138  19.77685  1.5271  1.68819  0.84794  0.48999
328833  14.08688666  0.71470629  19.90730  1.37853  2.19119  0.60812  0.30246
660273  13.77149916  1.04833919  18.84682  1.56297  2.31503  1.08752  0.61427
192425  13.58820692  0.61287644  18.24008  1.41334  2.45087  1.45664  0.74394
192433  13.60978962  0.60372005  17.89224  1.47682  2.35205  0.78954  0.42072
257810  13.67097593  0.53949655  17.58895  -0.77532  1.28817  1.57106  0.34094
257820  13.69012041  0.58323773  17.12919  -1.11804  1.04344  1.8227  0.32302
257821  13.69266927  0.5783054  19.14189  1.37551  2.20474  1.01794  0.53945
257859  13.74515207  0.48820752  17.57257  0.47404  1.29759  0.16616  0.07483
257862  13.74832039  0.4852968  14.37309  1.19727  1.88973  -0.03369  0.30763
257912  13.66931673  0.53018978  16.20708  1.14857  2.45005  0.42296  0.23736
257915  13.67471197  0.57757004  17.81014  1.45864  2.49896  1.1354  0.60031
257968  13.73977314  0.53472775  17.83810  0.87334  2.10062  0.32465  0.16862
257970  13.74135554  0.52630711  19.23258  0.4702  1.09144  0.13071  0.07667
257972  13.74153261  0.49526421  18.53401  0.86277  2.03286  0.32768  0.204
258020  13.67004819  0.58474077  19.33404  0.96971  2.00589  0.34643  0.20178
258026  13.69214056  0.55765502  19.48438  1.46805  2.64011  0.613  0.40255
258028  13.73159643  0.56212211  19.67651  1.21014  2.35394  0.4335  0.30512
258032  13.75687535  0.54220781  19.51786  1.73688  2.61092  0.8301  0.43721
258057  13.69437146  0.56114222  19.61807  1.56072  1.93668  1.23559  0.66065
258161  13.70582196  0.50577981  19.79922  0.69014  1.53127  0.2564  0.18331
323340  13.78004943  0.51633273  17.18698  0.51975  1.35373  0.20504  0.10961
323347  13.79911839  0.51128143  16.54888  0.24756  0.95053  0.09785  0.01703
323348  13.79972363  0.51309188  19.94850  1.35066  2.69641  1.03246  0.55652
323391  13.88315542  0.52795583  16.28501  0.86864  2.14729  0.30571  0.1736
323396  13.90145122  0.5410884  15.57307  0.82763  1.91611  0.14378  0.13846
323433  13.79500836  0.53389917  18.49106  0.48833  1.19866  0.19201  0.00927
323607  13.78799451  0.52647358  19.93402  1.4358  3.53131  0.92712  0.50466
388871  13.95352177  0.49426002  18.61270  0.0162  0.23128  0.14371  0.14684
388875  13.96187052  0.55338099  15.80271  0.93475  2.23117  0.34787  0.19266
388892  14.00630433  0.59802798  16.40771  0.60533  1.65384  0.22511  0.11397
388907  14.01283056  0.58466978  16.59937  0.34085  1.06554  0.12816  0.03368
388914  14.01793571  0.53534333  15.15027  0.55162  1.2289  0.07028  0.14212
388922  14.02573603  0.61245365  16.42885  0.62493  1.77341  0.23192  0.08419
388933  14.05295459  0.58373262  15.09930  1.23597  2.13025  0.14744  0.33876
388995  13.93558737  0.49307833  19.33554  0.97543  2.63214  0.3959  0.24159
389007  13.95038513  0.54434976  17.44276  1.01459  2.46495  0.36436  0.20848
389012  13.95355561  0.55996194  17.69176  1.37393  2.55101  1.29554  0.70213
389040  14.00691082  0.5883663  18.50723  0.40838  1.06074  0.1493  -0.11581
389047  14.01046464  0.53528517  16.34136  1.22231  2.5216  0.497  0.27781
389053  14.024772  0.54064737  17.06297  1.39446  2.63626  1.20117  0.62727
389057  14.0320154  0.54926996  18.75602  0.53386  1.26311  0.19049  0.06996
389070  14.06784616  0.60816554  17.82479  1.37091  2.64439  1.40719  0.72408
389076  13.92268067  0.54264359  19.79060  1.4798  2.48539  1.34948  0.73891
389106  14.03144325  0.60659508  19.76747  1.50352  2.68947  1.23003  0.64698
454512  14.07333197  0.59141436  14.91304  1.0646  1.68623  0  0.37098
063267  13.59341869  0.91532933  14.55206  0.67206  1.7316  0.21841  0.11251
063270  13.6009862  0.91504137  15.04791  0.68592  1.81865  0.20662  0.10569
063271  13.59803123  0.91378676  19.79101  1.49612  2.50253  1.25719  0.65433
063355  13.57193226  0.85235953  18.72040  0.69687  1.31591  0.24409  0.18977
063360  13.59268747  0.904218  16.88239  1.46259  2.50124  1.04387  0.56331
063423  13.61864881  0.95894753  19.97106  0.33556  0.89369  0.06779  0.01659
063473  13.61542564  0.84053637  19.81146  0.84599  1.43288  0.27725  0.22465
128708  13.62177926  0.94895072  16.32229  0.7252  1.88449  0.24092  0.15793
128751  13.72184646  1.02921451  14.85055  0.50543  1.46542  0.15089  0.04416
128762  13.74404453  1.02610999  16.23341  0.47819  1.3027  0.15633  0.05418
128801  13.66412282  0.93478555  17.74566  0.87164  2.04781  0.34286  0.18786
128826  13.70864913  0.97923297  18.75010  1.63173  2.52449  1.5943  0.85866
128829  13.71684456  0.98432814  17.41030  1.48066  2.67777  0.88005  0.50829
128846  13.73083799  0.97793054  16.16718  1.25425  2.65918  0.46712  0.25851
128853  13.73836728  0.99904152  17.44275  1.39104  2.50402  0.86231  0.52923
128891  13.66811046  0.92722265  19.17681  1.31084  2.84837  0.54829  0.27271
128944  13.6330794  0.89215368  19.96035  0.66997  1.55923  0.2613  -0.06494
194296  13.83665197  1.01879812  14.53305  0.49216  1.31856  0.1809  0.07107
194315  13.86267238  1.00038361  14.27518  0.53586  1.48301  0.17176  0.06291
194319  13.8688371  1.00188328  14.31875  0.64072  1.68393  -0.35655  0.68309
194343  13.7738694  0.99373973  16.98502  1.18422  2.53843  0.47171  0.2506
194348  13.77709473  1.00039737  19.01133  1.34607  2.64749  0.90107  0.52412
194357  13.80911295  1.04367614  18.09707  1.11988  2.51659  0.44551  0.2425
194371  13.86132037  0.99575485  18.49237  0.31695  0.92796  0.10424  0.06704
194373  13.86123825  1.04720667  18.19851  1.41999  2.83943  0.864  0.48267
194393  13.90826164  1.03454139  18.01512  0.83819  2.01118  0.31386  0.17645
259806  13.957878  0.97299783  15.03770  1.30289  2.6656  0.53182  0.32801
259807  13.95766372  0.97205874  16.61885  1.43234  2.5684  0.87912  0.56884
259808  13.95763259  0.97581801  19.15952  1.46871  2.13631  1.04111  0.57018
259837  14.03712089  0.91714193  14.26185  0.73477  2.14599  -0.05658  0.056
259850  14.06332885  0.88840658  14.28645  0.37065  1.17482  -0.21004  0.36852
259870  13.95262039  0.96766307  18.13240  0.65578  1.78732  0.21936  0.13392
259871  13.97636957  0.97045757  19.83406  0.41372  0.9906  0.10744  -0.0314
259881  13.98898318  1.00380885  16.86107  1.39956  2.63453  0.63643  0.36214
259892  14.01865518  0.91535392  18.25642  0.50897  1.31369  0.19984  0.09894
259894  14.0227537  0.98890677  18.15188  0.50709  1.35768  0.20455  0.10619
259897  14.02413384  0.91947076  18.25258  0.7384  1.95303  0.26095  0.1364
259922  14.03840306  0.88998389  17.92966  1.18282  2.38153  0.48179  0.31117
259934  14.04793306  0.96581019  19.60280  0.05756  0.43255  -0.07449  0.02164
259936  14.05248288  0.89413922  18.41979  1.44567  2.42159  1.00028  0.54659
259943  14.05565161  0.90109019  18.61059  0.97558  2.4565  0.34809  0.24654
259955  14.06254196  0.85003722  17.71707  0.45991  1.27036  0.15402  0.11949
259963  13.93178497  1.02674675  19.36662  1.41719  2.62841  0.71151  0.48037
325370  14.07477075  0.92464093  18.18892  1.36086  2.43701  0.7407  0.44375
325401  14.11061352  0.85346895  18.39781  1.4809  2.46951  0.98148  0.63178
325442  14.07807526  0.86154308  19.69164  1.45343  3.19054  1.04393  0.63864
066114  13.52426352  0.76332737  17.07479  0.41559  1.03739  0.15076  0.05141
066119  13.53844847  0.7267674  15.29614  -0.05617  1.56014  0.65175  1.12347
066120  13.53120439  0.7194703  15.33760  0.01349  1.42275  0.72471  0.12305
066169  13.51438129  0.713873  16.11222  1.45664  2.47733  1.11703  0.60152
066177  13.54005072  0.80099145  17.81087  1.16406  2.23734  0.40443  0.2255
066181  13.54733552  0.69545668  17.57894  0.75605  1.69416  0.31404  0.17613
131591  13.56593573  0.78047935  15.42403  1.11294  2.35788  0.41755  0.24111
131603  13.58737181  0.70708233  16.37747  0.65926  1.60286  0.23104  0.11125
131632  13.68071839  0.72392042  14.86317  0.41073  1.09955  0.14316  0.05356
131634  13.69687884  0.65681104  14.76639  0.38307  0.98997  0.11866  0.05425
131636  13.69736548  0.78123717  15.16817  0.42582  1.13823  0.14659  0.0662
131639  13.69956037  0.80460456  17.79445  0.38295  0.96742  0.193  0.10524
131655  13.57105846  0.80639751  19.20566  0.31482  0.86312  0.12368  0.0751
131657  13.57176108  0.73874627  18.78495  0.39048  0.97028  0.15617  0.05549
131661  13.57576761  0.7367684  19.34308  0.7221  1.64721  0.17439  -0.03553
131663  13.57749401  0.81893986  17.69740  0.58165  1.43967  0.19167  0.06592
131681  13.60480324  0.63695447  18.92018  1.13049  1.99355  0.44609  0.2028
131684  13.61596655  0.63511153  16.69509  1.31199  2.63273  0.49037  0.27274
131700  13.65339615  0.81034345  18.80769  0.68794  1.76489  0.18514  -0.28096
131713  13.6792096  0.7154301  17.74499  1.35607  2.73713  0.5699  0.32578
131719  13.69236309  0.70112397  18.73010  0.44775  0.26668  0.32491  0.03242
131726  13.57138015  0.74868727  19.38650  1.33617  2.09036  0.8605  0.45392
131753  13.66575355  0.75130158  19.50657  1.3782  3.08998  0.63946  0.37757
131760  13.6880863  0.66766734  19.02932  1.41504  2.42319  1.43359  0.78126
131782  13.64817188  0.75425923  19.91839  1.52987  2.49661  1.05726  0.52753
131785  13.68549175  0.7579518  19.80385  1.55746  1.50775  1.1696  0.6242
131788  13.69990136  0.70727174  19.65946  1.60481  2.03518  1.3436  0.76045
197133  13.71402574  0.67219217  13.74915  1.70264  1.62354  0.35088  -0.10712
197312  13.74705086  0.64447449  18.53204  1.44439  2.20621  0.92565  0.53458
197397  13.76834205  0.63417989  19.04833  1.52546  2.5112  1.07813  0.60267
262720  13.97939512  0.65134285  16.64131  0.41826  1.11931  0.13813  0.07999
262723  13.98209089  0.68711627  13.52004  0.95125  1.24449  0.15226  -0.37706
262734  13.99573082  0.76154308  15.27386  0.3933  1.10135  0.14654  0.06108
262817  13.9524838  0.65348959  18.91946  2.07643  0.63613  0.18735  -0.1974
262914  13.9775675  0.66537294  17.33043  1.44505  2.49668  0.6784  0.40676
262917  13.97903964  0.80615103  17.15226  0.63973  1.58962  0.23805  0.11782
262919  13.98054535  0.77850857  18.89704  1.40387  2.3394  0.72314  0.44237
262925  13.98935648  0.67745772  18.04457  1.39378  2.37302  1.13224  0.59458
263014  13.97793569  0.67016305  18.74166  1.42113  2.99216  1.05709  0.59099
263015  13.97940542  0.67198129  19.12065  1.44246  1.96917  1.33382  0.71365
328258  14.14211545  0.78137152  16.70180  0.53787  1.39434  0.17431  0.0717
328282  14.024561  0.77982666  17.53670  0.65009  1.59327  0.27297  0.1516
328285  14.02705187  0.75985614  19.57161  1.72136  2.62173  1.05781  0.64822
328286  14.02769858  0.75771238  18.97341  0.74239  1.84383  0.25049  0.0812
328373  14.08491215  0.67086791  18.71237  1.34276  2.39038  0.74552  0.41612
328388  14.09638726  0.783504  18.07718  1.25759  2.36238  0.56467  0.31376
328391  14.09950257  0.70590647  18.37615  1.49913  3.43053  0.98382  0.47104
328395  14.10480363  0.82815711  18.16844  1.17417  2.187  0.42347  0.24842
328402  14.11753339  0.64364732  18.02615  0.80916  1.77044  0.29706  0.17261
328408  14.13046509  0.66530559  15.89074  1.35049  2.56616  0.60621  0.32704
328409  14.13125928  0.66509546  19.17016  1.4418  2.37071  1.41495  0.71752
328420  14.14503107  0.76823096  19.14445  0.55393  1.28548  0.16407  0.14695
328448  14.12489385  0.67792133  19.78363  1.51207  1.77117  1.02585  0.60502
328450  14.12650135  0.68974004  19.40082  1.36406  2.1406  0.54935  0.14879
328452  14.1416218  0.75074292  19.37652  1.47014  3.11668  0.84615  0.44871
328471  14.12952185  0.71155366  19.60024  1.46675  1.54391  1.32308  0.70286
328474  14.14302951  0.80283986  19.62696  1.43932  1.85646  0.87106  0.49945
328858  14.0990731  0.7141479  19.87688  1.04845  1.53053  0.38197  0.21666
393831  14.16761098  0.81102657  16.41700  1.13024  2.43778  0.44938  0.27462
393834  14.16959833  0.72364699  17.76422  1.18621  2.31545  0.45622  0.27749
920537  14.14357083  0.62991892  18.82454  0.30125  0.9369  0.14113  0.07846
192308  13.57681709  0.5874981  17.71904  0.40703  0.94373  0.17733  0.09963
192313  13.60324334  0.58172093  16.22410  0.47045  1.22395  0.17083  0.06591
192431  13.59794532  0.57085037  16.62057  1.40795  2.54432  0.70603  0.40329
257799  13.65917347  0.50891132  15.19305  0.51627  1.33859  0.19378  0.1489
257817  13.6780918  0.5180507  17.13133  0.45644  1.20472  0.16237  0.07867
257856  13.74286958  0.62826008  17.33779  0.53567  1.30258  0.19282  0.0943
257881  13.64019705  0.57426443  18.37633  1.44565  2.43123  0.82751  0.46968
257883  13.64332228  0.58082048  19.97230  0.15843  1.01057  0.01151  -0.03149
257885  13.6451317  0.59082311  18.32772  1.46781  2.72811  1.39745  0.7368
257891  13.65447678  0.51341024  17.292  1.38229  2.63899  0.61701  0.35176
257910  13.66733015  0.5700792  19.15486  0.47337  1.20165  0.17686  0.11428
257956  13.71801398  0.52893429  18.41546  1.60036  2.30084  1.71122  0.95441
257964  13.73817124  0.4494955  18.97800  1.00359  2.35669  0.36943  0.16926
257992  13.75028992  0.61660484  19.59254  0.39364  0.95066  0.13617  -0.21301
258030  13.75582684  0.6209012  18.90974  1.4651  2.84615  1.50285  0.76695
258042  13.63527172  0.54321327  19.60573  1.39465  2.03686  0.64179  0.38084
258464  13.69614131  0.5022537  19.77428  1.4046  2.59942  0.59302  0.32051
323333  13.77213333  0.58797505  13.52846  2.86177  0.25692  0.17959  -1.00506
323344  13.78527574  0.59485746  16.47778  0.45764  1.08459  0.18374  0.09518
323353  13.8258514  0.5729544  16.99281  -1.02537  1.24996  1.72376  0.22925
323355  13.83651947  0.60387267  16.37475  0.61993  1.62467  0.22416  0.11079
323357  13.8665674  0.59351655  17.10783  0.29789  0.95697  0.11614  0.03382
323362  13.87126828  0.61870157  14.74857  1.49999  2.43878  0.0224  0.22309
323363  13.87083041  0.61546701  16.59116  1.44252  2.53379  0.89773  0.46991
323364  13.87018912  0.61871396  16.98505  0.80168  1.73994  0.25352  0.13911
323374  13.87434625  0.46777958  15.98013  -0.05265  -0.1435  0.82549  1.32635
323399  13.90197798  0.51094336  15.60839  0.92446  2.2967  0.31853  0.17233
323403  13.9190658  0.59771476  17.20723  1.46148  2.32135  1.06956  0.57017
323423  13.92006848  0.47532972  16.73691  0.67932  1.79648  0.21762  0.11458
323425  13.77943651  0.59965181  19.24588  0.43957  1.08027  0.17584  0.11498
323427  13.78346914  0.582317  18.15059  1.0522  2.44087  0.38246  0.19746
323435  13.82288715  0.58251581  16.54889  1.48362  2.5326  1.08429  0.5831
323437  13.83747308  0.46299099  17.92071  0.91741  2.35777  0.34198  0.18823
323439  13.83849581  0.49616002  17.39217  1.41455  2.60521  0.72029  0.42421
323445  13.85479215  0.46276823  19.03330  1.24332  2.83973  0.53887  0.29234
323472  13.85987364  0.62470118  16.84075  1.29637  2.4709  0.514  0.30186
323474  13.86599228  0.5045767  18.25891  1.44436  2.99569  0.71419  0.39839
323489  13.8759424  0.62410087  18.51418  1.35026  2.30169  1.43851  0.7547
323494  13.88911016  0.43626268  19.32764  1.3574  2.4328  1.32092  0.54767
323516  13.92086399  0.44451702  17.73861  0.74854  1.89929  0.26124  0.14505
323539  13.81010967  0.58666032  19.96521  0.7051  1.58233  0.23398  0.23468
323541  13.81861048  0.60166058  19.49524  1.47826  3.49784  1.26435  0.74887
323567  13.79529253  0.50189786  19.73945  1.418  2.7247  0.94705  0.51779
323572  13.84233242  0.46296668  19.89807  1.44786  1.66011  1.20111  0.60768
323706  13.91555005  0.61625157  19.87294  0.53759  1.25786  0.22425  0.0959
388905  14.00779089  0.55597138  15.64280  0.344  1.25201  0.24948  0.07567
388986  13.93139847  0.5951097  18.36607  0.39657  1.16615  0.15715  0.09292
388999  13.94372654  0.60820704  16.99552  0.68439  1.62408  0.3129  0.14694
389001  13.9444156  0.45048908  17.49218  0.49605  1.41704  0.18628  0.06734
389005  13.94806106  0.51476711  19.79369  0.25381  0.97877  0.09494  0.15975
389017  13.95812669  0.48312062  18.16547  1.4819  2.65245  0.80185  0.45611
389031  14.00216361  0.5190066  17.33700  1.26233  2.60091  0.57302  0.32435
389055  14.02819272  0.51083168  18.25858  1.46767  2.56111  1.1209  0.61285
389059  14.04732852  0.60469859  18.17522  1.33507  2.36813  0.75648  0.39651
389079  13.9229347  0.46194461  18.98413  1.54727  2.99183  1.23594  0.66649
389121  14.05184825  0.58980563  19.55654  0.72186  2.29406  0.25704  0.17466
389128  14.05873066  0.61380252  19.39067  1.42149  2.56419  1.31028  0.65653
389244  13.94389899  0.52578292  19.93362  0.58943  1.32522  0.23268  -0.04827
454506  14.07104534  0.57508935  16.16591  0.54729  1.52272  0.19104  0.06588
454517  14.07562011  0.56205475  16.13894  -1.17834  0.96548  2.53577  -0.42321
454594  14.11361215  0.5779625  17.70348  1.37406  2.4506  0.61496  0.32003
063224  13.55400044  0.85765226  16.05475  0.56336  1.42537  0.18391  0.11111
063265  13.57726832  0.96281795  18.14958  0.1627  0.30456  0.79094  0.69098
063278  13.61594209  0.90384002  16.97478  0.70649  1.66989  0.26256  0.14472
063324  13.54366876  0.86059943  17.43999  1.46909  2.4747  1.10144  0.62963
063357  13.59224339  0.88117581  19.08774  0.98461  2.34918  0.3456  0.26846
128710  13.62487008  1.01601844  15.83575  0.63781  1.61703  0.24766  0.12856
128735  13.70523848  0.86134553  14.5546  0.49116  1.4846  0.13248  0.03536
128786  13.64053649  1.00939395  18.71640  1.49273  2.44014  1.42322  0.76386
128792  13.65157262  0.95477384  19.30939  0.74355  1.71342  0.28008  0.09342
128804  13.67375918  0.96490637  18.11458  1.17258  2.42005  0.42506  0.26541
128812  13.67943255  1.02031071  18.24990  1.43159  3.16407  0.75171  0.46262
128818  13.68675855  0.98710615  17.19904  1.39126  2.38812  0.68088  0.39674
128820  13.69002555  0.881478  18.13771  1.43008  2.30256  0.79864  0.46566
128822  13.69498587  0.84143283  17.24005  0.75136  1.84133  0.27092  0.14207
128834  13.72158923  1.00592367  18.15748  1.19073  2.67048  0.4984  0.27918
128838  13.72892991  1.01745446  19.12790  0.20069  0.25561  -0.03035  0.16313
128849  13.73676353  0.87533077  17.86865  0.55387  1.40888  0.17321  0.10022
128858  13.74634011  0.92847997  17.92303  0.57098  1.4773  0.18431  0.12538
128894  13.67692734  0.86588622  19.44151  1.38801  2.51237  1.12107  0.63781
128900  13.69979919  0.8734882  18.95262  1.35567  3.05315  0.58107  0.34445
128905  13.71387572  0.89548886  19.35469  1.4854  2.08952  1.03236  0.58072
128907  13.74596373  0.91019135  19.90633  1.40206  3.35675  1.22186  0.68783
128912  13.63591224  0.95259191  19.82076  1.44643  2.24207  1.30504  0.73029
128925  13.74222166  0.91455708  19.85389  1.50146  2.75502  1.23468  0.68519
194284  13.80407891  0.94992263  17.37778  0.4021  1.16419  0.13063  0.04653
194287  13.80938682  1.03083904  14.89193  0.21312  1.03658  0.04018  -0.02407
194289  13.81204774  0.90483822  15.86333  0.39364  1.18331  0.13547  0.04997
194292  13.81527175  1.03175091  14.90745  0.30009  1.0767  0.09127  0.00895
194360  13.81771349  1.02770882  19.85843  0.37183  0.93208  0.19719  0.08261
194385  13.89001649  0.94677391  18.10692  1.55902  2.50894  1.0616  0.60781
194391  13.89547574  1.0206898  18.05169  1.20681  2.45955  0.4228  0.2649
194400  13.91731371  0.94036254  17.41625  1.05177  2.58791  0.40492  0.23938
194407  13.79393771  1.02099807  18.91424  1.57574  3.13491  1.73197  0.93891
194409  13.80088522  0.91959523  19.73452  1.39757  2.34912  1.28004  0.72792
194419  13.86405237  1.03881426  19.16219  1.44561  1.64725  0.73381  0.3981
194448  13.90737077  0.91961652  19.99295  1.47506  1.68477  0.78769  0.44829
259779  13.93464316  1.01316847  15.71863  0.43466  1.21708  0.15153  0.07839
259783  13.94169902  1.04530295  14.40244  0.79151  2.12759  0.25287  0.14352
259799  13.95025708  0.88080706  14.93572  0.47912  1.35801  0.15407  0.07519
259801  13.9571664  1.0400464  15.93123  0.47546  1.32946  0.16023  0.08597
259817  13.98821919  0.84019225  15.23260  0.42759  1.26394  0.15553  0.07468
259821  13.99234297  0.88294304  15.52604  0.0204  1.66481  2.41535  -0.38122
259831  14.02769138  1.00579602  14.69123  0.62304  1.67447  0.19537  0.10307
259841  14.0465723  0.9274202  16.72581  0.55549  1.43716  0.1856  0.11344
259856  13.92342007  1.02241297  18.41744  1.4525  3.15744  1.31189  0.73501
259861  13.92916572  1.00864759  18.32547  1.34926  2.69739  0.88777  0.52557
259867  13.94772232  0.88466464  18.47602  0.36614  0.90334  0.13512  0.07721
259873  13.97640096  1.04427935  17.93746  1.44387  2.51408  0.90873  0.55662
259875  13.97962772  0.84919134  19.44736  -0.01166  1.02101  -0.07116  0.06932
259884  13.9973404  0.86967751  18.52539  0.44162  1.15198  0.1583  0.10228
259890  14.01275278  0.96654662  18.51673  0.74524  1.96064  0.26919  0.14742
259903  14.02878707  0.99310164  18.63323  0.38803  1.12207  0.12978  0.09123
259927  14.04071149  0.98465643  18.67832  1.30726  2.70086  0.55904  0.3094
259952  14.05740887  0.91436218  16.45289  1.42752  2.57237  1.27714  0.67974
259967  13.9622235  0.86873578  19.52653  1.43724  2.92246  1.1915  0.64481
259968  13.98513378  0.989349  19.75169  0.47828  1.35782  0.21647  0.10566
259976  14.06973987  0.89637179  19.14995  1.51737  2.54054  0.89551  0.53078
259984  13.94837992  0.89623345  19.90792  1.38869  1.96587  0.76694  0.56832
325320  14.13096599  0.91290437  15.63672  1.06836  2.46297  0.35406  0.19778
325331  14.15682186  0.84362219  14.49461  0.83901  2.08708  -0.01078  0.4744
325366  14.07116661  0.95551703  17.23215  1.4636  2.59516  1.13128  0.62955
325372  14.07962779  0.99161051  17.89256  0.48676  1.42697  0.13196  0.10137
325376  14.08283183  0.85598515  19.36025  0.57221  1.62705  0.25082  0.18759
325378  14.08345002  0.94416948  19.38525  0.60866  1.57643  0.17206  0.12568
325386  14.08940064  0.95889025  18.04583  0.75015  1.74618  0.26777  0.22202
325389  14.0937406  0.91858805  16.95734  1.26388  2.62756  0.52539  0.32574
325397  14.10431328  0.89716432  18.24894  0.61183  1.63792  0.20073  0.15083
325412  14.13845547  0.89794142  18.82841  0.69934  1.68469  0.24054  0.16113
325439  14.07534119  0.89924921  19.09052  1.44491  2.45734  1.28932  0.72058
325443  14.08249773  0.88534174  19.66628  1.21357  2.13656  0.46517  0.39178
325445  14.08790774  0.93737726  19.24581  1.39243  3.39327  0.76683  0.50577
333039  13.79736591  1.0652418  15.98267  0.44376  1.24846  0.13301  0.04224
333111  13.75756941  1.05158824  18.72526  1.41282  2.10051  0.67797  0.37352
398510  13.84290706  1.09281996  17.45900  0.51555  1.35288  0.19536  0.09025
398539  13.94181715  1.07887084  19.04682  0.28646  0.90399  0.13118  0.01786
398592  13.87762885  1.0602117  18.96056  1.39365  2.30086  0.72159  0.39402
398639  13.86445789  1.06682355  19.96915  1.36091  1.96687  1.35131  0.69936
398801  13.82857435  1.06569524  19.77753  1.02326  1.86821  0.36909  0.24503
464002  13.97190769  1.06417701  17.03772  0.29539  0.96021  0.10734  0.06078
066171  13.51713774  0.7308603  18.50509  1.19042  2.33559  0.46131  0.26203
066174  13.52652287  0.70687834  17.69085  0.96526  2.19352  0.35163  0.2027
131613  13.6356147  0.74369441  15.24371  0.67769  1.70853  0.24582  0.12535
131617  13.63995274  0.68476352  14.18873  0.69479  1.40278  0.03247  0.14041
131621  13.64703478  0.72448565  16.86933  0.43976  1.16046  0.15174  0.06795
131624  13.65481914  0.64937488  13.05461  0.81251  2.02651  0.15423  -0.66195
131690  13.63581969  0.75009179  17.94575  0.53301  1.23437  0.21581  0.11568
131691  13.64193049  0.82203964  19.88711  0.2515  0.93864  0.11655  -0.06056
131693  13.64310341  0.75180382  18.41823  1.32499  3.08047  0.52834  0.28659
131695  13.6498088  0.82054154  16.80735  1.35662  2.61881  0.62141  0.34782
262921  13.98569006  0.63431144  17.55659  0.54567  1.17622  0.15938  0.12224
262928  13.99651874  0.648372  18.08579  1.42826  2.61457  1.01897  0.52695
263623  13.98599463  0.63126336  19.79705  1.36203  2.11794  0.52093  0.33072
328211  14.02768577  0.81605611  15.99926  0.67971  1.79516  0.22856  0.11086
328243  14.13578662  0.64801347  13.74446  2.04289  0.95617  -1.805  1.73726
328250  14.14069334  0.6617464  13.97664  1.54643  1.21062  -1.02417  1.15242
328343  14.04213205  0.69753602  19.14241  0.61024  1.40553  0.30053  0.10039
328354  14.05282209  0.78362894  18.29224  1.33835  2.76604  0.53999  0.30438
328355  14.05414056  0.78425721  19.66546  1.24946  2.23516  0.53405  0.24698
328417  14.14367114  0.6506893  17.29004  1.2675  2.2732  0.57629  0.34593
328432  14.04207626  0.71899438  19.52349  1.39632  2.60662  0.81462  0.41948
328433  14.04373516  0.71810442  19.98077  0.67731  1.69505  0.25234  -0.00497
328436  14.04931617  0.77727111  19.15974  1.04379  1.71932  0.41169  0.17057
393819  14.15588129  0.70485868  17.33914  0.53224  1.34537  0.18338  0.08693
393823  14.16490802  0.77323512  18.55121  0.31486  0.88129  0.10923  0.11046
723785  13.67675645  0.62846293  17.95438  1.54041  2.40191  0.78369  0.44489
192423  13.58827893  0.56988761  16.38211  1.22488  2.63251  0.46792  0.25172
257841  13.7260053  0.46019594  13.41632  0.8591  1.95498  0.14851  -0.87601
257887  13.65142946  0.50796543  16.25788  1.17536  2.47999  0.42768  0.24355
257952  13.71170775  0.59147807  17.77142  1.41712  2.38529  0.96554  0.54882
257977  13.7446737  0.45756533  16.20033  1.39018  2.54292  0.6515  0.36491
323351  13.82546815  0.44737009  15.60573  0.86847  2.11237  0.59798  0.26544
323447  13.85689267  0.5478083  18.71520  1.42061  2.26649  0.67801  0.3736
323491  13.88453569  0.56565081  17.01627  1.2961  2.44813  0.52562  0.30129
323506  13.9056688  0.44747051  18.46411  1.39421  2.56647  0.68804  0.37249
388889  13.98624697  0.6154393  16.55072  0.35402  1.10167  0.13888  0.0128
388897  14.00792223  0.49541803  13.30024  2.7892  -0.11897  0.14653  -0.94207
388988  13.93195497  0.45372467  18.55218  1.38709  2.44583  1.36507  0.7291
388997  13.93599627  0.57840813  19.91451  0.20346  1.00889  0.06358  -0.00609
389003  13.94430116  0.46525927  18.26052  1.31921  2.61758  0.59475  0.36308
389009  13.95094442  0.46747557  18.73881  0.67704  1.67913  0.29773  0.14208
389096  13.99825964  0.6207598  19.62825  1.09554  2.51082  0.4183  0.24461
389112  14.04192772  0.51400228  18.66592  1.46571  2.45797  1.25372  0.69986
454664  14.11672657  0.6083771  18.95273  1.43531  2.65871  1.30782  0.68646
063239  13.56900884  0.94434089  14.48572  -0.0744  1.67568  -0.97057  1.82974
063335  13.55328134  0.9024511  18.50564  0.72246  1.72998  0.23642  0.11629
063353  13.5681333  0.9340752  19.15905  0.63714  1.39534  0.2614  0.11428
128764  13.75158724  0.94373907  18.70996  0.17235  0.18149  0.14194  -0.07034
128773  13.76766415  0.96236489  13.23173  0.392  2.05832  0.17862  -0.70295
128785  13.63867087  1.01051792  18.13207  1.47468  2.36095  1.44317  0.77791
128788  13.64032778  1.01613185  19.52282  0.44733  1.22601  0.19628  -0.01518
128809  13.67728371  0.90427385  18.35743  0.32689  1.05717  0.12183  0.03358
128824  13.70558644  0.9258748  17.75640  1.08617  2.32846  0.41628  0.26116
128855  13.74377403  0.93980142  18.58108  1.36658  2.2641  0.89187  0.49964
128892  13.67390534  1.04333958  19.33680  1.12126  2.86924  0.49503  0.25691
128897  13.69528529  0.90475177  19.72210  1.56997  2.59394  1.25254  0.68568
194311  13.86194528  0.95937501  16.7939  0.58918  1.45976  0.21081  0.12116
194328  13.90644449  0.96944779  15.25688  1.11239  2.46156  0.38124  0.22108
194355  13.8064971  0.96122148  16.04412  1.48157  2.6249  0.75536  0.43047
194362  13.81955231  0.96525384  18.91360  0.29118  0.90028  0.06308  0.07144
194415  13.86021266  0.96514693  18.90699  1.49912  2.86681  0.97314  0.55225
194428  13.89311155  0.96374063  19.24842  1.51304  3.04916  0.81108  0.49253
194432  13.91410987  0.96878537  19.13453  1.54147  3.04131  1.27926  0.7252
259814  13.96251036  0.94370919  17.77436  0.37533  1.05732  0.12705  0.05666
259822  13.99832845  0.88177302  14.24113  0.51998  1.4207  -3.12261  3.3811
259825  14.0200085  0.85739536  19.01818  -0.02435  0.23112  0.07088  0.06811
259828  14.02366818  0.84630425  14.48003  1.142  2.51736  0.16897  0.5042
259886  14.01038807  0.89684164  18.99283  1.00105  2.81496  0.35807  0.27917
259888  14.01143977  1.03090762  17.61286  0.59177  1.52331  0.21155  0.09766
259938  14.05286675  1.00881565  19.46276  0.6802  1.80057  0.21429  0.05426
259964  13.95453037  0.94115912  19.63469  0.69665  2.20381  0.2603  0.13526
259971  14.03945211  1.01925419  19.54561  1.57926  2.41919  1.753  0.92766
325374  14.08133264  0.98018078  16.92664  1.3937  2.44213  0.96038  0.62509
325405  14.13064413  0.90046705  17.78658  0.61007  1.69188  0.18699  0.09611
325415  14.14381827  0.86841549  18.81755  1.46207  2.37609  1.13089  0.61392
325464  14.14070697  0.88805693  19.57106  1.47501  2.86856  1.02085  0.59995
333015  13.75071151  1.07816504  14.17644  0.29259  1.09739  0.52902  0.20393
333062  13.70644517  1.06033636  19.46493  0.47339  1.20639  0.19388  0.04691
333096  13.73404244  1.06651214  17.36387  1.49553  2.40112  0.96796  0.51567
333159  13.72685547  1.07093977  19.49742  1.40601  2.20185  0.88183  0.5161
333232  13.73184208  1.06900884  19.84162  0.30636  0.86595  0.12761  -0.01467
398468  13.86328694  1.08326611  16.87288  0.46109  1.1663  0.20362  0.09815
464111  13.96083559  1.06261841  18.82352  1.10573  2.42936  0.38141  0.2895
