# BEGIN CATALOG HEADER
# nfields 8
#     id 1 0 c INDEF %15s 
#     ra 2 0 d degrees %10.5f 
#     dec 3 0 d degrees %10.5f 
#     magV  4 0 r INDEF %6.2f 
#     magBV 5 0 r INDEF %6.2f 
#     magUB 6 0 r INDEF %6.2f 
#     magVR 7 0 r INDEF %6.2f 
#     magRI 8 0 r INDEF %6.2f 
# END CATALOG HEADER 
  0  80.6242291667 -25.7369027778       9999.0  0.000     0.000     0.000    0.000  
  1     80.6864125 -25.4772138889       16.964  0.008     0.000     0.032    0.032  
  2     80.6202625 -25.4751583333       18.042  0.023     0.000     0.022    0.022  
  3  80.4653333333 -25.4790694444       15.793  0.005     0.009     0.011    0.011  
  4  80.5345708333 -25.4782055556       17.972  0.021     0.028     0.000    0.000  
  5  80.4616958333 -25.4802194444       17.046  0.010     0.008     0.033    0.033  
  6     80.5418375 -25.4793027778       18.438  0.029     0.033     0.000    0.000  
  7     80.5006375 -25.4819055556       16.479  0.004     0.007     0.018    0.018  
  8  80.6268541667 -25.4831972222       16.544  0.005     0.009     0.025    0.025  
  9      80.645825      -25.48245       17.653  0.014     0.049     0.047    0.047  
 10  80.7010166667 -25.4903972222       9999.0  0.000     0.000     0.005    0.005  
 11  80.6110208333 -25.4856277778       17.250  0.082     0.059     0.058    0.058  
 12  80.4568333333 -25.4891083333       9999.0  0.000     0.048     0.003    0.003  
 13  80.6162791667 -25.4886472222       9999.0  0.000     0.000     0.009    0.009  
 14  80.5021708333 -25.4904361111       15.282  0.004     0.040     0.010    0.010  
 15  80.4787083333 -25.4936305556       16.464  0.087     0.080     0.011    0.011  
 16  80.5851208333 -25.4957222222       18.469  0.022     0.038     0.000    0.000  
 17  80.5121708333     -25.495775       18.742  0.021     0.038     0.000    0.000  
 18  80.5542041667 -25.4960222222       19.104  0.053     0.000     0.000    0.000  
 19  80.5362291667 -25.4996833333       9999.0  0.000     0.000     0.009    0.009  
 20  80.5124791667 -25.4994444444       18.493  0.019     0.022     0.000    0.000  
 21  80.5585416667 -25.5005972222       18.964  0.029     0.046     0.000    0.000  
 22     80.4507875 -25.5051138889       15.487  0.049     0.052     0.010    0.010  
 23     80.6205625 -25.5039416667       9999.0  0.000     0.000     0.000    0.000  
 24  80.6867666667 -25.5063027778       9999.0  0.000     0.000     0.065    0.065  
 25  80.4697333333 -25.5044777778       18.492  0.029     0.051     0.000    0.000  
 26     80.5255875 -25.5078305556       17.980  0.037     0.039     0.127    0.127  
 27      80.647025       -25.5143       16.492  0.014     0.016     0.017    0.017  
 28     80.5401625 -25.5125333333       18.130  0.019     0.025     0.037    0.037  
 29  80.4646916667 -25.5133888889       18.403  0.030     0.032     0.052    0.052  
 30  80.5785291667 -25.5151194444       18.651  0.031     0.025     0.000    0.000  
 31  80.4901916667 -25.5168611111       16.773  0.009     0.010     0.022    0.022  
 32  80.5096583333 -25.5168777778       9999.0  0.000     0.000     0.041    0.041  
 33     80.6435125 -25.5191361111       15.965  0.007     0.006     0.012    0.012  
 35  80.5083666667 -25.5221833333       18.240  0.024     0.025     0.000    0.000  
 36  80.5316291667     -25.522775       18.619  0.031     0.048     0.000    0.000  
 37  80.5723666667 -25.5261666667       16.323  0.006     0.011     0.012    0.012  
 38  80.4597958333 -25.5247444444       17.504  0.012     0.013     0.029    0.029  
 39      80.695275 -25.5255888889       17.116  0.007     0.010     0.038    0.038  
 40  80.7079291667 -25.5271777778       15.349  0.005     0.005     0.008    0.008  
 41  80.4874041667 -25.5261944444       17.605  0.015     0.015     0.043    0.043  
 42        80.6493 -25.5271277778       18.599  0.023     0.034     0.000    0.000  
 43  80.5078083333 -25.5288861111       18.362  0.024     0.036     0.155    0.155  
 44      80.521975 -25.5296472222       19.100  0.032     0.047     0.000    0.000  
 45  80.6212708333 -25.5312722222       17.119  0.008     0.010     0.027    0.027  
 46  80.4688416667 -25.5318027778       17.042  0.007     0.010     0.045    0.045  
 47  80.4350083333 -25.5318833333       17.162  0.008     0.011     0.036    0.036  
 48  80.5436333333 -25.5314166667       18.498  0.025     0.027     0.000    0.000  
 49     80.7059625     -25.535425       9999.0  0.000     0.000     0.016    0.016  
 50        80.5834 -25.5343333333       18.356  0.028     0.031     0.000    0.000  
 51  80.5632333333 -25.5363083333       17.531  0.010     0.017     0.046    0.046  
 52      80.424125 -25.5386111111       9999.0  0.000     0.000     0.046    0.046  
 53     80.7128625 -25.5407694444       18.255  0.017     0.024     0.000    0.000  
 54  80.4461291667      -25.54205       18.520  0.023     0.011     0.025    0.025  
