# BEGIN CATALOG HEADER 
# nfields '+str(nn)+' 
#     id 1 0 c INDEF %15s 
#     ra 2 0 d degrees %10.5f 
#     dec 3 0 d degrees %10.5f 
#     magr  4 0 r INDEF %6.2f 
#     maggr 5 0 r INDEF %6.2f 
#     magug 6 0 r INDEF %6.2f 
#     magri 7 0 r INDEF %6.2f 
#     magiz 8 0 r INDEF %6.2f 
# END CATALOG HEADER 
#
1	13.6650441  -37.620586		15.831	0.535	1.297	0.154	0.013
2  	13.6643997  -37.646551		18.188	0.065	0.354	-0.175	0.21
3	13.6349955  -37.664658		17.205	0.313	0.649	0.135	0.001
4	13.6176452  -37.631784		18.135	1.351	9999 	0.433	0.306
5	13.6675560  -37.657271		18.716	-0.105	0.131	-0.166	0.135
6	13.6776731  -37.654727		18.317	1.453	9999	0.741	0.366
7	13.7045400  -37.670070		15.453	0.404	1.256	0.108	0.026
8	13.6953703  -37.694580		15.017	0.904	2.164	0.292	0.131
9	13.6650092  -37.703462		17.200	0.432	1.077	0.057	9999
10	13.6052625  -37.594594		14.831	0.608	1.43	0.215	0.084
11	13.6526513  -37.569424		15.064	0.854	2.308	0.289	0.126
12	13.6652859  -37.555636		9999	9999	9999	9999	-0.003
13	13.7546283  -37.577397		9999	9999	9999	9999 	9999
14	13.5881507  -37.634359		16.561	0.499	1.254	0.166	0.043
15	13.5950708  -37.658794		16.007	1.078	9999	0.471	0.22
16	13.6931273  -37.717799		9999	9999	9999	9999	9999
17	13.7735057  -37.746330		9999	9999	9999	9999	9999
18	13.7766374  -37.715858		9999	9999	9999	9999	9999
19	13.7459267  -37.677086		9999	9999	9999	9999	9999
