# BEGIN CATALOG HEADER 
# catdb sqlcl.query 
# catname dss1@cadc 
# nquery 4 
#     ra  168.40474081 hours 
#     dec -02.11039381557 degrees 
#     radius 20.0  minutes 
#     qsystem J2000.0 INDEF 
# type btext 
# nheader 1 
#     csystem J2000.0 
# nfields 13 
#     id      1 0 d degrees %10.5f 
#     ra      2 0 d degrees %10.5f 
#     dec     3 0 c NDEF %11s 
#     4       4 0 d degrees %6.3f 
#     maggr   5 0 d degrees %6.3f 
#     magug   6 0 d degrees %6.3f 
#     magri   7 0 d degrees %6.3f 
#     magiz   8 0 r INDEF %6.3f 
855884  112.48984967  -2.01558084  14.27332  -2.44181  3.23928  0.11206  0.75956
855899  112.50274307  -2.01536082  14.08182  0.35093  1.17742  0.14249  -0.01756
855887  112.49146018  -2.01367418  16.73470  0.35425  1.16696  0.20209  0.01317
855898  112.49763112  -2.01327591  16.25027  0.52363  1.45089  0.26417  -0.05128
856066  112.46064354  -2.01527612  15.90508  0.26565  1.13599  0.11243  0.00666
856093  112.48174726  -2.01150809  14.13992  0.22728  1.9997  -1.19077  2.27429
856124  112.50549051  -2.01182651  15.37467  0.70916  1.93784  0.24968  0.09704
856474  112.47522051  -2.01266628  17.37704  0.51658  1.56456  0.22351  0.09551
856513  112.50609655  -2.0091118  16.91521  0.35073  1.14769  0.14284  -0.00802
856796  112.48328395  -2.00882324  19.67521  1.25486  6.60916  0.90355  0.39206
856057  112.45448922  -2.00469434  14.45732  0.52758  1.37817  0.18214  0.0588
856222  112.44112134  -2.00839512  17.61409  1.428  6.05712  0.93855  0.48038
856418  112.45066909  -2.00719465  17.09578  0.58326  1.45409  0.28895  0.10624
856439  112.45783093  -2.0141489  18.03638  0.71446  1.23634  0.32908  0.19831
856440  112.45836253  -2.01405984  18.35740  1.0982  5.0678  0.41122  0.25695
856459  112.46775707  -2.00701077  16.88101  0.50993  1.49594  0.19643  0.09347
856468  112.47214359  -2.00539353  17.81746  0.36935  1.2389  0.14506  0.04923
856473  112.47492712  -2.00902586  17.20089  0.50615  1.26296  0.21554  0.07531
856480  112.48089776  -2.00866787  17.98973  0.36851  1.23904  0.21372  0.00605
856485  112.48418843  -1.99590852  17.60312  0.47187  1.50507  0.22318  0.06984
856488  112.48765036  -1.99659593  17.07209  0.57048  1.70729  0.25024  0.11937
856492  112.49207764  -2.00111299  17.63105  0.45614  1.25328  0.18365  -0.01834
856509  112.50177755  -2.00859841  16.89002  0.73198  1.95178  0.31597  0.13026
856515  112.50711154  -1.99749811  16.69169  0.60974  1.63547  0.22974  0.06327
856573  112.47543504  -1.99799614  18.22749  0.60787  1.3176  0.23732  0.20971
856751  112.45175694  -2.01370733  18.89134  0.47064  1.36952  0.13056  0.14562
855875  112.48638288  -1.98717497  14.17963  -0.57075  0.84959  0.23566  0.37287
855876  112.48729286  -1.98786115  17.82778  1.30475  5.5187  -0.16081  -0.65615
855901  112.50236242  -1.99298029  14.18687  0.24449  1.26114  0.06759  -0.01567
856022  112.42955237  -2.011726  15.62610  0.35525  1.14182  0.13954  0.01734
856023  112.4276452  -2.01201262  18.86811  1.33544  1.02936  0.73078  0.40517
856079  112.47548479  -1.98220316  17.39764  0.39701  1.26122  0.22059  0.02058
856091  112.48116417  -1.98325621  15.91798  0.54134  1.50984  0.21262  0.0697
856111  112.49648337  -1.98525697  14.93000  0.37899  1.20574  0.1249  0.01459
856122  112.50617624  -1.98868271  15.89958  0.32858  1.2267  0.12216  0.02289
856405  112.44290671  -2.00244613  17.96551  0.57312  1.32917  0.19415  0.09132
856426  112.45348086  -2.00152597  18.07870  0.42895  0.9957  0.22687  0.0828
856435  112.4569133  -1.99882556  18.98917  1.28617  1.63203  0.79811  0.40286
856456  112.46706345  -1.99404911  17.22232  0.50884  1.67273  0.19962  0.09087
856490  112.49125223  -1.99118245  17.48360  0.49287  1.38483  0.22008  0.08731
856518  112.50778518  -1.9940827  16.88484  0.40552  1.25722  0.16522  0.02812
856524  112.50898735  -1.98424903  18.08803  0.54629  1.31868  0.23916  0.04472
856579  112.49821865  -1.98083156  18.05908  0.85492  2.30044  0.38934  0.18852
856597  112.45434963  -1.9920934  19.26424  1.31543  3.92694  1.72901  0.95439
856686  112.40913562  -2.01109272  18.94802  1.2928  0.06579  0.83562  0.22186
856742  112.44679696  -2.00049115  18.53583  0.53214  1.46248  0.24143  -0.0219
856744  112.44734539  -1.99753478  18.92330  0.49776  0.80131  0.24691  0.05416
856760  112.4596896  -1.98688577  19.78233  1.32616  6.83578  0.55294  0.56492
856767  112.46446713  -1.99895301  19.58607  1.44377  4.40284  1.1877  0.62777
856786  112.4761104  -1.9858544  19.6028  1.28275  6.50914  0.9404  0.48123
856787  112.47580619  -1.99455609  19.10281  0.98129  7.52343  0.37683  0.32177
856792  112.47910239  -1.99351844  18.45353  0.54627  1.40678  0.21889  0.08319
856798  112.4858499  -1.98352303  18.79446  1.188  2.16605  0.55671  0.25254
856816  112.50320495  -1.98624362  18.67545  1.34338  2.65467  0.67753  0.42241
855983  112.41096196  -2.00942423  15.32756  0.81249  1.92146  0.33693  0.15177
856031  112.43341884  -1.98653599  14.28136  0.50539  1.42778  0.18671  0.03735
856078  112.47498032  -1.98132135  15.26878  0.6557  1.87082  0.21732  0.0835
856103  112.49113067  -1.97664259  15.49135  0.37054  1.22605  0.14885  0.03623
856114  112.49796778  -1.97460608  14.23634  0.66452  1.65292  0.25818  0.11405
856115  112.5000587  -1.97531271  17.34730  0.72064  1.73029  0.316  0.13736
856212  112.42837607  -1.98565726  16.18530  0.68547  1.68847  0.27319  0.08225
856233  112.46136035  -1.98192266  18.01752  1.38844  2.25326  1.27992  0.68258
856234  112.46831737  -1.97508804  16.78329  0.82777  2.0653  0.37556  0.12235
856235  112.46957777  -1.97241043  16.40103  0.72131  2.04475  0.2911  0.11761
856402  112.44003316  -1.98245304  17.14709  0.46706  1.22266  0.21201  0.05715
856409  112.4462081  -1.97563498  17.08065  0.83666  1.91959  0.31331  0.14247
856411  112.44848134  -1.97792267  17.30855  0.25277  1.04437  0.12267  -0.0337
856413  112.44992665  -1.96525241  16.76953  0.42728  1.24918  0.18558  0.02321
856424  112.45415154  -1.96788533  17.13687  0.3794  1.0912  0.18304  0.02052
856441  112.46016636  -1.9728883  17.41078  0.48369  1.30871  0.22278  0.0625
856444  112.46294718  -1.97047358  17.69422  1.00036  2.21068  0.3941  0.21843
856445  112.46447554  -1.96972212  18.39276  0.46782  1.15833  0.23125  0.04769
856446  112.46436172  -1.96256885  17.32621  0.48806  1.39636  0.21693  0.07302
856453  112.46636394  -1.96696643  18.19979  0.39215  1.26386  0.21901  0.01749
856460  112.46973482  -1.96835965  16.71978  0.51061  1.28713  0.23384  0.08346
856467  112.47320348  -1.97904894  17.11014  0.54333  1.39693  0.24513  0.05828
856470  112.47509707  -1.96053588  17.47362  0.34971  1.10588  0.18276  -0.02418
856472  112.47569634  -1.96648291  16.77865  0.27496  1.07338  0.11455  0.03028
856476  112.48057397  -1.96871107  17.48767  0.46787  1.27765  0.21965  0.08437
856503  112.50098384  -1.96855293  17.63616  0.5749  1.376  0.23463  0.07899
856504  112.50181563  -1.95755848  17.76641  0.39169  1.06856  0.20239  0.04207
856505  112.5014499  -1.9707477  18.12492  0.45352  1.05899  0.1939  0.0674
856506  112.5017594  -1.96621063  17.40407  0.51232  1.14749  0.23741  0.08821
856508  112.50311449  -1.96846831  17.93164  0.64628  1.37539  0.29901  0.1447
856571  112.46437961  -1.97981652  17.98090  1.09476  3.6024  0.52265  0.22192
856574  112.48645121  -1.95911809  18.04294  0.78673  2.51992  0.36731  0.12399
856598  112.47828943  -1.96391712  18.34332  1.46094  4.95308  0.86524  0.4369
856773  112.46901557  -1.96435998  18.51652  1.40249  3.41494  0.72626  0.40792
856789  112.47759168  -1.9612246  18.34327  0.51566  1.75884  0.23392  0.08544
856800  112.48768985  -1.96239318  18.61270  0.91916  1.89735  0.38138  0.19547
856809  112.49520172  -1.97292926  18.62163  1.2777  6.13156  0.59872  0.25029
855862  112.46194833  -1.93627418  14.59732  0.10069  1.22573  0.01087  -0.05022
855892  112.4951236  -1.95573618  14.67007  0.29072  1.15409  0.10538  0.00401
855903  112.50702742  -1.94296213  14.47884  0.27647  -0.2736  -0.32591  1.61562
856082  112.47760538  -1.95298858  15.65150  0.51962  1.3608  0.20644  0.07459
856083  112.4778987  -1.95442161  18.79792  0.36093  1.05903  0.24122  -0.06613
856089  112.48177589  -1.93083991  15.33586  0.41503  1.24722  0.15885  0.04056
856107  112.49473745  -1.94178341  15.75656  0.07843  1.33231  0.00154  -0.05257
856157  112.48490572  -1.95547957  15.82447  0.66017  1.82645  0.24597  0.08878
856159  112.50678408  -1.91902148  15.68515  0.84096  2.08706  0.30053  0.14795
856177  112.38406687  -1.96855667  19.18122  0.99207  -0.39959  0.99395  0.4048
856232  112.46136335  -1.94057562  16.60581  0.69645  1.71736  0.30765  0.14503
856244  112.49338137  -1.93954507  16.80411  0.60467  1.63983  0.23796  0.09296
856420  112.45325228  -1.93915818  17.11449  0.59816  1.2264  0.2552  0.06933
856421  112.45396556  -1.93756623  17.51232  0.4611  1.23547  0.21668  0.04367
856428  112.45798662  -1.92565013  17.35105  0.76309  1.81368  0.31067  0.11528
856432  112.45838371  -1.93743513  17.37215  0.75902  1.9302  0.28593  0.08712
856449  112.46630743  -1.95088854  18.15832  0.31184  0.98912  0.1747  -0.02507
856455  112.46834913  -1.93323588  16.99636  0.70693  1.80466  0.30891  0.12788
856469  112.47627081  -1.92777403  17.87317  0.59488  1.69152  0.25526  0.10075
856481  112.48590439  -1.92378738  16.78777  0.54142  1.40688  0.2347  0.09132
856484  112.48631739  -1.94432595  16.97069  0.89067  2.4036  0.337  0.16849
856491  112.49338995  -1.92285613  17.98440  0.35236  1.02081  0.12947  0.102
856494  112.49694033  -1.93021615  18.09645  0.49504  1.1595  0.26737  0.07297
856511  112.50727873  -1.92929414  17.36361  0.44911  1.3353  0.1787  0.04105
856514  112.50990523  -1.92099331  17.63822  0.67111  1.68931  0.26102  0.12718
856519  112.51052494  -1.9303989  17.27667  0.5673  1.354  0.26867  0.12431
856568  112.45341717  -1.9296967  18.84063  0.49907  1.40353  0.14348  -0.03217
856575  112.49272548  -1.93056366  17.92689  0.93024  1.59721  0.35458  0.16087
856726  112.43985945  -1.94628965  18.25251  0.40661  0.55107  0.18597  -0.07325
856733  112.44405747  -1.94632092  18.62172  0.96172  0.93274  0.49381  0.07343
856745  112.45084161  -1.94326612  19.15418  1.30272  0.05821  0.52994  0.21978
856747  112.4508936  -1.9588137  19.37306  1.09886  0.04361  0.69031  0.14149
856755  112.45624091  -1.96014776  18.66980  1.27134  1.12955  0.6168  0.34389
856756  112.45696186  -1.9541388  19.38810  1.29878  0.67784  1.28038  0.76633
856762  112.46419716  -1.93610064  18.74303  0.48224  0.80217  0.29973  0.02085
856770  112.46695054  -1.9561609  19.90105  1.47386  1.23243  0.7765  0.44829
856771  112.46917455  -1.94401464  18.75168  0.74856  1.52708  0.3288  0.13874
856783  112.47675014  -1.95617404  18.90320  0.57253  1.9798  0.3383  0.03443
856788  112.47806534  -1.94265694  18.89825  0.47638  1.52988  0.22162  0.13137
856791  112.48184591  -1.92635244  19.12391  1.49353  2.36483  0.85895  0.54289
856794  112.48435918  -1.94921106  19.01455  1.54474  2.95622  0.63545  0.33371
856802  112.49044949  -1.92375931  19.62473  1.33719  5.53861  0.75625  0.43131
856804  112.49078232  -1.94306397  18.61667  0.70499  1.73464  0.26494  0.11452
856817  112.50600695  -1.9270476  18.46144  0.90817  2.12718  0.36058  0.14257
790295  112.31751631  -2.00076896  17.64666  0.74505  2.81655  0.29526  0.13562
790296  112.31589261  -2.00285494  18.40747  0.71428  1.39654  0.20842  0.05293
790298  112.31495007  -2.00412267  19.66727  0.55999  3.22541  0.36932  0.30435
790299  112.31547994  -2.00229381  19.72361  0.51939  4.60113  0.33033  0.14223
790301  112.31060255  -2.00642878  19.29096  1.12299  1.80572  0.40957  0.3689
855814  112.3792932  -1.9053724  13.22159  0.75408  1.26761  -2.25694  2.73388
855816  112.39012636  -1.90557765  14.49756  0.32278  1.09887  0.17799  -0.05437
855829  112.40975219  -1.91428577  13.97643  0.34371  1.07292  0.14277  -0.01669
855830  112.41177162  -1.91236115  14.69392  -0.07322  -0.48682  0.84346  0.62031
855832  112.40848044  -1.91177862  16.73581  0.50436  0.7625  0.30996  0.01107
855842  112.43127652  -1.89383093  13.36336  0.63926  1.15847  -1.58609  1.53639
855858  112.45699287  -1.87811311  17.33851  0.47207  1.19421  0.21899  0.08976
855864  112.47030082  -1.85278404  13.80873  0.21033  1.12429  0.10291  -0.08462
855890  112.49557711  -1.87986981  13.70936  0.27461  1.12263  0.08535  -0.01729
855912  112.36674594  -1.93324911  16.30172  0.71255  1.41005  0.38628  0.04486
855977  112.41033131  -1.87588842  17.29523  0.40178  0.88085  0.24699  -0.08647
856026  112.43573562  -1.89265052  15.26182  0.24247  1.10003  0.1053  0.02109
856027  112.43644599  -1.89121969  17.43663  1.37661  1.66406  0.70545  0.45224
856028  112.43787833  -1.89287238  18.50967  1.26551  1.24533  0.56697  0.36521
856047  112.45428875  -1.85903395  15.73672  0.37377  1.17341  0.14804  0.03949
856059  112.46063312  -1.91407612  14.61613  0.75271  1.93297  0.32601  0.15619
856061  112.46190699  -1.89084298  15.44352  0.29797  1.15782  0.11315  0.00782
856071  112.4754985  -1.90973455  15.37402  0.08399  1.21018  0.03397  -0.02918
856074  112.47665726  -1.90641456  15.26985  0.83833  2.23502  0.35708  0.19629
856075  112.47789016  -1.90855032  16.13578  0.43867  1.36639  0.19328  0.05851
856086  112.48040818  -1.88887027  14.48444  0.44954  1.43985  0.14506  0.02302
856087  112.4800428  -1.88802567  16.27635  1.10487  2.40986  0.44081  0.20346
856095  112.48697918  -1.8950154  15.45560  0.31409  1.12576  0.12477  0.01449
856099  112.49301879  -1.88640094  15.47751  0.18911  1.23264  0.06533  -0.02185
856101  112.49254849  -1.90597571  15.47437  0.68737  1.72481  0.26552  0.11167
856118  112.50881221  -1.90803865  15.68035  0.35219  1.16314  0.14922  0.02645
856119  112.50749424  -1.90912613  16.67841  0.31871  1.17854  0.14418  0.008
856121  112.51054288  -1.86892284  15.03241  0.57781  1.62473  0.18738  0.05427
856218  112.44255851  -1.87418144  17.54028  1.27926  1.74465  0.87274  0.43566
856220  112.44432769  -1.88523836  16.57123  0.3194  1.11861  0.14762  0.02734
856228  112.45626765  -1.85545441  16.33264  0.65467  1.73908  0.26206  0.11521
856230  112.45763972  -1.88625726  16.10370  0.42576  1.24087  0.20731  0.03252
856231  112.45900538  -1.87235071  16.58985  0.61043  1.49187  0.24056  0.09751
856236  112.47244708  -1.90257929  16.55516  0.47233  1.35398  0.20086  0.04117
856241  112.479266  -1.91494776  16.46823  0.36857  1.25108  0.20622  -0.003
856243  112.49433456  -1.8574778  17.77844  1.44381  6.20599  0.88572  0.44354
856249  112.50695367  -1.88775313  16.16501  0.35151  1.17875  0.14401  0.01584
856250  112.50516425  -1.88700066  17.65899  0.67298  1.48861  0.27127  0.12108
856366  112.41392945  -1.90634325  17.44685  0.28339  0.51556  0.24464  0.02528
856373  112.41887125  -1.9145911  16.80474  0.58879  0.82586  0.29226  0.08104
856389  112.42753076  -1.90008451  17.72548  0.3194  0.83869  0.20579  0.03099
856390  112.42920956  -1.90001482  18.50160  0.29634  0.52676  0.26081  0.1634
856406  112.44794142  -1.89615173  17.48872  0.39329  1.30551  0.24079  0.00147
856415  112.45518461  -1.89300521  16.71065  0.41327  1.31119  0.19174  0.06309
856423  112.45818201  -1.86427043  17.69589  0.53417  1.38637  0.24283  0.06192
856427  112.45817342  -1.90941627  17.74069  0.82068  1.88746  0.381  0.17297
856436  112.4627264  -1.86289876  17.14206  0.40751  1.09795  0.1826  0.05203
856437  112.46370876  -1.87146754  18.22748  0.42123  1.42869  0.2094  -0.01464
856442  112.46743469  -1.85537431  17.87537  0.59201  1.62498  0.29722  0.12525
856451  112.46827768  -1.9165369  17.78878  0.49651  1.44315  0.20808  0.07576
856452  112.46713182  -1.91733126  18.36208  0.61303  1.5463  0.30031  0.04451
856454  112.47048253  -1.87749331  16.91745  0.3476  1.05297  0.16212  0.0373
856457  112.47095114  -1.89506683  18.08821  0.58083  1.73172  0.22226  0.10059
856458  112.47230443  -1.86507108  17.85719  0.4531  1.12293  0.17872  0.11187
856464  112.47744028  -1.85640834  16.79410  0.35802  1.15365  0.17174  0.058
856466  112.47739028  -1.87479217  16.76512  0.43645  1.18564  0.19094  0.04849
856471  112.47925315  -1.86172659  17.14695  0.68326  1.99435  0.31199  0.03664
856478  112.48687862  -1.85336581  16.64192  0.61602  1.67431  0.18595  0.08102
856479  112.48580378  -1.88859885  17.28282  0.37132  1.25362  0.16285  0.01677
856483  112.48735463  -1.91326051  17.70303  0.60454  1.75065  0.28517  0.11375
856486  112.49009405  -1.89521828  17.25659  0.64962  1.45704  0.34208  0.17788
856493  112.49874823  -1.87948477  17.76889  0.51406  1.3406  0.22774  0.04111
856495  112.49938006  -1.87323959  17.32465  0.86261  1.88697  0.30701  0.16732
856496  112.49813771  -1.91769651  18.14749  0.43569  1.68929  0.17635  0.08438
856498  112.50304307  -1.88529285  16.77744  0.52544  1.34841  0.22444  0.10536
856501  112.50267443  -1.91007563  18.27794  0.39305  1.37722  0.15182  0.03252
856502  112.50457426  -1.91063186  16.96327  0.45804  1.35058  0.20175  0.07327
856510  112.50700838  -1.91608371  17.47488  0.38608  1.22144  0.19454  0.00782
856516  112.51166116  -1.88391  17.78639  0.65328  1.7053  0.28354  0.05142
856520  112.5122459  -1.89276055  17.35181  0.39968  1.19531  0.17532  0.0397
856525  112.51301106  -1.90721795  17.06643  0.37991  1.28111  0.15967  0.02811
856526  112.51662299  -1.84981655  17.60614  0.86491  2.06608  0.31022  0.15534
856527  112.51647278  -1.86146612  17.82904  0.54984  0.98618  0.22759  0.13655
856563  112.45002008  -1.89338815  18.23481  1.20619  2.55553  0.51834  0.20218
856564  112.44865517  -1.89376476  18.52180  0.51291  1.03526  0.11598  -0.03063
856565  112.45099614  -1.89193752  18.68826  0.60138  1.11759  0.29703  -0.01344
856569  112.46092934  -1.90043851  18.03422  0.64461  1.60532  0.24469  0.08568
856570  112.46826201  -1.85137606  18.25703  1.00484  2.49273  0.50451  0.18538
856577  112.4969197  -1.86471025  18.24268  0.47443  1.1059  0.21566  0.06515
856578  112.49610795  -1.86530461  18.81265  0.84588  4.12398  0.40945  0.13977
856580  112.51213769  -1.87153784  18.18115  0.84037  1.96231  0.27432  0.13364
856713  112.43664064  -1.87390202  19.49498  0.95129  -0.08822  0.83263  0.24326
856714  112.43683921  -1.87658852  18.40735  0.88419  0.92486  0.4683  0.06739
856719  112.43648807  -1.88155311  18.48285  0.49719  0.89474  0.2496  0.00367
856721  112.43965002  -1.88837455  18.79740  0.30568  1.62642  0.2401  0.10855
856723  112.43940989  -1.9072025  18.65016  0.41709  0.98267  0.26545  -0.07085
856732  112.4465053  -1.88183902  19.07504  0.9616  3.92259  0.46401  0.07106
856734  112.44537326  -1.91215463  19.13124  0.99909  0.51138  0.46974  0.04863
856735  112.44709364  -1.91250936  18.32243  0.43539  1.1106  0.2371  0.06782
856737  112.44929061  -1.86544148  19.01998  0.69412  1.50703  0.30741  0.0826
856740  112.45159002  -1.86888612  19.16678  1.51184  5.88171  0.81194  0.42417
856746  112.4546483  -1.86271734  18.91432  0.3868  0.73962  0.28917  0.01345
856748  112.45549545  -1.89501802  18.85714  0.54147  1.40707  0.3078  0.10082
856752  112.45815452  -1.8805719  18.32885  0.44682  1.11471  0.21531  0.05467
856754  112.45738792  -1.92055778  19.44900  1.23419  4.51934  0.77901  0.29482
856758  112.46185721  -1.90971171  18.83114  1.224  4.0549  0.52939  0.26262
856761  112.46636333  -1.86217275  19.18981  1.50392  2.43501  0.79396  0.45879
856763  112.46634774  -1.88960041  18.52964  0.71137  1.7058  0.29592  0.18023
856764  112.46629991  -1.89407915  18.56608  0.41265  1.13474  0.16717  0.08136
856765  112.46750819  -1.86507966  19.81463  1.24475  0.37449  0.96961  0.59271
856768  112.46623132  -1.91955859  19.60343  1.20032  1.7484  1.20494  0.63163
856769  112.4697396  -1.88650961  19.69502  1.60993  3.75259  0.52064  0.55752
856772  112.47424237  -1.86191983  18.32704  0.52918  1.66006  0.27363  0.05383
856776  112.47658062  -1.88074032  19.12281  0.92742  1.581  0.26947  0.18547
856778  112.47814964  -1.8636946  18.62320  0.62042  1.69133  0.18885  0.16674
856790  112.48103258  -1.88472638  18.51384  0.54451  1.41567  0.23972  0.13996
856793  112.48440303  -1.89361995  19.90765  1.60262  5.24235  0.80785  0.36864
856803  112.49152434  -1.91123819  18.99241  1.03202  2.60553  0.26834  0.17364
856811  112.50349649  -1.85582687  19.45597  0.91164  2.89114  0.47218  0.29277
856813  112.50408132  -1.86981749  19.23288  1.1667  2.74397  0.63118  0.4107
856814  112.50424746  -1.87395629  18.71156  0.34788  1.03405  0.14431  0.15947
856818  112.50806188  -1.89184734  19.00803  0.64884  0.87804  0.25409  0.12758
856820  112.50971756  -1.86456187  18.97508  0.90984  2.49949  0.49031  0.13124
921348  112.64719323  -1.93669369  18.98665  1.18477  3.1315  0.31959  0.26492
790300  112.33326657  -1.83830499  17.58438  1.38901  2.99832  0.59119  0.32086
855836  112.42128396  -1.83251799  13.27404  0.84842  -1.41314  1.36592  -0.62724
855853  112.4628184  -1.81493278  14.30166  -0.77616  0.7468  1.31763  -0.04814
855868  112.47337303  -1.83968315  13.45986  0.36585  1.02721  -0.11259  0.13575
855872  112.49073172  -1.81600897  16.61550  1.34099  2.88305  0.81336  0.43115
855879  112.49677797  -1.82408208  13.96867  0.30545  1.15548  0.10385  0.00343
855880  112.49835798  -1.82268054  14.38537  0.26261  1.15256  0.08384  -0.00717
855881  112.49957644  -1.82114906  18.93282  1.53336  2.53651  1.22757  0.71914
855924  112.37102975  -1.8091176  15.12269  -0.93086  1.96992  0.22771  2.23803
855925  112.37589332  -1.80893009  15.77803  0.39957  1.2434  0.23947  -0.02537
855928  112.37773171  -1.80751492  17.25678  0.17583  0.93259  0.18452  0.20399
855930  112.3743795  -1.82247115  19.07589  0.50743  -0.61198  0.89971  -0.70785
855995  112.42595656  -1.81610673  14.87037  0.26651  1.21386  0.09202  -0.02787
855999  112.42875677  -1.81429336  15.78009  0.38388  1.06668  0.1647  -0.02871
856045  112.44999999  -1.81925091  15.57823  0.46054  1.37421  0.17151  0.03544
856051  112.46061397  -1.81757897  14.98454  0.34914  1.15227  0.13405  0.03637
856054  112.46158426  -1.80787197  15.56201  0.58635  1.57916  0.21872  0.10076
856055  112.46203196  -1.80913923  16.08992  0.91328  2.41062  0.35454  0.19942
856063  112.46613434  -1.82071241  15.98682  0.31312  1.10805  0.13342  0.02669
856069  112.4778333  -1.80537559  15.11821  0.47082  1.33057  0.17794  0.06863
856097  112.48967772  -1.84650649  15.04805  0.52021  1.58341  0.17672  0.04329
856105  112.49913097  -1.83282795  15.26665  0.43092  1.24289  0.15391  0.03492
856109  112.50041929  -1.82753111  15.19884  0.49206  1.37927  0.17176  0.04513
856155  112.47002378  -1.81197554  15.64060  1.00234  2.36927  0.36419  0.19366
856195  112.40791965  -1.83902678  13.72947  0.40367  0.16958  0.44931  -0.44334
856219  112.44551169  -1.82806996  16.58792  0.35334  1.06162  0.17905  0.01538
856237  112.47748628  -1.82298101  16.31753  0.31089  1.16762  0.14227  0.05225
856242  112.49484067  -1.83593705  16.52385  0.68985  1.98241  0.25413  0.1067
856355  112.40830096  -1.86132731  19.16914  0.68855  0.31561  0.29407  -0.16087
856382  112.42715395  -1.82973049  17.18755  0.8765  1.23169  0.40611  0.14792
856386  112.43125242  -1.80353741  17.40275  0.44687  1.22448  0.17357  0.06806
856396  112.43969851  -1.80349245  17.74070  0.67208  1.37042  0.23327  0.12777
856407  112.45067457  -1.82999287  17.63522  0.54947  1.27008  0.29798  0.09378
856408  112.45134633  -1.84582533  17.687  0.70105  1.52256  0.32773  0.06451
856410  112.45268043  -1.82714786  17.74169  0.46776  1.1463  0.22452  -0.0139
856412  112.45450301  -1.82922052  17.82348  0.39416  1.16754  0.18346  0.02347
856414  112.45580634  -1.84451374  18.18407  0.36816  1.02817  0.22609  -0.06697
856416  112.45736734  -1.83903187  16.99701  0.57893  1.26601  0.28786  0.11296
856422  112.45955413  -1.82002131  17.35084  0.5919  1.41353  0.21009  0.09969
856430  112.4623087  -1.83862075  17.36207  0.34128  1.1821  0.15398  0.05577
856447  112.46953732  -1.84111807  17.65697  0.33441  1.2262  0.19442  0.0405
856448  112.4701028  -1.82904973  16.96425  0.32678  0.98408  0.17603  0.03033
856462  112.47628314  -1.83290416  17.53955  0.41756  1.1749  0.1897  0.08995
856463  112.47670129  -1.84890816  16.87292  0.41393  1.22525  0.18047  0.0493
856475  112.48633341  -1.81302613  16.93015  0.42153  1.26467  0.16016  0.05098
856477  112.48756856  -1.82714576  17.49166  0.67203  1.73775  0.26732  0.13252
856487  112.49296832  -1.82563581  17.59558  0.41134  1.28674  0.20554  0.03832
856489  112.49540803  -1.82773395  17.94481  0.50089  1.28126  0.18227  0.09748
856497  112.50522758  -1.82869834  16.79021  0.56167  1.42468  0.20141  0.07254
856499  112.50687096  -1.81168972  16.82332  0.49259  1.31091  0.13733  0.06287
856507  112.50750282  -1.8305055  16.93309  0.39538  1.14824  0.12747  0.04316
856512  112.51260046  -1.8280615  16.77580  0.58938  1.50619  0.20208  0.10732
856522  112.5155596  -1.81204616  17.90960  0.5858  1.22031  0.2159  0.12258
856523  112.51656116  -1.81122071  19.34847  1.17257  1.17427  0.88819  0.61191
856595  112.45887443  -1.82382108  18.39130  1.43479  2.17668  0.72511  0.36109
856715  112.43981882  -1.81296502  18.65082  0.93698  1.28372  0.50432  0.21688
856722  112.44168414  -1.84306687  18.40606  0.63104  1.21742  0.32089  -0.05277
856724  112.44352228  -1.81834589  18.74895  1.325  1.47415  0.72625  0.37636
856725  112.44390838  -1.84556354  18.66845  0.76477  1.21188  0.34922  0.0607
856729  112.445864  -1.84702711  19.15894  0.66335  0.75542  0.45925  -0.03114
856730  112.44700646  -1.82280159  18.90658  0.59332  1.2269  0.22809  0.04671
856738  112.45300749  -1.8052371  19.31599  1.50976  0.39496  0.72429  0.40996
856750  112.45911073  -1.83448096  18.71311  0.38079  1.3643  0.30022  -0.01274
856753  112.46062432  -1.82426124  19.65531  0.90993  1.32592  0.71838  0.25794
856757  112.46129276  -1.84782641  18.93414  0.71669  1.19616  0.29306  0.06383
856759  112.46640867  -1.81643894  19.59434  1.49524  6.59955  0.98177  0.555
856766  112.46975407  -1.81926529  19.74838  1.3595  -0.21335  0.99465  0.51632
856779  112.47987491  -1.83618534  19.96629  1.32696  6.3601  1.53534  0.79213
856784  112.48166111  -1.83962736  18.44518  0.45047  0.98637  0.19874  0.06095
856785  112.48223494  -1.82418275  18.74291  0.29671  1.26296  0.06825  0.03064
856795  112.48959296  -1.83602552  19.04769  1.22919  7.49265  0.57359  0.26033
856797  112.49135936  -1.83943273  19.44013  1.47978  6.30117  0.89446  0.48706
856801  112.49473419  -1.81027942  19.48473  1.42749  -0.18498  0.76061  0.34933
856805  112.49661238  -1.83874598  18.63536  0.51162  0.92144  0.18623  0.0216
856807  112.49702534  -1.84383928  18.92713  1.02494  1.44397  0.47214  0.29091
856810  112.50332219  -1.81003153  18.75652  0.98564  3.17381  0.31452  0.22948
856815  112.50596557  -1.84221212  18.99912  1.49946  4.13948  0.97641  0.60274
856819  112.511693  -1.81076945  19.13088  1.3076  1.76659  0.64743  0.44554
