# BEGIN CATALOG HEADER 
# catdb sqlcl.query 
# catname dss1@cadc 
# nquery 4 
#     ra 12:12:12.00 hours 
#     dec 10:10:10.0 degrees 
#     radius 5.0 minutes 
#     qsystem J2000.0 INDEF 
# type btext 
# nheader 1 
#     csystem J2000.0 
# nfields 7 
#     objid 1 0 c NDEF %11s 
#     ra 2 0 d degrees %10.5f 
#     dec 3 0 d degrees %10.5f 
#     r 4 0 r INDEF %6.3f 
#     gr 5 0 r INDEF %6.3f 
#     ug 6 0 r INDEF %6.3f 
#     ri 7 0 r INDEF %6.3f 
#     iz 8 0 r INDEF %6.3f 
814689  44.37177  0.299408  15.3031  1.26556  3.105492  0.526726   0.305807
880202  44.41554  0.291717  18.1607  1.32381  2.516201  0.632119   0.340187
880078  44.39892  0.321734  15.6377  0.619587  1.687668  0.211564  0.083826
814628  44.36115  0.341138  17.9038  0.355601  0.999714  0.141712  0.065326
814673  44.34192  0.278939  16.2436  1.02525  2.452211  0.378358   0.206217
814677  44.35455  0.338677  17.8518  1.463347  2.67209  0.821777   0.474495
880073  44.39798  0.239978  14.0434  0.66578  1.540998  -0.30253   0.40159
880107  44.43360  0.276847  14.5851  1.160017  2.539475  0.016073  0.683313
880198  44.40073  0.333162  17.9996  1.47817  2.583159  1.283323   0.691405
814605  44.33228  0.237313  15.2799  1.447764  2.576498  0.159881  1.394206
814622  44.34390  0.360998  15.6172  0.977264  2.399914  0.343245  0.196155
814654  44.30335  0.306902  17.7399  0.68972  1.693413  0.285444   0.134678
814679  44.35756  0.221687  17.3589  0.956577  2.230583  0.378037  0.237335
814684  44.36253  0.215879  16.4129  1.122379  2.549667  0.393805  0.224507
880080  44.39966  0.348990  17.3153  0.480234  1.246109  0.186659  0.040282
880110  44.44082  0.350786  17.1918  0.236092  1.049932  0.077284  0.020181
880216  44.45039  0.308140  16.316  1.498182  2.652117  0.800498   0.456238
880220  44.45602  0.274943  17.9293  0.71938  1.736544  0.279111   0.159359
880224  44.45873  0.290084  16.1349  1.21057  2.665853  0.446826   0.247234
779824  44.35983  0.20885  14.0246  0.417417  1.152091  -0.33021   0.449057
814602  44.29757  0.288973  16.4975  0.706171  1.811102  0.254452  0.13378
814650  44.28882  0.299740  17.0131  0.797867  2.009616  0.276665  0.159664
814660  44.32018  0.219493  16.7447  1.218863  2.685291  0.458181  0.276571
814686  44.36823  0.376667  18.6338  1.099749  2.617481  0.473301  0.266904
880104  44.42951  0.214031  17.2699  0.66704  1.723173  0.231415   0.118412
779920  44.35851  0.202642  17.348  1.486357  2.759031  0.761297   0.402992
  1     44.44574  0.268075  10.803  0.979     2.773     0.373      0.213
  2     44.33850  0.310552  11.712  0.106     1.157    -0.03300   -0.0460
