# BEGIN CATALOG HEADER 
# catdb sqlcl.query 
# catname dss1@cadc 
# nquery 4 
#     ra 12:12:12.00 hours 
#     dec 10:10:10.0 degrees 
#     radius 5.0 minutes 
#     qsystem J2000.0 INDEF 
# type btext 
# nheader 1 
#     csystem J2000.0 
# nfields 7 
#     objid 1 0 c NDEF %11s 
#     ra 2 0 d degrees %10.5f 
#     dec 3 0 d degrees %10.5f 
#     r 4 0 r INDEF %6.3f 
#     gr 5 0 r INDEF %6.3f 
#     ug 6 0 r INDEF %6.3f 
#     ri 7 0 r INDEF %6.3f 
#     iz 8 0 r INDEF %6.3f 
994696	196.7470	-1.29289	16.59799	0.477808	1.328594	  0.1553	 0.03719
994716	196.7635	-1.27195	16.66066	 0.69573	1.677816	0.240921	0.116574
994797	196.7581	-1.27326	16.25227	1.411442	2.538482	0.671244	0.385948
994791	196.7344	-1.27586	16.90166	1.116905	2.591972	0.418207	0.213242
994820	196.8008	-1.35994	16.95526	0.969347	2.241171	0.365152	0.218432
392575	196.7593	-1.22212	15.38687	0.544036	1.531877	 0.17994	0.050987
458065	196.8051	-1.22202	16.69829	0.249586	0.875393	0.095518	0.001585
994694	196.7408	-1.24050	15.21833	0.384682	1.166598	0.129481	0.040101
994700	196.7615	-1.36194	15.74577	0.471703	1.074211	0.114997	 0.07384
994701	196.7619	-1.36234	15.91357	0.502479	 1.91045	0.184864	0.015836
994750	196.8482	-1.28397	15.43838	0.374781	1.112683	0.145166	0.047265
994752	196.8488	-1.31308	16.71602	0.497904	1.205322	0.193142	0.094751
392571	196.7545	-1.20878	15.51559	0.874345	  2.1411	0.305503	0.145885
392573	196.7579	-1.21548	15.94462	0.562881	1.482615	0.186529	0.068144
458068	196.8082	-1.20897	16.31185	 0.58163	1.472184	0.217841	0.081865
458083	196.8341	-1.20173	16.60243	0.562016	1.283002	0.247129	0.115046
458087	196.8548	-1.21092	15.25348	0.464336	1.319001	0.145259	0.062277
929207	196.6920	-1.32081	15.57625	0.614608	 1.45634	0.251407	0.159801
994690	196.7180	-1.22856	15.08775	  0.5123	1.339719	0.194344	0.059905
994692	196.7204	-1.38658	16.52296	0.672032	1.695144	0.282531	0.119421
994748	196.8416	-1.38337	15.41186	0.923258	2.232548	0.327957	0.174346
994769	196.8593	-1.37945	16.83205	0.531693	1.429567	0.212387	0.106737
994836	196.8628	-1.36153	16.77387	0.780055	 1.97709	0.279193	0.136128
060242	196.8854	-1.30013	15.98004	0.701524	1.902266	0.278001	0.120048
060244	196.8899	-1.28849	15.86847	0.456606	1.276033	0.191524	0.049856
060252	196.8981	-1.35940	16.76954	0.468324	1.225419	0.205898	0.044718
392545	196.6774	-1.16384	16.20264	0.428087	1.219536	0.139763	0.021265
392547	196.6846	-1.22125	16.47935	0.455768	1.255169	0.130167	0.026726
392556	196.7194	-1.14997	15.75474	0.418434	1.175224	0.133872	0.022404
392559	196.7221	-1.14063	15.77242	0.643501	1.691978	0.218611	0.089091
392567	196.7431	-1.17718	15.97956	0.690203	1.801302	0.220814	0.090322
392579	196.7654	-1.15102	16.27761	0.719066	1.754269	0.287904	0.160169
392691	196.7866	-1.15216	15.96128	1.379308	2.650872	0.752978	0.408302
458109	196.8733	-1.19533	15.07255	0.283279	1.090856	0.090003	-0.01430
929178	196.6136	-1.29427	15.54748	0.470482	1.054258	0.204687	0.102103
929197	196.6640	-1.35890	16.71794	0.550524	1.527536	0.175007	0.131008
929252	196.6106	-1.30554	16.76665	1.474577	2.649202	1.046774	0.562972
060255	196.9067	-1.35900	16.49161	0.460528	1.363636	0.226328	0.056146
809728	196.6909	-1.40693	16.09585	1.390419	2.700499	0.521718	0.402849
809771	196.7313	-1.43227	16.24045	0.427479	1.189376	 0.14247	0.038055
809775	196.7362	-1.42130	15.61435	1.381943	2.568199	0.601565	0.314953
875211	196.7650	-1.42798	16.30991	0.443546	1.273233	0.145886	0.049427
875221	196.7861	-1.45927	15.05232	1.404893	2.553339	0.695466	 0.36786
875225	196.7887	-1.47496	16.12824	0.956559	2.324413	 0.37007	0.164063
875264	196.8569	-1.46165	16.77892	0.555494	1.495636	0.187594	 0.09078
327038	196.6255	-1.20704	15.55267	0.465584	1.315859	0.141626	0.038908
327047	196.6299	-1.14460	15.53119	0.319097	0.971309	0.124188	0.021579
327112	196.5899	-1.21659	16.33524	1.213167	2.756085	0.422722	0.239927
392562	196.7267	-1.08655	16.73640	0.403798	1.191659	0.112638	0.019421
392681	196.7694	-1.07101	16.79398	1.430657	2.779037	0.850084	0.450758
523608	196.9557	-1.15458	15.89733	0.428312	1.229954	0.148486	0.037117
523612	196.9657	-1.15314	15.93888	0.570963	1.572885	0.151307	0.077602
863678	196.5437	-1.28276	15.09864	0.579981	1.655472	0.171085	0.060899
863682	196.5547	-1.37309	15.72525	0.659625	1.523045	0.268931	0.161486
929171	196.5964	-1.35696	16.53036	0.320862	 0.93594	0.118992	 0.04611
929249	196.6072	-1.36697	16.96155	0.707817	1.801058	0.286094	0.165362
060280	196.9835	-1.28044	16.32753	  0.7362	1.922058	0.312969	0.111331
060283	197.0082	-1.23701	15.92145	0.373306	1.131138	0.158612	0.027643
809676	196.6045	-1.42978	15.60692	0.588674	1.431391	0.211046	0.088701
809691	196.6625	-1.48889	16.97138	0.655792	1.747807	0.209244	 0.14409
809724	196.6856	-1.50074	16.29390	0.701372	1.982478	0.220646	 0.13755
809733	196.6985	-1.52725	 15.4474	0.578605	1.765348	0.177824	0.090969
809764	196.7220	-1.50344	15.95324	0.439824	 1.27698	0.125436	0.061066
809802	196.6390	-1.40868	16.30697	1.276577	2.550093	 0.49969	0.288151
875242	196.8405	-1.47307	15.21986	1.261752	 2.61977	0.505827	0.244409
875291	196.7426	-1.49283	16.49645	1.357487	2.442419	0.658439	0.369771
940773	196.9126	-1.50498	16.91853	0.533825	1.420258	0.178766	0.099632
940777	196.9170	-1.43737	16.58939	0.705911	1.962002	0.216406	0.082596
940783	196.9309	-1.46529	16.44268	0.864798	2.076297	0.308914	0.176167
940799	196.9578	-1.47031	16.60433	0.557228	1.539665	0.182596	0.089392
940818	196.9671	-1.40393	16.18790	 0.35611	1.088732	0.113199	0.041021
327028	196.5777	-1.05332	16.83833	0.521345	1.244738	0.226686	0.134364
392550	196.7040	-1.06135	16.76339	0.845688	1.982132	0.288233	0.179369
392649	196.6970	-1.06907	16.90619	0.929047	2.326007	0.294453	0.159433
523618	196.9795	-1.13103	16.43989	0.727407	  1.8638	0.272707	0.119751
523622	196.9928	-1.14204	16.02098	1.060878	2.534289	0.366331	0.176459
523666	197.0198	-1.08714	16.17157	 0.51062	1.457247	0.167504	0.046796
523669	197.0226	-1.20455	16.98527	0.582995	1.368267	0.245557	0.119799
523715	197.0707	-1.15712	15.13967	0.810899	1.964938	0.338596	0.168038
589124	197.0898	-1.20067	15.97643	0.597336	1.527968	0.222344	0.120367
589129	197.0969	-1.21298	16.27104	0.625275	1.585538	0.213785	0.104418
123838	196.8450	-1.61762	16.79504	0.341974	1.061877	0.140232	0.012997
863652	196.4784	-1.31385	16.71666	0.669056	1.762482	0.191724	 0.12373
863673	196.5169	-1.36221	16.66678	0.414507	1.086813	0.157424	  0.0607
125764	197.0217	-1.39218	16.67360	0.434133	1.024044	0.155062	0.081655
125812	197.0634	-1.34105	16.63326	0.455548	1.020866	0.126369	0.055588
125823	197.0867	-1.36523	15.93159	0.555819	1.546526	0.181133	 0.08827
125831	197.0928	-1.37258	15.86417	0.411205	 1.17382	0.140366	0.048839
125834	197.0929	-1.30712	16.86529	0.578533	1.540441	0.192364	0.118853
125837	197.0970	-1.32773	16.68803	0.403059	1.165926	0.124306	 0.05673
125845	197.1131	-1.29360	15.54513	1.313519	2.615906	0.524638	0.292047
744176	196.5132	-1.40241	16.02141	0.432407	1.230711	0.150089	0.063675
744179	196.5184	-1.49176	15.24137	0.524299	1.534447	0.178914	0.052278
744265	196.5243	-1.45657	16.98857	 0.95731	2.269573	0.363274	0.167959
744289	196.5540	-1.42139	16.80652	 1.12135	2.485344	 0.43609	0.240524
809670	196.5892	-1.46094	15.73784	1.494106	2.504326	0.322648	0.580857
809682	196.6138	-1.56352	15.15280	0.468021	1.328582	0.148028	0.079995
809693	196.6634	-1.53349	16.75183	-0.13448	1.283274	-0.14914	-0.02112
809730	196.6939	-1.53526	16.45986	0.374497	1.167946	0.101753	0.080116
809773	196.7359	-1.58882	15.65714	 0.53829	1.381495	0.177794	0.088578
875219	196.7867	-1.58065	16.52677	0.846986	2.122174	0.329275	 0.17519
875279	196.8846	-1.53364	16.07344	0.727853	1.954882	0.246835	 0.13179
875299	196.7580	-1.58213	16.87207	1.324629	 2.39987	0.792633	0.435967
