# BEGIN CATALOG HEADER 
# nfields '+str(nn)+' 
#     id 1 0 c INDEF %15s 
#     ra 2 0 d degrees %10.5f 
#     dec 3 0 d degrees %10.5f 
#     magV  4 0 r INDEF %6.2f 
#     magBV 5 0 r INDEF %6.2f 
#     magUB 6 0 r INDEF %6.2f 
#     magVR 7 0 r INDEF %6.2f 
#     magRI 8 0 r INDEF %6.2f 
# END CATALOG HEADER 
#
  1	346.253341   12.2660823 	15.015	 9999	  9999	0.1476	0.1273
  2	346.242155   12.2993287		15.634	0.6520	1.5944	0.2341	0.0993
  3	346.159600   12.2889407		14.902	 9999	  9999	0.1496	0.0923
  4	346.154433   12.2927586		15.769	 9999	  9999	 0.144	0.1116
  5	346.184620   12.3112477		16.688	0.9026	1.8821	0.3284	0.1499
  6	346.184264   12.3231327 	16.539	0.7078	1.5340	0.2887	0.1009
  7	346.203553   12.3263250		16.337	0.5343	1.2009	0.2070	0.0606
  8	346.176660   12.3815884		16.733	 9999	  9999	0.4806	0.1263
  9	346.193617   12.3814141		14.477	 9999	  9999	0.0963	0.2126
  10	346.188967   12.3932240		13.821	 9999	  9999	0.1353	 0.095
  11	346.234674   12.3951955		16.795	 9999	  9999	0.4796	0.6773
  12	346.242184   12.4080376		14.41	 9999	  9999	 0.157	 0.175
  13	346.258594   12.3681518		16.614	0.9296	2.3598	0.3399	0.2214
  14	346.257817   12.3519627		15.711	1.0844	2.5355	0.4076	0.2111
  15	346.293045   12.3424299		15.008	 9999	  9999	 0.317	0.3706
  16	346.271562   12.3192227		16.291	 9999	  9999	0.4253	0.3686
  17	346.224348   12.3168978		14.189	0.7274	1.7636	0.2146	0.0686
  18    346.246758   12.3274203 	18.033	1.4801	0.9268	1.4734	0.7103
  19    346.237423   12.3442481		13.154	0.6808	1.5732	0.2910	0.1352
  20    346.226787   12.3362020		15.563	0.9094	2.1240	0.3813	0.2002
  21    346.224242   12.3497138		18.470	0.9314	1.6342	0.3260	0.1822
