# BEGIN CATALOG HEADER 
# catdb sqlcl.query 
# catname dss1@cadc 
# nquery 4 
#     ra 12:12:12.00 hours 
#     dec 10:10:10.0 degrees 
#     radius 5.0 minutes 
#     qsystem J2000.0 INDEF 
# type btext 
# nheader 1 
#     csystem J2000.0 
# nfields 7 
#     objid 1 0 c NDEF %11s 
#     ra 2 0 d degrees %10.5f 
#     dec 3 0 d degrees %10.5f 
#     r 4 0 r INDEF %6.3f 
#     gr 5 0 r INDEF %6.3f 
#     ug 6 0 r INDEF %6.3f 
#     ri 7 0 r INDEF %6.3f 
#     iz 8 0 r INDEF %6.3f 
701616	162.1170	12.54069	17.43727	1.059393	2.468166	0.301848	0.207771
701623	162.1180	12.53071	18.87288	0.440334	0.467991	-0.16856	 0.35952
701619	162.1261	12.53267	18.84164	-0.08795	-0.21730	-1.76363	0.318069
701634	162.1160	12.51944	15.46682	0.839694	1.559595	0.306139	0.155363
701612	162.0898	12.56337	16.56983	0.522234	1.391807	0.129101	 0.03813
701618	162.1399	12.52677	18.81769	 1.83115	2.157202	0.797676	0.540482
701680	162.0814	12.51271	17.17531	1.449215	2.513544	0.534519	0.316439
701683	162.0906	12.55791	18.72286	1.479782	3.282288	0.461309	0.338473
701597	162.0911	12.49234	16.72197	0.792419	1.788712	0.207449	0.096623
701635	162.1248	12.57445	18.92459	 0.10099	0.300125	0.148062	0.233358
701637	162.1315	12.57212	14.09742	0.566304	1.641828	0.202085	-0.01462
701685	162.0952	12.57605	16.44460	1.101164	2.358642	0.424267	0.221626
767274	162.1576	12.55248	18.83044	0.293813	  1.0425	0.095286	-0.00535
701584	162.0521	12.51667	16.55723	0.650123	1.440117	0.171338	0.077898
701600	162.0968	12.46748	13.32651	1.219747	0.656469	-1.89823	1.934283
701601	162.0990	12.46642	17.18789	1.431476	2.365902	0.537735	0.318886
701676	162.0728	12.48334	18.75575	 1.64753	2.327326	0.737182	0.428154
701688	162.1174	12.47368	18.02183	0.590973	1.116547	0.155059	0.090941
767140	162.1779	12.55348	13.28279	1.035544	1.824311	-0.10603	  0.3531
767268	162.1474	12.58549	17.70863	0.522478	1.427655	0.123075	0.023997
767276	162.1579	12.57409	17.26846	0.579582	1.720183	0.170919	 0.07729
362661	162.1303	12.60089	15.71103	0.535695	1.472837	0.211141	0.029232
701582	162.0154	12.55654	15.42191	0.360398	1.083477	0.136149	-0.01378
701594	162.0891	12.44998	15.12441	0.797684	1.735715	0.201236	 0.05506
701661	162.0474	12.48652	17.99511	 1.53238	2.693244	0.798946	0.437557
701690	162.1378	12.46100	18.70148	1.551592	2.405796	1.282538	0.665781
767111	162.1601	12.45600	14.42939	 0.59903	1.377241	0.186888	0.066588
767119	162.1716	12.46845	10.77828	0.685662	3.100081	0.221868	-0.48750
767120	162.1685	12.46126	17.30142	0.405539	1.143732	 0.17815	0.018175
767165	162.1837	12.56569	15.76820	1.019055	2.378916	0.353865	0.193369
767168	162.1881	12.53281	11.31963	0.405731	2.640165	0.148814	-0.94287
767187	162.1951	12.57610	10.17665	0.958944	3.756379	0.397488	-0.56475
767188	162.1878	12.56812	15.60433	0.460154	1.258202	0.152958	0.059474
767269	162.1583	12.46841	18.87707	 1.44396	2.244198	1.065201	0.596164
767270	162.1583	12.48165	18.20971	1.393564	1.950914	0.851858	0.478348
362653	162.0991	12.60596	14.16484	0.409188	1.014818	-0.10653	0.247492
362684	162.0775	12.61048	18.77311	 1.05349	3.346695	0.510511	0.141563
362689	162.0836	12.60899	17.27172	1.183998	2.753831	 0.53106	0.245174
362718	162.1561	12.60791	17.76827	1.424948	2.556654	1.175251	0.594133
701587	162.0636	12.44742	14.83382	0.740768	1.516807	0.185963	0.053157
701648	162.0148	12.56084	17.35564	0.933731	2.183089	0.275102	0.100758
701654	162.0294	12.47765	18.41940	1.391258	2.680796	0.587925	0.374399
767210	162.2049	12.51634	13.02022	0.798983	1.143111	0.203653	-0.25617
767285	162.2035	12.50871	  18.615	1.156673	2.302431	0.480629	0.273005
767288	162.2035	12.56651	18.41574	0.464083	1.112924	0.173395	0.134308
362732	162.1807	12.60248	17.54295	1.153086	2.536734	0.494749	0.222026
