# BEGIN CATALOG HEADER 
# catdb sqlcl.query 
# catname dss1@cadc 
# nquery 4 
#     ra 12:12:12.00 hours 
#     dec 10:10:10.0 degrees 
#     radius 5.0 minutes 
#     qsystem J2000.0 INDEF 
# type btext 
# nheader 1 
#     csystem J2000.0 
# nfields 7 
#     objid 1 0 c NDEF %11s 
#     ra 2 0 d degrees %10.5f 
#     dec 3 0 d degrees %10.5f 
#     J 4 0 r INDEF %6.3f 
#     JH 5 0 r INDEF %6.3f 
#     HK 6 0 r INDEF %6.3f 
# END CATALOG HEADER
#
012163	77.97082	-15.7059	  15.238	   0.558	    0.32
012167	77.99511	-15.7099	   16.79	   0.614	   0.749
012168	77.99918	-15.7082	  15.313	   0.681	   0.202
012172	78.00937	-15.7401	  15.242	   0.506	   0.156
012173	78.01140	-15.7119	  15.627	   0.598	    0.48
012179	78.02600	-15.7092	  16.044	   0.451	   0.383
012180	78.02602	-15.7049	  14.018	   0.654	   0.193
012182	78.03972	-15.7066	  16.775	   0.422	   0.604
012184	78.04033	-15.7150	  16.363	   0.841	   0.276
012186	78.04734	-15.7312	  13.401	   0.355	   0.007
012188	78.04987	-15.7154	  16.518	   0.462	   0.512
012189	78.05625	-15.7221	  16.968	   0.658	   0.747
012192	78.06219	-15.7268	  15.777	   0.592	  -0.262
012193	78.06380	-15.7235	   11.06	    0.28	    0.08
012194	78.06381	-15.7101	    13.1	   0.194	   0.131
012206	78.10188	-15.7217	  14.044	   0.486	   0.044
012457	77.96184	-15.6863	  15.325	   0.451	   0.506
012458	77.96340	-15.6805	  12.786	   0.393	   0.065
012459	77.96347	-15.6526	  12.993	   0.389	   0.109
012460	77.96413	-15.6875	  15.913	   0.794	   0.591
012461	77.97057	-15.6801	  14.408	   0.526	   0.096
012462	77.97223	-15.6428	  10.847	   0.513	   0.126
012463	77.98058	-15.6406	  16.433	   0.539	   0.824
012464	77.99188	-15.6025	  14.365	   0.467	  -0.031
012465	77.99419	-15.6407	  14.714	   0.351	  -0.035
012466	77.99724	-15.6607	  15.075	   0.613	   0.121
012467	77.99831	-15.6170	  14.278	   0.237	   0.105
012468	77.99912	-15.6511	  16.199	   0.637	    0.29
012469	78.00022	-15.6381	  14.822	   0.497	   0.038
012470	78.00557	-15.6023	  15.326	   0.692	   0.121
012471	78.01284	-15.6613	  16.808	   0.875	   0.568
012474	78.01399	-15.6878	  12.186	   0.418	   0.754
012476	78.01477	-15.6355	  15.039	    0.68	   0.205
012481	78.01728	-15.6566	  16.574	   0.521	   0.869
012483	78.02119	-15.6954	  14.331	   0.238	   0.082
012484	78.02374	-15.6174	  12.562	   0.454	   0.105
012485	78.02623	-15.6948	  16.119	   0.705	  -0.018
012486	78.03114	-15.6477	  15.603	     0.2	   0.223
012487	78.03198	-15.6878	   9.996	    0.26	   0.069
012488	78.03475	-15.6271	  14.619	   0.325	   0.039
012489	78.04157	-15.6827	  15.763	   0.633	   0.296
012490	78.04607	-15.6340	  13.855	   0.249	   0.168
012491	78.04935	-15.6322	  13.239	    0.35	   0.117
012492	78.05006	-15.6419	  15.216	   0.436	   0.329
012493	78.05068	-15.6104	  15.127	   0.579	   0.136
012494	78.05252	-15.6692	  14.129	   0.644	   0.245
012495	78.05654	-15.6681	  14.826	   0.243	   0.204
012496	78.05897	-15.6777	  14.039	   0.406	   0.206
012497	78.05950	-15.6144	  15.871	   0.167	   0.112
012498	78.05987	-15.6562	  14.084	   0.499	     0.1
012499	78.06957	-15.6582	  16.205	   0.477	   0.159
012500	78.07235	-15.6201	  12.323	   0.599	   0.222
012501	 78.0728	-15.6275	  16.513	   0.091	   1.013
012502	78.07325	-15.6134	   13.96	   0.242	   0.016
012503	78.07495	-15.6600	  16.199	   0.547	    0.07
012504	78.07498	-15.6236	   7.989	    0.29	   0.086
012505	78.07554	-15.6470	  16.558	   0.199	   0.783
012506	 78.0761	-15.6629	  16.215	   0.783	   0.274
012507	78.07975	-15.6412	  15.781	   0.765	  -0.049
012509	78.08637	-15.6499	  16.013	   0.309	   0.272
012510	78.08702	-15.6808	    14.1	   0.598	   0.257
012511	78.08775	-15.6372	  16.026	   0.577	   0.211
012513	 78.0995	-15.6577	  16.135	   0.669	   0.291
012514	78.10747	-15.6340	  16.137	   0.699	   0.222
012515	78.10795	-15.6296	  15.595	   0.766	   0.028
012518	78.11946	-15.6631	   13.52	   0.324	   0.057
