# BEGIN CATALOG HEADER 
# nfields '+str(nn)+' 
#     id 1 0 c INDEF %15s 
#     ra 2 0 d degrees %10.5f 
#     dec 3 0 d degrees %10.5f 
#     magV  4 0 r INDEF %6.2f 
#     magBV 5 0 r INDEF %6.2f 
#     magUB 6 0 r INDEF %6.2f 
#     magVR 7 0 r INDEF %6.2f 
#     magRI 8 0 r INDEF %6.2f 
# END CATALOG HEADER 
#
  1	346.253341   12.2660823     	15.015	 0.0	  0.0	0.1475	0.1275
  2	346.242155   12.2993287	     	15.632	0.6375	1.5645	0.2325	0.1098
  3	346.159600   12.2889407     	15.769	 0.0	  0.0	 0.144	0.1115
  4	346.154433   12.2927586     	14.902	 0.0	  0.0	0.1495	0.0925
  5	346.184620   12.3112477       	16.694	0.8696	2.1391	0.3254	0.1540
  6	346.184264   12.3231327       	16.529	0.6904	1.5449	0.2803	0.0892
  7	346.203553   12.3263250       	16.337	0.5107	1.2284	0.2117	0.0587
  8	346.176660   12.3815884       	16.733	 0.0	  0.0	0.4805	0.1265
  9	346.193617   12.3814141       	14.477	 0.0	  0.0	0.0965	0.2125
  10	346.188967   12.3932240       	13.821	 0.0 	  0.0	0.1355	0.095
  11	346.234674   12.3951955       	16.795	 0.0	  0.0	0.4795	0.6775
  12	346.242184   12.4080376       	 14.41	 0.0	  0.0	0.157	0.175
  13	346.258594   12.3681518       	16.622	 0.934	2.4695	0.3295	0.1883
  14	346.257817   12.3519627       	15.718	1.0743	 2.553	0.4095	0.1971
  15	346.293045   12.3424299       	15.008	 0.0	  0.0	0.317	0.3705
  16	346.271562   12.3192227       	16.291	 0.0	  0.0	0.4255	0.3685
  17	346.224348   12.3168978   	14.189	0.7273	1.7778	0.2146	0.0686
  18    346.246758   12.3274203       	18.025	1.4377	0.9092	1.4752	0.7020
  19    346.237423   12.3442481       	13.165	0.6730	1.5664	0.2922	0.1387
  20    346.226787   12.3362020       	15.554	0.9189	2.1190	0.3717	0.2051
  21    346.224242   12.3497138       	18.430	0.9430	1.4116	0.2958	0.1665
