# BEGIN CATALOG HEADER 
# catdb sqlcl.query 
# catname dss1@cadc 
# nquery 4 
#     ra 12:12:12.00 hours 
#     dec 10:10:10.0 degrees 
#     radius 5.0 minutes 
#     qsystem J2000.0 INDEF 
# type btext 
# nheader 1 
#     csystem J2000.0 
# nfields 7 
#     objid 1 0 c NDEF %11s 
#     ra 2 0 d degrees %10.5f 
#     dec 3 0 d degrees %10.5f 
#     r 4 0 r INDEF %6.3f 
#     gr 5 0 r INDEF %6.3f 
#     ug 6 0 r INDEF %6.3f 
#     ri 7 0 r INDEF %6.3f 
#     iz 8 0 r INDEF %6.3f 
399637	162.8172	5.833213	18.86063	1.022501	2.091518	0.378031	0.340683
399629	162.8354	5.853528	14.28756	0.439062	1.196053	0.170196	0.086023
399631	162.7864	5.846521	17.96210	1.346348	 2.83197	1.198771	0.656742
399633	162.7931	5.856435	18.42280	1.398266	4.558449	1.215984	0.689921
399636	162.8302	5.839690	18.50131	0.264143	0.081846	-0.77673	0.226915
399630	162.8018	5.822338	16.16503	-0.23106	1.185597	-0.16214	-0.09094
399651	162.8110	5.814399	17.29012	0.437477	1.270943	0.160849	0.090992
399661	162.8391	5.866345	14.47933	0.037568	1.194857	0.074957	1.146039
399632	162.8062	5.811353	17.20448	0.439188	1.298666	 0.20771	0.023525
399730	162.8149	5.897004	18.92462	1.225565	2.312044	0.590519	0.383728
399743	162.8523	5.828567	16.43694	1.426767	2.720568	0.773522	0.413623
399746	162.8542	5.836631	15.67110	 1.33579	2.672199	0.577007	0.327923
399758	162.8577	5.852825	18.67725	1.291671	2.925707	0.547133	 0.33909
334253	162.7544	5.818948	16.30643	1.331203	2.625056	0.596808	0.327369
399663	162.8604	5.872048	17.35032	0.393127	1.025061	0.144863	 0.08199
399664	162.8690	5.870760	18.05858	0.243137	1.004532	0.097641	0.004465
399713	162.7832	5.792148	18.68626	1.354843	2.335669	0.681965	0.405496
399729	162.8166	5.799978	18.55174	0.299251	0.967308	0.108656	0.085865
399749	162.8559	5.802643	18.75910	1.257162	2.736515	0.476393	 0.25437
399753	162.8542	5.898021	15.96561	 1.36299	2.641373	 1.03436	 0.56883
399754	162.8530	5.896218	18.64529	1.305874	 2.65209	0.808223	0.455098
334135	162.7412	5.867701	14.73877	-0.10352	0.857428	1.078852	0.092249
334136	162.7437	5.865993	17.59367	1.198191	2.429782	 0.49437	0.351385
334141	162.7424	5.895472	13.11701	 0.65028	1.221031	0.465197	2.473815
334230	162.7256	5.869741	16.46105	1.231388	2.654383	0.632112	0.365206
334239	162.7365	5.838558	18.34295	 0.47501	1.396343	0.236286	0.054043
399668	162.8936	5.826680	14.92259	-0.53159	0.795185	0.552093	1.038151
399741	162.8509	5.794401	18.01483	1.474163	2.427763	0.954684	0.568369
399762	162.8720	5.805973	18.29337	0.515882	1.291361	0.174658	0.057884
351782	162.7437	5.897621	15.11960	0.495653	1.623654	0.161055	0.065261
351908	162.7945	5.924296	17.31360	1.353012	2.435515	0.586008	0.379549
393814	162.8370	5.777521	17.89363	0.851476	2.027413	0.316454	0.188046
334222	162.7167	5.839281	18.71065	0.523289	 1.63411	0.281032	0.102404
399709	162.9030	5.829133	17.66923	0.312536	1.007898	0.115019	0.043682
328200	162.7703	5.765811	15.27741	0.544915	 1.43615	0.177612	0.069913
328219	162.7983	5.761146	14.06627	0.654858	1.670509	-1.81666	2.149195
328323	162.7603	5.770514	18.23712	0.764839	1.858351	0.283037	0.100267
393698	162.8343	5.757358	17.02456	0.438572	1.260034	0.140898	0.061176
