# BEGIN CATALOG HEADER 
# catdb sqlcl.query 
# catname dss1@cadc 
# nquery 4 
#     ra 194.2245 hours 
#     dec 22.3745 degrees 
#     radius 20  minutes 
#     qsystem J2000.0 INDEF 
# type btext 
# nheader 1 
#     csystem J2000.0 
# nfields 7 
#     objid 1 0 c NDEF %11s 
#     ra 2 0 d degrees %10.5f 
#     dec 3 0 d degrees %10.5f 
#     r 4 0 r INDEF %6.3f 
#     gr 5 0 r INDEF %6.3f 
#     ug 6 0 r INDEF %6.3f 
#     ri 7 0 r INDEF %6.3f 
#     iz 8 0 r INDEF %6.3f 
547703	194.2054	22.38264	20.01709	1.572111	2.055382	1.225394	0.636409
547558	194.2128	22.39779	16.13626	 0.67691	1.766697	0.244792	0.081653
547559	194.2140	22.39995	20.00211	  0.3908	0.705339	0.210831	-0.14231
547735	194.1913	22.37569	20.56630	0.337153	0.184629	0.021389	0.269171
613214	194.2584	22.37109	20.36049	 0.74878	0.903267	0.347858	0.014196
613228	194.2374	22.39298	21.02489	1.684906	3.150373	1.378269	0.715065
547700	194.1833	22.35801	19.95394	1.521933	2.048443	0.977176	0.502024
613138	194.2321	22.40718	18.49021	0.391337	0.842451	0.127332	0.006562
613311	194.2375	22.33864	21.66315	0.331682	1.326839	0.436842	0.051661
613372	194.2691	22.37732	21.27914	0.943792	0.328524	0.485783	-0.06845
547619	194.1696	22.35749	19.99077	 0.09494	0.204521	-0.06780	0.111494
547701	194.1946	22.41299	20.17444	1.448317	3.899669	1.447117	 0.75402
547711	194.1689	22.39502	21.36793	1.425217	2.656219	1.382381	0.733254
547737	194.2083	22.43066	21.23644	0.304657	-0.21115	0.177628	-0.13470
547959	194.1825	22.34032	21.35519	0.290785	0.537762	0.076691	0.353437
547969	194.1913	22.40973	21.58269	0.321686	0.847317	0.061808	-0.88399
613077	194.2468	22.32137	17.48417	0.286024	 0.92079	0.108406	0.010537
613107	194.2759	22.38603	16.41130	0.782191	1.827722	0.277013	 0.12892
613149	194.2402	22.41935	18.63170	 0.86867	1.663158	0.306263	0.158321
613212	194.2296	22.42499	19.99731	1.310955	1.215906	 0.54674	0.161123
547544	194.1427	22.34979	15.36998	0.626557	1.688009	0.199914	0.082314
547604	194.1477	22.35130	18.26364	1.403154	2.249236	1.030331	0.561651
547606	194.1554	22.41312	19.61124	0.371781	1.029083	 0.14184	-0.00298
547609	194.1545	22.38108	17.36881	1.028254	2.391874	0.350565	 0.18153
547611	194.1521	22.32880	17.87148	0.865083	2.063607	0.326992	0.190438
547629	194.1996	22.44859	17.57483	1.374552	2.462383	0.677817	0.388248
547630	194.1974	22.44910	20.36134	0.091099	0.306267	0.068859	0.209541
547633	194.1975	22.31549	19.66384	0.807051	2.228227	0.358309	0.059911
547687	194.1368	22.37404	20.35314	1.524503	2.386774	 1.41755	0.707347
547694	194.1567	22.34308	19.81626	1.375937	3.584074	 1.08123	0.570511
547695	194.1628	22.35100	19.83343	1.441423	1.945952	1.186566	0.620317
613073	194.2382	22.44564	14.61987	  0.6988	1.877327	-1.02276	1.325938
613111	194.3007	22.41029	16.87574	 0.59115	1.520327	0.229221	0.092005
613114	194.3117	22.37416	14.89030	0.468234	1.293213	0.169654	0.063739
613147	194.2386	22.43821	19.36896	0.900898	1.503479	0.327471	0.193035
613151	194.2373	22.30082	18.47348	1.312948	2.182431	0.567547	0.317432
613153	194.2646	22.42845	18.57439	0.476691	1.241285	0.139558	-0.00717
613154	194.2736	22.44281	18.62501	0.629797	1.512116	0.251449	0.051611
613156	194.2911	22.38633	19.85462	0.054004	0.809023	0.126791	-0.11297
613157	194.2946	22.41594	19.09014	0.358832	0.858911	0.201782	-0.07514
613163	194.3026	22.34251	17.01006	0.917591	2.090569	0.360733	0.197041
613168	194.3056	22.34938	17.12148	1.435427	2.471918	0.876881	0.470764
613256	194.2966	22.41096	20.58924	0.305008	0.915252	0.105252	-0.14233
370774	194.1513	22.47076	19.69738	0.238739	1.080486	0.136004	0.090393
370781	194.1553	22.46459	19.09199	1.404967	2.774025	0.838201	0.442717
436245	194.1763	22.46223	19.96327	0.495315	1.301045	0.177797	0.241759
436251	194.1838	22.45066	19.41497	1.455191	2.280247	1.164709	0.645523
436252	194.1862	22.45157	19.38050	1.090242	2.611219	0.530129	0.249697
436270	194.2297	22.46985	18.18350	1.307871	2.392498	0.621016	0.359411
436283	194.2478	22.48003	19.33537	0.273296	0.988768	0.119093	-0.04213
436285	194.2502	22.47601	19.78287	0.761641	1.872703	 0.30843	 0.14401
436288	194.2542	22.48053	18.45918	1.443252	2.533358	1.279187	0.694391
436294	194.2644	22.47660	18.75907	0.468662	1.014363	0.185894	0.128416
436321	194.2918	22.46809	17.50748	1.337371	2.604391	0.643614	0.368408
547541	194.1285	22.35653	16.23275	0.459062	1.286757	0.126291	0.026301
547598	194.1070	22.40095	18.99884	1.537043	2.522278	0.591532	0.307064
547601	194.1221	22.36415	16.02623	1.233773	2.516556	0.433252	0.224077
547602	194.1273	22.34764	20.03802	0.269634	0.000719	0.065157	-0.07932
547622	194.1666	22.28951	16.67585	1.094406	2.478103	0.388621	0.212467
547623	194.1689	22.28771	18.01242	1.357231	2.256223	1.144484	0.607317
547635	194.1974	22.28980	20.07300	-0.22808	0.390858	-0.22752	-0.14605
547642	194.2089	22.27763	16.52365	1.424778	2.522862	0.713602	0.369623
547673	194.1112	22.37259	19.36818	1.314281	4.330513	0.504347	0.295891
547692	194.1411	22.29323	19.79206	1.060316	1.944015	0.412253	0.318569
547699	194.1774	22.27008	19.38418	1.443588	2.128351	1.166508	0.585792
613075	194.2299	22.25825	16.22886	0.409785	1.146278	  0.1182	0.024328
613118	194.3205	22.40347	14.30385	0.752898	1.048046	-0.20997	0.035365
613119	194.3202	22.40338	16.63483	0.325062	0.533237	-2.99583	3.079088
613159	194.2952	22.31564	17.42544	1.045403	2.523382	0.422122	0.197802
613160	194.3077	22.42482	18.60510	 0.10884	0.928423	0.072348	-0.17694
613165	194.3008	22.28113	17.94867	 0.64036	1.570452	0.304716	0.121059
613180	194.3275	22.41857	16.73738	1.319149	2.827139	0.580427	0.284397
613183	194.3382	22.39853	16.54622	0.947893	2.209646	 0.34824	0.194331
613184	194.3398	22.39772	18.89991	0.667784	1.672826	0.425385	0.148408
613187	194.3429	22.41486	17.53019	1.367331	2.369409	0.844644	0.477753
565280	194.1932	22.21707	17.78108	0.426529	1.149891	0.153145	0.047369
565286	194.2203	22.22252	14.50878	-2.14353	3.226842	0.503654	 0.58372
565287	194.2246	22.21584	16.24233	1.375469	2.706528	0.811144	0.451539
370698	194.1580	22.47608	17.44185	0.284879	0.945488	 0.14563	0.013474
370778	194.1543	22.48517	16.40961	1.438999	2.405063	1.312258	0.697518
482052	193.9933	22.43386	15.41635	0.719414	1.949114	0.251853	0.075841
482061	193.9983	22.45295	17.18713	0.334354	0.908266	0.124975	-0.01826
482075	194.0203	22.44012	14.83132	0.819566	2.087643	0.276055	0.100908
482094	194.0455	22.37672	17.44940	0.472557	 1.32914	0.208853	0.043211
482136	193.9930	22.45277	18.66768	1.170158	2.246647	0.485707	 0.22216
482140	194.0041	22.38102	18.75345	1.263092	3.164942	0.495403	0.238167
482142	194.0038	22.28304	18.81840	0.274923	0.955622	0.085667	-0.08790
482143	194.0085	22.27523	18.72622	0.360845	1.146784	 0.09156	0.008465
482145	194.0102	22.29086	17.07650	1.450436	2.442114	1.179633	0.589842
613205	194.3756	22.29128	17.73700	1.401951	  2.7174	0.947643	0.531748
678598	194.4076	22.27176	15.91876	0.874116	2.041498	0.331588	0.186303
678600	194.4088	22.23577	14.64488	0.809665	1.757325	0.202393	0.219731
678602	194.4325	22.41534	15.27900	0.466142	1.245638	0.133813	0.037676
678604	194.4267	22.32117	15.07790	0.961368	2.381498	 0.32024	0.160592
678607	194.4451	22.35039	15.91813	0.391282	1.069023	0.134286	0.024305
678611	194.4607	22.38276	15.08023	1.443872	2.347376	 0.90696	1.048228
678680	194.4060	22.34343	19.07089	1.466793	2.330713	0.595783	0.417328
