# BEGIN CATALOG HEADER
# nfields 11
#     id 1 0 c INDEF %15s
#     ra 2 0 d degrees %10.5f
#     dec 3 0 d degrees %10.5f
#     magr  4 0 r INDEF %6.2f
#     maggr 5 0 r INDEF %6.2f
#     magug 6 0 r INDEF %6.2f
#     magri 7 0 r INDEF %6.2f
#     magiz 8 0 r INDEF %6.2f
# END CATALOG HEADER
#
124766  218.18101899  9.9007033  16.59907  0.32781  0.94011  0.13694  0.02025
124771  218.20334028  9.88122357  19.67951  5.43486  -0.47973  1.01598  0.54476
124765  218.18154629  9.90661707  15.4517  0.74458  2.09969  0.25338  0.08923
124767  218.15622539  9.90403531  17.74386  1.17498  2.61884  0.51377  0.284
124780  218.19104451  9.91734506  19.82600  0.49752  0.87421  0.04029  0.07837
124791  218.1693229  9.91790809  19.76778  0.53286  1.65156  0.15809  0.09231
124981  218.21499974  9.89545572  19.51375  0.23597  1.02588  0.12584  -0.00581
125391  218.21622239  9.90808907  19.75231  1.1738  2.76345  0.52939  0.2846
125753  218.22237368  9.89186352  19.93220  8.31486  -6.99022  -8.15278  9.5324
438420  218.15882316  9.87332722  16.20393  0.59024  1.60488  0.21817  0.12824
438789  218.16279624  9.85966002  19.88082  0.36796  0.95028  0.16409  0.02476
124769  218.19447463  9.92402163  18.39323  1.31461  3.06962  0.52943  0.29084
124840  218.19225756  9.93620096  17.06125  0.41541  1.25881  0.16702  0.03535
124930  218.14307435  9.89447515  16.14997  1.23894  2.70078  0.48441  0.24552
124944  218.14878819  9.92448756  19.32095  0.30495  1.04743  0.19058  -0.01978
124965  218.19362929  9.93124958  17.48991  0.97466  2.20639  0.35811  0.18563
124999  218.23037115  9.87840122  17.69806  1.0766  2.43876  0.38949  0.20335
125067  218.23104859  9.88529702  19.10042  1.33988  3.38963  0.61547  0.35226
438584  218.15323471  9.86670398  18.55440  0.25199  0.95032  0.10833  0.04655
438587  218.15728842  9.85845966  19.78546  0.45687  1.36956  0.25258  0.0644
504119  218.17898095  9.84056517  18.08738  0.50414  1.12888  0.22725  0.08222
504154  218.22406377  9.85142459  18.61754  0.85727  1.9662  0.34962  0.18977
504305  218.17870606  9.83732347  19.08043  1.25663  2.41037  0.4958  0.32251
059309  218.13600644  9.91244366  16.04804  0.43797  1.28833  0.15373  0.02692
059417  218.12893206  9.91666673  18.57278  1.35304  3.47788  0.78905  0.4369
059517  218.122347  9.8978018  19.93433  1.46374  3.34589  1.00015  0.55637
124746  218.14825366  9.93322182  16.34320  0.443  1.40647  0.15043  0.01936
124752  218.15630854  9.94425783  15.67967  0.72004  1.98707  0.24903  0.0822
124834  218.19024426  9.94639535  17.66338  0.28601  1.0007  0.11105  -0.01467
124908  218.25588938  9.90250606  16.39960  0.7041  1.93806  0.24035  0.11109
124927  218.14569912  9.93667976  17.46410  0.83973  1.93894  0.36108  0.17867
124957  218.17113109  9.95116064  18.87169  1.00526  2.10019  0.44006  0.24262
124997  218.23056354  9.91963908  18.16226  1.42471  2.53832  0.93059  0.49987
125009  218.24049531  9.8728965  17.84272  0.46051  1.1697  0.17732  0.02054
504109  218.16714521  9.83502135  19.31728  0.56808  1.20351  0.23492  0.10245
504152  218.2209772  9.84069215  18.69568  0.48228  1.36033  0.24448  0.08719
504161  218.22698026  9.85217065  17.80794  0.53658  1.37596  0.2232  0.09117
504190  218.24372366  9.84670244  18.10620  1.09632  2.44955  0.42208  0.22015
504308  218.2197687  9.82978728  19.33650  1.41734  2.91655  1.00284  0.60198
059306  218.13456613  9.96325937  17.27452  0.49208  1.34669  0.18212  0.06918
059383  218.08653452  9.91352796  19.3771  0.28817  0.97194  0.12846  0.03386
059411  218.12090585  9.93457368  18.52574  1.1098  2.69595  0.43612  0.21688
059413  218.12504214  9.96608844  18.52491  1.42103  2.96668  1.02336  0.57165
059612  218.12758358  9.95918321  19.98541  0.66697  1.32773  0.23187  0.06104
124900  218.25560447  9.95705254  14.46380  -0.14855  1.10946  0.04722  0.52632
124903  218.25958055  9.93420709  16.60226  0.52352  1.43448  0.17814  0.0488
124912  218.28080192  9.93104876  16.25879  0.51115  1.42314  0.17212  0.05094
124915  218.27741981  9.90234482  17.32280  0.16563  0.95693  0.04256  -0.01138
124940  218.15336576  9.98021556  17.47159  1.11192  2.22728  0.45033  0.25228
124961  218.18112307  9.97864376  18.07682  1.2702  2.89587  0.54179  0.28063
124963  218.18570894  9.97464662  18.10574  0.35465  1.00664  0.1611  0.04175
124987  218.23201141  9.96159729  18.70638  1.25813  2.61019  0.58965  0.36097
125029  218.25981781  9.91138136  15.46245  1.42826  2.67162  0.78044  0.42132
125038  218.26088459  9.90194824  18.06214  0.54595  1.40974  0.18296  0.07397
125046  218.26960706  9.94892486  17.64679  0.64216  1.57275  0.2769  0.08127
125051  218.28500968  9.91860132  19.05390  0.57125  1.16118  0.20338  0.13331
125063  218.22382576  9.96042805  18.79880  1.34342  3.1817  0.70642  0.38566
125264  218.17456133  9.981866  19.96172  1.34031  3.01189  0.89346  0.6413
438400  218.10993447  9.83587739  16.36557  0.44747  1.19668  0.1409  0.04761
438401  218.11030579  9.83551651  18.46229  0.63256  2.12866  0.31749  0.16767
438521  218.0946521  9.83992397  18.76326  1.45994  2.25626  1.04084  0.58554
438525  218.10203459  9.8700881  18.37153  0.38718  0.90984  0.15062  0.05668
438535  218.10661393  9.85752967  19.74890  0.54324  1.60811  0.20999  0.15918
438551  218.11685336  9.82849954  16.02063  1.4412  2.73588  0.77304  0.4262
438568  218.12329953  9.83598018  18.71964  0.6902  1.8713  0.26985  0.12521
438582  218.1445819  9.8169207  18.86888  0.25573  0.916  0.12346  0.22959
438689  218.0830468  9.87750485  19.65009  1.38996  4.59655  1.36068  0.75501
503889  218.18620913  9.810382  16.72175  0.5693  1.53964  0.1787  0.07846
503977  218.26600672  9.84746562  17.34392  0.3631  1.06393  0.1208  -0.00062
504126  218.17755585  9.79756214  18.46622  1.32159  2.51528  0.59586  0.31472
504187  218.23265058  9.79682033  16.65837  0.77499  1.95824  0.26272  0.19803
504231  218.2802109  9.86031371  18.68974  0.46806  1.12131  0.2069  0.05677
504314  218.24105079  9.83104567  19.00073  1.46576  2.44736  1.1477  0.64711
122822  217.93087478  9.68961256  14.11990  0.87415  2.22838  -0.62985  1.08058
994303  217.88019027  10.00845079  19.98760  0.72321  1.63167  0.23554  0.19313
059241  218.06992951  9.92201821  17.45749  -0.03457  0.21916  -0.06854  -0.12121
059272  218.09271509  9.95930467  16.05979  0.23001  0.9164  0.09054  -0.0183
059381  218.08074427  9.9629746  15.97077  1.09295  2.47539  0.39673  0.19487
059392  218.10190748  9.97848893  17.00829  0.93818  2.32399  0.34445  0.16804
059398  218.10801717  9.98517465  18.59268  0.50991  1.17453  0.21235  0.07241
059402  218.10530471  9.9585543  17.84936  0.68008  1.83945  0.24025  0.09156
059474  218.06372488  9.91784706  19.31850  1.41355  1.96559  0.70965  0.3604
059514  218.07955113  9.94278019  19.88866  1.44651  2.78162  0.91085  0.51332
124866  218.24304699  9.978806  13.94932  0.66742  1.80427  0.08152  0.29413
124874  218.25806034  9.9845311  14.60608  -1.49555  1.88367  -0.6097  1.26479
124875  218.26702052  9.98657754  15.26032  0.42262  1.1671  0.0811  0.0018
124876  218.2678991  9.98641675  19.66286  1.14416  1.59383  0.5703  0.26023
124977  218.22545797  9.99653714  19.54583  0.35544  0.94195  0.12788  0.01098
125005  218.25025667  10.00168678  18.59518  0.73789  1.99856  0.26283  0.07746
125032  218.26814886  9.97225809  16.89983  1.38576  2.71739  0.6551  0.3821
125065  218.23163913  9.99382732  19.26025  0.88353  2.25474  0.29662  0.16542
125088  218.29590906  9.96049308  19.60036  1.22231  2.66083  0.60893  0.2795
125090  218.29823779  9.95494273  19.39999  1.32943  2.00671  1.52311  0.73784
125107  218.24689613  9.99372846  19.60900  1.44541  4.04954  1.19743  0.66245
190280  218.30629357  9.92514408  17.98538  0.23663  0.91996  0.09831  -0.02673
190296  218.30895512  9.86709803  17.69552  0.99425  2.29847  0.35084  0.19879
190297  218.30841395  9.86696379  19.06829  0.45217  1.39135  0.18971  0.0219
190423  218.30544744  9.94835792  18.34150  0.48698  1.33236  0.17316  0.1125
190425  218.31221604  9.91415705  17.12888  0.55128  1.42061  0.18857  0.09684
190436  218.31482254  9.885624  16.38169  1.42015  2.65138  1.20927  0.64373
190577  218.30921415  9.89488722  19.64310  1.15418  3.39654  0.46129  0.26407
255823  218.48065497  10.01706045  17.76807  0.30041  1.00692  0.09823  0.03635
255982  218.47615108  10.03099018  17.61931  0.56133  1.55143  0.21336  0.07472
256020  218.50832035  9.93927719  18.67038  0.50484  1.2459  0.20319  0.04233
256195  218.51282173  9.87628271  18.74804  1.46274  2.63236  0.89978  0.4953
307517  217.86207141  9.86306934  19.60785  0.24343  0.88317  0.07089  -0.00269
307520  217.86130836  9.85280062  17.75122  1.35565  2.51556  0.71993  0.38193
372823  217.8776815  9.77449881  16.67600  0.58315  1.60468  0.23099  0.073
373047  217.86160878  9.8316759  19.0035  1.26882  2.22633  0.57998  0.27202
438376  218.07355666  9.83532192  17.06665  0.42642  1.21142  0.16701  0.077
438410  218.137358  9.78821226  16.6509  0.41087  1.21535  0.13772  0.02831
438411  218.13424027  9.78768662  16.89588  0.55719  1.56872  0.19635  0.06288
438433  218.15263627  9.75925777  17.13532  0.43382  1.27548  0.15669  0.08485
438501  218.07705517  9.82187555  18.44363  0.50629  1.42976  0.18918  0.06664
438516  218.08561629  9.81607  19.61223  0.28973  1.04195  0.11328  0.02683
438523  218.09206738  9.80668686  17.73211  1.04474  2.3096  0.38827  0.25281
438544  218.10781296  9.79762127  19.13776  0.28661  1.01021  0.15005  -0.03144
438564  218.11318506  9.7780153  17.92495  0.45073  1.21685  0.21033  0.10385
438668  218.09506082  9.79172832  18.94624  1.42259  2.61333  1.34585  0.72023
503882  218.16862434  9.76488194  14.05094  0.28825  1.08588  -0.1986  0.38099
503999  218.29126512  9.85940011  16.54956  0.46007  1.2193  0.16947  0.04842
504019  218.31219405  9.86019817  14.35711  0.39819  1.24478  0.12494  0.00467
504111  218.16347714  9.76955434  19.62725  0.22571  0.93466  0.13871  -0.08569
504137  218.18799117  9.75418101  18.24351  0.74777  1.75448  0.25763  0.17718
504148  218.20084228  9.77585332  19.25347  0.36717  1.19922  0.17048  0.09015
504192  218.2389736  9.78154862  17.12939  1.2125  2.63825  0.53667  0.31868
504206  218.25349761  9.77958879  18.01024  0.93124  2.16999  0.34402  0.19713
504213  218.26320568  9.80235413  18.65591  0.65113  1.48819  0.15748  0.07157
504245  218.29512014  9.85001722  18.16553  0.5415  1.39271  0.18343  0.07264
504288  218.30490087  9.83704188  18.68922  0.49671  1.15022  0.20246  0.06553
504337  218.22802517  9.78004709  19.81955  1.42674  2.61713  1.31255  0.78467
504633  218.2295704  9.76809259  19.95128  1.43849  1.69231  0.94244  0.53586
504702  218.24908162  9.77859324  19.78383  0.72531  1.76127  0.26568  0.23699
570225  218.40813157  9.65491552  19.64378  0.98011  3.12233  0.31212  0.26979
635089  218.48804413  9.77447672  17.85097  0.84038  2.01053  0.29227  0.17421
635098  218.50198576  9.79827882  18.99826  0.49587  1.35349  0.13968  0.08608
243844  217.97918336  10.13870464  18.59230  0.41592  1.09754  0.17465  0.09736
309276  218.07983731  10.19244277  15.81617  0.82428  2.09321  0.27345  0.13664
309548  218.19439468  10.2051918  19.08983  0.91922  2.07984  0.34238  0.11443
375020  218.345156  10.1703424  19.38933  0.37395  0.85964  0.19744  -0.03156
375065  218.30622081  10.18302948  18.92153  1.38083  2.56426  1.15177  0.61811
375173  218.28775638  10.18995361  19.83577  0.70336  1.83574  0.32126  0.04327
440347  218.40009961  10.13092304  16.88020  0.56105  1.44173  0.21562  0.07797
440492  218.40824248  10.12052658  18.15420  1.07021  2.55155  0.43225  0.22349
261555  217.96831237  9.64991965  17.33406  0.5605  1.49057  0.23203  0.10143
261655  218.0286851  9.60197296  19.33043  1.02196  3.06899  0.36809  0.22641
327075  218.06506528  9.58848527  18.41258  0.46964  1.29592  0.15275  0.09686
327206  218.07877061  9.58374785  19.38272  1.30239  2.88274  0.91663  0.47761
392520  218.20992399  9.56392173  16.67902  0.33999  1.05088  0.1313  0.03854
392529  218.22160323  9.56579694  15.00381  0.617  1.7182  -0.26363  0.54945
188388  217.98164997  9.68691165  16.45747  1.31718  2.5046  1.02417  0.54868
253952  218.14936485  9.66194889  18.34882  0.30379  0.99804  0.1072  0.03994
254055  218.15476519  9.66159178  18.78600  1.18382  2.81527  0.52151  0.31441
993705  217.88340466  10.0251834  14.67536  1.38415  2.72623  0.68429  0.36804
993717  217.89614154  10.04555598  15.02310  1.35308  2.64858  0.57315  0.30491
993780  217.96058606  10.0731937  17.20108  0.27268  0.95196  0.103  -0.00145
993784  217.96927949  9.95927705  15.80128  1.06164  2.49089  0.39526  0.18506
993797  217.97232334  9.95186324  14.91680  0.37775  1.13974  0.13799  0.01185
993802  217.97227748  9.92031044  13.79392  1.25179  1.10191  0.19751  -0.07725
993811  217.97848922  9.94921317  16.18262  0.62457  1.70221  0.23506  0.09135
993855  217.85177206  9.92618517  17.59057  0.34046  1.09817  0.10074  0.05232
993915  217.90680361  9.94167272  17.88845  1.28716  2.34535  0.60981  0.3629
993917  217.90381065  9.91626055  19.71292  0.27499  0.99724  0.11621  0.03265
993923  217.94315297  10.04224363  19.60633  0.22149  0.92986  0.09621  0.03768
993934  217.95803013  10.05352898  16.67681  0.74476  1.78945  0.29474  0.14997
994012  217.92071245  10.012483  19.73125  0.60284  1.55788  0.18978  0.12698
994055  217.91753218  9.99042775  19.48866  1.4168  4.3971  0.69609  0.37289
994057  217.92110549  10.00904881  19.64870  1.53012  4.09709  1.05429  0.55974
994061  217.98243517  9.97741332  19.97372  1.45651  3.14896  1.00231  0.54661
994648  217.99125959  10.10074905  19.98522  0.80292  2.54887  0.29261  0.1785
059244  218.10114433  10.08970233  17.44244  0.38555  0.95859  0.0713  0.03639
059327  218.00423753  9.99761585  16.14193  1.42116  2.79258  0.93023  0.50309
059328  218.00227227  10.00086953  16.87267  0.61337  1.67137  0.21537  0.10264
059332  218.01241305  10.03608807  17.72164  1.3183  2.51045  0.59512  0.34414
059342  218.0250728  10.04899704  18.70298  0.3805  1.06796  0.14432  -0.00946
059378  218.09152092  10.08314372  16.14128  1.12892  2.48119  0.41439  0.22534
059442  218.02574317  10.03659556  19.64616  0.64023  1.88159  0.23399  0.19711
125059  218.31186012  10.05770835  19.34231  0.31255  1.04222  0.05207  0.00841
190282  218.32757782  10.05278424  14.85173  0.61253  1.76825  0.19819  0.06843
190389  218.40473745  9.89810588  14.75581  0.56276  1.55358  0.103  0.02388
190399  218.41001985  9.90497448  14.18547  0.4122  1.30876  0.11304  -0.00493
190462  218.35573809  10.01284691  17.69402  0.43992  1.23881  0.16226  0.02315
190474  218.36787332  10.00921241  18.60725  0.40562  1.21197  0.11711  0.00112
190477  218.37001802  10.02311512  18.11885  1.24579  2.41747  0.47201  0.27086
190511  218.40143111  9.86880392  17.75486  1.05102  1.17041  1.39085  0.81629
190516  218.42737177  10.0304107  18.45336  0.59939  1.61987  0.22732  0.08533
190522  218.41472076  9.89817262  18.23686  0.58314  1.49714  0.21037  0.07042
190692  218.38070592  9.96775998  19.99149  0.72361  1.43678  0.27626  0.22858
190987  218.37867641  9.99424814  19.78294  1.3826  2.74914  0.67108  0.33262
191101  218.39858073  9.90509237  19.80537  1.17637  1.42093  0.43483  0.27001
255820  218.45857527  9.98560898  15.15799  0.46863  1.36958  0.16884  0.04112
255968  218.46019249  9.95553189  17.63636  1.35652  2.68462  0.6715  0.36671
255969  218.46053748  9.95514436  18.03620  1.42391  2.52953  0.75782  0.40796
255992  218.46805822  9.87156432  18.91354  0.5123  1.49082  0.18865  0.08878
256012  218.50657684  9.97693998  18.42041  0.32258  0.92285  0.13267  0.00441
256018  218.50824648  9.96271555  16.50071  1.05649  2.47513  0.37871  0.19627
256175  218.46327233  9.95210762  19.04231  1.48717  3.40792  0.77532  0.51493
256184  218.47914759  9.88530762  19.61456  1.18535  2.66666  0.56177  0.30598
256191  218.51187787  9.93509118  19.11353  0.97898  2.70476  0.27716  0.29098
307369  217.85376237  9.84058714  13.87540  1.0273  1.38949  0.19564  0.18181
307512  217.85170166  9.88039965  19.95437  0.3543  0.95348  0.14214  0.23615
307588  217.85261117  9.85022643  19.91049  1.40295  2.42958  1.03943  0.58619
372831  217.90379494  9.83855975  16.60453  0.21607  1.00433  0.07139  -0.02496
372843  217.91330819  9.78768623  17.45721  0.42578  1.24058  0.16707  -0.00679
372880  217.97628568  9.80167142  15.74735  0.6126  1.63311  0.23317  0.07223
372883  217.99505229  9.7771905  14.76084  0.67045  1.81859  0.26942  0.09272
372930  217.89906973  9.85040063  16.83504  0.9564  2.37504  0.34257  0.1502
372938  217.90111788  9.80656476  18.40314  1.42157  2.94691  0.87769  0.50515
372956  217.92324716  9.76106272  18.96615  0.32792  0.93418  0.16746  -0.02515
372983  217.94110319  9.72712902  19.01037  0.38604  0.99503  0.20963  -0.00768
372988  217.94887699  9.71977547  18.04427  0.93142  1.97324  0.34464  0.14235
372990  217.97045863  9.82254854  19.81337  0.40153  1.0027  0.09083  -0.03779
372994  217.97622658  9.84048319  17.56931  0.61918  1.65762  0.2226  0.06339
373067  217.93748998  9.75107954  19.12175  1.32082  2.21545  0.80412  0.42981
373359  217.90201338  9.87133422  19.80194  0.93873  2.52197  0.33109  0.19583
373362  217.90342832  9.86579581  19.91779  1.30613  2.11379  0.67352  0.45369
373504  217.93295794  9.74856337  19.93084  0.82103  2.2223  0.36122  0.20194
373584  217.97060257  9.87474675  19.91573  1.36153  2.67998  0.70789  0.49324
438356  218.05417615  9.71152768  17.36588  0.3355  1.12062  0.11845  0.01518
438380  218.07088239  9.69623487  14.55288  -0.03126  1.30709  1.00062  -0.08312
438381  218.06711058  9.69630578  18.89691  0.29869  0.99009  0.06405  -0.09789
438392  218.08153492  9.70329005  16.20274  0.55886  1.655  0.1969  0.05955
438393  218.08203124  9.70300877  17.01695  0.89271  2.03685  0.29216  0.18632
438423  218.13602063  9.67600553  14.59732  0.68437  1.89722  0.21922  0.08895
438445  218.00654502  9.75680764  17.61543  0.75019  1.93523  0.25086  0.16951
438464  218.02759073  9.74009877  17.27521  0.63966  1.68851  0.2733  0.17895
438527  218.08175789  9.69953404  19.02659  0.51417  1.25306  0.17251  0.08471
438533  218.08526286  9.68378109  17.04721  1.02973  2.31154  0.39049  0.21206
438547  218.09593855  9.69133789  17.26621  1.43329  2.76942  1.13591  0.62245
438651  218.00607335  9.74400247  19.27055  1.03715  2.33944  0.32522  0.2189
438653  218.01651762  9.74307037  18.93212  1.40234  2.26465  0.94142  0.53733
438676  218.09178798  9.69791766  19.54169  1.30255  2.89726  1.34698  0.73171
438702  218.00389763  9.74969839  19.72797  0.46993  1.08379  0.19485  0.11016
504210  218.24550651  9.68059145  19.45573  0.41727  1.14056  0.0891  0.15459
504693  218.23492164  9.67553137  19.99064  1.32736  3.85329  0.67874  0.41097
569419  218.31150251  9.7050462  16.49668  0.45493  1.24537  0.16153  0.03379
569437  218.35179715  9.65270116  17.55774  0.30071  0.99396  0.08229  0.04256
569449  218.37865023  9.77642661  15.47508  0.56293  1.55964  0.18149  0.07394
569516  218.31261362  9.70168099  18.97812  0.28057  1.02483  0.10573  0.00294
569561  218.33684069  9.7311691  18.88466  0.33874  1.02596  0.1419  -0.02266
569586  218.35949256  9.7650576  16.49199  1.01013  2.30102  0.35885  0.20307
569610  218.38626921  9.81541405  18.83414  1.32586  2.88906  1.01954  0.52586
569619  218.39313912  9.82779231  18.18592  1.43758  3.05855  0.7369  0.4463
569655  218.43796848  9.74270154  18.79687  0.40784  0.97148  0.15229  0.07825
569675  218.43879783  9.67956886  19.35428  1.34366  4.39582  0.68801  0.45867
569685  218.45613074  9.80382086  18.76289  0.86502  1.90138  0.30118  0.18056
569724  218.31887515  9.71172131  19.04118  1.30651  2.46465  0.62589  0.36411
569730  218.34124436  9.72649764  19.69452  1.45567  2.15901  1.16642  0.63857
569777  218.43864764  9.75337477  19.58608  0.58075  1.50632  0.21127  0.06173
569782  218.46938334  9.83393084  18.79116  1.43543  3.37625  0.98594  0.54564
569791  218.33744667  9.7194239  19.69338  1.6184  2.26328  0.90742  0.58983
569795  218.37977147  9.80158822  19.45899  1.39855  4.3598  1.40113  0.80261
569802  218.46620562  9.81466721  19.96280  1.25758  1.3168  1.10766  0.56689
569907  218.30853929  9.70584208  19.89823  1.42373  1.87403  0.65464  0.33612
570067  218.35600858  9.66043667  19.85169  0.76923  1.92312  0.21221  0.19312
635086  218.47859051  9.72829381  18.10254  0.51941  1.36134  0.1616  0.10195
243753  217.96400138  10.13235379  14.81177  0.34286  1.08481  0.13072  0.04389
243845  217.97939696  10.1401469  19.25634  0.45046  1.15655  0.18588  0.03752
243885  218.01688588  10.12236451  19.06756  0.89751  1.78793  0.3789  0.21941
243988  218.03326164  10.12329338  19.67739  1.1958  2.53555  0.38537  0.25315
243991  218.04693179  10.14124418  19.32764  1.4538  3.05298  1.26114  0.66543
244000  218.01740275  10.11458769  19.93942  1.40994  3.40483  1.13109  0.6128
309252  218.05964316  10.1889024  15.32965  0.42366  1.13037  0.13438  0.04138
309259  218.06465948  10.14767494  15.22785  0.60138  1.61752  0.19634  0.08978
309262  218.06429732  10.14217773  17.63142  0.29513  0.8894  0.09486  0.04549
309441  218.09744732  10.16063241  15.68140  1.42024  2.59919  0.95142  0.50833
309484  218.12772532  10.16873194  19.23227  0.76539  1.78622  0.25488  0.21281
309517  218.1647095  10.10408489  18.08636  0.35205  0.96301  0.12905  0.06711
309526  218.17572713  10.16536388  18.51795  0.48376  1.1575  0.20448  0.07757
309528  218.17791811  10.16969426  18.62645  1.0706  2.47917  0.37195  0.22433
309542  218.17888675  10.10678473  18.21908  0.30578  0.9421  0.11898  0.00119
309545  218.18019676  10.09625758  18.20042  0.8326  1.88954  0.32886  0.19647
309555  218.20792645  10.21669934  18.71918  0.26086  1.04225  0.099  -0.09976
309567  218.07760017  10.20057658  19.01035  1.37351  2.40105  0.66242  0.41582
374853  218.26112649  10.16571369  14.70954  0.37622  1.16469  0.13083  0.0374
374915  218.22412794  10.10009208  18.28972  1.36054  2.99027  1.36933  0.76585
374929  218.24202984  10.10054891  18.70792  0.43563  1.12214  0.21979  0.13158
374970  218.28458074  10.0806202  18.97036  0.27115  1.04063  0.10475  0.04445
374981  218.3038154  10.14396666  18.4942  0.48733  1.08216  0.1719  0.11882
374993  218.31259807  10.14879653  17.59882  0.72461  1.99778  0.25965  0.13467
440367  218.43271545  10.10623081  15.82642  0.62721  1.65861  0.2533  0.10576
440381  218.44580319  10.09203995  14.86668  0.46935  1.33568  0.17937  0.07256
440452  218.39017141  10.09554935  19.64128  0.63441  1.30455  0.28657  0.07105
440469  218.39534882  10.09212774  17.41374  1.44316  2.62282  1.45395  0.77354
261493  218.04254631  9.59283166  16.27464  0.37103  1.15216  0.1321  0.01764
261494  218.04270444  9.59374919  18.92482  1.52675  3.79595  1.4047  0.74603
261586  218.01052002  9.60662849  17.44620  1.27483  2.57884  0.60586  0.34952
261676  217.96754113  9.64318113  19.80024  1.2948  4.1278  1.47139  0.77908
261710  218.00778783  9.66052505  19.84841  0.197  1.06762  0.13974  -0.11798
262051  217.99255516  9.67624725  19.78268  0.9193  1.84373  0.34708  0.19197
327012  218.16818687  9.59937328  16.00725  0.66238  1.61112  0.22367  0.09563
327068  218.06285229  9.62438635  19.64061  -0.31658  0.30339  -0.25803  -0.2153
327091  218.0915945  9.57296511  19.16026  0.38294  0.94412  0.08414  0.02408
327121  218.13314012  9.60615405  18.79728  1.30927  2.64976  0.71046  0.4272
327130  218.14440745  9.59941223  18.53901  1.3346  2.27751  0.7183  0.40502
327184  218.18552768  9.60319671  18.23897  1.38611  3.07675  0.92748  0.42603
327208  218.08510055  9.61764791  19.16821  1.2878  2.92  0.63522  0.39447
327651  218.16201789  9.60467357  19.96155  0.81024  2.17498  0.26702  0.19606
392532  218.2291863  9.61159147  15.91921  0.60831  1.66809  0.20082  0.09225
392552  218.28785875  9.6190242  17.83721  0.28411  0.90701  0.12113  0.09226
392563  218.30774448  9.58051775  14.60370  0.56706  1.60781  -2.59836  2.86789
392564  218.30566783  9.57947358  17.37185  0.49873  1.23367  0.22419  0.09783
392565  218.30617666  9.57856307  18.00889  0.39878  1.0373  0.15252  0.04394
392574  218.32415622  9.6369892  14.26976  0.423  1.05543  -2.75777  2.87274
392575  218.32447641  9.63736715  15.38227  0.30256  1.44582  0.46738  -0.07968
392650  218.24770267  9.61178156  17.82338  1.4248  2.75077  0.92603  0.51311
392704  218.28319513  9.5763346  17.96991  0.43069  1.216  0.15568  0.05047
392753  218.34498797  9.59903564  18.58339  1.3091  2.93466  1.1153  0.6036
392850  218.31476735  9.58342128  19.75365  1.27003  2.10564  0.57392  0.33395
392902  218.32010361  9.63584456  19.76692  0.41049  0.86109  0.17524  -0.00608
392904  218.3165364  9.58677139  19.83922  0.31214  0.96969  0.10026  -0.04404
458059  218.36374133  9.60751938  14.82286  0.4237  2.26086  0.74137  0.31418
122929  217.95520057  9.68796948  18.00488  1.3934  2.53645  0.72013  0.39394
188330  218.06777282  9.67303037  16.84215  0.48275  1.34508  0.18728  0.06057
188459  218.10247934  9.67271657  18.39529  0.27774  1.07423  0.12837  0.01838
254101  218.23208251  9.65539049  19.46683  0.43956  0.88874  0.14076  0.06495
319510  218.27615134  9.65192816  18.83372  1.40152  3.62184  1.44426  0.74547
319511  218.27577618  9.65344231  19.49786  1.53544  3.84645  1.46144  0.89404
993667  217.8525095  9.93464679  13.16365  2.46041  -0.14129  0.22553  -0.50303
993723  217.89317322  9.94050873  15.81033  0.50088  1.32409  0.1758  0.06797
993727  217.91038964  10.08049007  16.62411  0.58355  1.55465  0.20936  0.0929
993731  217.89922776  9.97903173  13.62490  1.2388  0.67046  0.0316  -0.1005
993875  217.88342264  9.94078814  18.56970  0.30956  0.868  0.10913  0.02494
993884  217.89015746  9.93276572  17.77017  0.43356  1.10235  0.16277  0.08965
993887  217.89054422  9.92861738  17.50302  1.08296  2.32043  0.45195  0.27727
993912  217.91196474  10.00720079  18.65767  0.45599  1.34116  0.16163  0.08283
993926  217.95390423  10.08089231  18.47711  0.4035  1.06448  0.18187  0.05618
993938  217.94536476  9.90840214  18.02011  0.79689  1.92621  0.2988  0.15741
993942  217.95920642  9.96724821  18.38691  0.57369  1.40128  0.23144  0.13645
993948  217.96840984  10.02294779  19.29276  0.78064  2.02278  0.32233  0.10799
994014  217.9267523  10.03004613  19.46462  1.15987  2.30247  0.52015  0.25745
994034  217.99812894  10.03141419  19.40915  1.41729  2.96366  1.14968  0.60382
994051  217.87739907  9.91826274  19.77010  1.39972  2.34095  0.75623  0.43193
994148  217.99159859  10.03747799  19.70320  0.28408  0.63214  0.29577  0.02429
994370  217.89288475  9.96072544  19.94454  1.17608  2.89586  0.4513  0.26545
059213  218.00469301  10.04360548  15.62024  0.74369  1.88531  0.26215  0.11159
059216  218.01274394  10.06826686  16.64440  0.38051  1.03982  0.10047  0.03499
059218  218.00891332  9.94519351  17.00723  0.46051  1.36206  0.20113  0.07481
059221  218.04199116  10.06890159  16.54960  0.40644  1.12106  0.17847  0.0498
059226  218.05416891  10.00337685  16.13996  0.36157  1.09937  0.12114  0.02104
059280  218.11545606  10.01184119  17.29540  0.29872  1.01965  0.11746  0.03794
059344  218.00951472  9.90870625  18.67101  1.30887  2.46502  1.09436  0.61264
059348  218.01299447  9.91553403  17.47004  0.76669  2.02274  0.23184  0.12868
059350  218.0331987  10.06315032  17.90959  0.43785  1.29117  0.14647  0.06897
059354  218.03164715  9.97127842  18.52840  1.0388  2.44925  0.40392  0.20729
059356  218.03431716  9.92724435  19.21954  0.72758  1.54742  0.27918  0.10458
059358  218.04090852  9.97698216  18.26190  0.24225  0.92377  0.10268  0.01122
059366  218.05001652  9.93295454  19.2812  0.35414  1.11874  0.10453  0.0042
059371  218.06149883  10.0236161  18.86762  0.45848  1.22754  0.20631  0.10939
059395  218.11494606  10.04381774  18.63801  0.43277  1.02407  0.16466  0.05449
059409  218.12732651  10.03476502  19.30178  0.27483  1.04061  0.11816  -0.04886
059415  218.14206323  10.03573446  17.65377  1.34436  2.60826  0.5694  0.31244
059419  218.15880806  10.06312608  19.20766  0.88716  2.47776  0.35606  0.19449
059436  218.009459  10.03756579  19.25070  1.25835  2.13136  0.54539  0.24643
059452  218.02414765  9.92029159  19.25540  1.32156  3.7632  0.7775  0.25246
059454  218.03735896  9.98469454  18.72222  1.48498  2.82724  1.00838  0.57251
059459  218.04390506  9.96909814  19.35444  1.32544  2.70442  0.6593  0.37247
059461  218.06083067  10.08536602  19.20577  1.0163  2.34502  0.39853  0.2498
059469  218.05772709  9.99894698  19.78996  0.45866  1.20428  0.1862  0.20415
059471  218.0554471  9.93242898  19.04245  1.34762  2.36968  0.69025  0.40177
059486  218.14094563  10.03099969  19.71178  1.30349  1.94464  0.67069  0.38056
059497  218.00861781  10.03527964  19.79529  1.3834  2.49317  0.80361  0.42403
059647  218.00907597  10.06618115  19.94402  1.2154  2.0261  0.64632  0.45829
060044  218.12563106  10.05404013  19.78388  0.81621  1.86973  0.32741  0.01033
124749  218.16313946  10.05480712  16.17591  0.71432  1.88165  0.24849  0.0895
124756  218.18109463  10.05981281  16.65288  0.43533  1.33045  0.17177  0.03858
124757  218.17900984  10.05742919  18.82171  0.29885  1.11959  0.13671  0.022
124842  218.21988934  10.03667456  17.4128  0.33746  1.00232  0.14719  0.03032
124848  218.23558366  10.03487263  13.67900  1.51513  2.10973  -0.2855  0.12471
124849  218.23757948  10.03525312  15.22235  -0.40585  2.01701  -0.54346  2.3945
124953  218.17846936  10.02557184  18.63741  1.40685  2.18393  1.30812  0.70573
124959  218.18360742  10.02407473  18.55592  0.77384  1.74164  0.33749  0.1279
124968  218.22835509  10.06743919  19.22917  0.76623  1.73371  0.27906  0.14166
124993  218.24522672  10.05367892  17.52726  0.58252  1.43067  0.15197  0.09188
125012  218.26343253  10.01967691  16.39697  1.20516  2.65485  -0.17689  0.86286
125024  218.26791607  10.01145757  17.42625  0.77315  2.04007  0.28303  0.12942
125041  218.27861618  10.03660693  18.38933  1.47438  2.61514  0.81658  0.45554
125048  218.28138756  10.00063244  19.58993  0.44756  1.07509  0.19303  0.03854
125053  218.29427548  9.99077023  16.36593  0.79515  1.99096  0.28637  0.1319
125069  218.2534547  10.00708404  19.21017  1.37913  2.16985  0.99582  0.4961
125073  218.25998695  10.01033368  19.34086  1.04134  2.45438  0.41813  0.24474
125533  218.29031075  10.02389935  19.64301  0.84153  3.25256  0.31101  0.13067
190278  218.30678423  9.9573638  15.90744  0.41213  1.22255  0.14277  0.01706
190311  218.34760655  9.9170403  17.17384  0.52243  1.28664  0.20916  0.08929
190318  218.37596131  10.04815833  14.42189  0.92906  2.24485  0.35482  0.18092
190337  218.36148826  9.91596173  15.31533  0.43843  1.30317  0.14229  0.01901
190349  218.36379099  9.85833927  16.05552  0.48012  1.34939  0.15838  0.04779
190352  218.38484089  10.01737145  17.27221  0.39273  1.17987  0.1251  0.01626
190354  218.36846366  9.86120577  15.29708  0.82363  2.01513  0.31742  0.15787
190395  218.42076627  9.99845572  15.63475  0.78776  1.94521  0.3092  0.16302
190403  218.4285908  9.90453325  15.68560  0.52781  1.49932  0.17061  0.03922
190420  218.31296389  9.99462856  19.5867  1.32461  3.28564  0.90305  0.47511
190432  218.33223347  10.06648483  18.37477  0.58984  1.64868  0.23145  0.11426
190438  218.32823041  9.93671439  18.53535  0.8677  1.99061  0.35154  0.19584
190451  218.33928335  9.97493706  16.70566  0.8891  2.11642  0.31386  0.164
190453  218.32653122  9.86827096  16.06512  1.39739  2.61773  0.7089  0.37908
190457  218.34608221  9.94560371  19.64239  0.45184  1.03652  0.15468  0.07093
190460  218.34034705  9.8892395  18.18068  0.65732  1.55851  0.25969  0.11052
190470  218.36778902  10.04651572  17.71723  1.3825  2.59422  1.18607  0.7493
190472  218.35780127  9.94818063  18.72488  0.38012  1.04919  0.15561  -0.03425
190481  218.35772058  9.90543695  18.64815  0.3635  0.92384  0.14328  0.02026
190489  218.36595586  9.87091785  18.55541  1.44968  3.48422  0.86615  0.49975
190492  218.3739931  9.88476236  19.12243  0.04191  0.09401  0.23279  0.0138
190497  218.40020357  10.00785239  17.66174  0.417  1.24816  0.10949  0.04796
190498  218.40061981  10.00706345  19.77322  0.51849  1.28905  0.24885  0.08141
190504  218.39953085  9.98579351  17.06425  0.56271  1.56782  0.19224  0.06288
190508  218.41127283  9.99792295  17.82345  1.36028  2.51794  0.70852  0.40125
190524  218.42622193  9.93722458  18.31093  0.90729  2.14506  0.33161  0.18835
190528  218.42135884  9.86981711  16.95739  1.2291  2.53093  0.46682  0.26539
190536  218.43498318  9.94358889  18.79905  0.23332  0.93428  0.08363  -0.01858
190543  218.43838314  9.91681774  18.80856  0.23531  0.95868  0.08465  -0.08933
190549  218.44003344  9.91245536  19.15341  0.94002  2.47084  0.38765  0.17474
190550  218.44106832  9.91412699  19.43873  0.70282  1.9948  0.28074  0.06938
190558  218.45639282  10.01320376  16.71348  0.94855  2.33345  0.30994  0.16604
190574  218.31004752  9.96288662  19.99911  1.3623  1.75236  1.034  0.52644
190579  218.31653585  9.93390002  18.83096  1.39084  3.77728  0.85654  0.47063
190583  218.33614513  9.90308012  19.40832  0.72428  2.32415  0.21588  0.13014
190590  218.35071595  9.97305683  19.38682  1.45032  3.28465  0.79347  0.44882
190592  218.33895959  9.8641342  19.28654  1.50994  3.36863  0.91675  0.53405
190606  218.42025445  9.92647235  18.99803  1.48666  4.01318  1.35081  0.73062
190621  218.3238329  9.89407064  19.8822  1.75634  2.61623  1.73648  0.99072
190626  218.39881422  10.034268  19.86083  1.30987  2.27802  1.31763  0.74136
190643  218.4263477  9.89269222  19.95834  1.34724  2.18675  0.6563  0.38581
190698  218.39538588  9.98731437  19.99834  0.43879  0.95071  0.17318  0.01891
190927  218.3465255  9.90864726  19.99952  1.28992  2.03397  0.52033  0.35479
191102  218.40667545  9.96940361  19.94798  0.71455  1.54906  0.21435  0.14875
255811  218.44512301  9.89281308  14.93480  1.27724  2.65057  0.5007  0.26608
256001  218.49106333  9.91464993  18.19618  0.46548  1.20644  0.18611  0.07552
256015  218.49394365  9.8642056  19.07682  0.35114  0.9648  0.15499  0.03512
256189  218.49243974  9.85276744  18.93599  1.41725  2.73479  0.84789  0.49346
256193  218.51915199  9.9335476  19.20568  1.35185  2.44628  1.37841  0.75565
256221  218.48705561  9.94704935  19.81430  1.33464  2.58483  0.88849  0.4258
256386  218.45829698  10.00177626  19.96454  1.26472  2.60061  0.52157  0.27711
372825  217.890435  9.83138292  16.05442  0.51019  1.4795  0.18402  0.03203
372873  217.9512658  9.86753105  15.64099  0.40064  1.22726  0.15588  0.02101
372877  217.96925502  9.75458991  15.21757  0.95915  2.29301  0.36624  0.15118
372912  217.88656347  9.90612935  17.97716  0.36033  0.93482  0.14054  0.05315
372913  217.887177  9.90404549  19.52397  1.28089  4.05908  1.103  0.62016
372919  217.88852481  9.89536273  17.49810  1.41885  2.56126  1.16799  0.60596
372933  217.89374139  9.78809648  18.30089  0.82594  1.96632  0.28465  0.10449
372944  217.90211673  9.77256336  17.57619  0.76469  1.98591  0.2758  0.1128
372947  217.92815053  9.85148231  17.33327  0.53497  1.47254  0.21249  0.03368
372964  217.94444242  9.89000646  18.37505  1.3767  2.57576  0.77297  0.38063
372970  217.95142515  9.905386  19.04829  0.59351  1.2843  0.31313  0.10425
372972  217.94072799  9.81416411  18.55464  0.53784  1.34968  0.20982  0.08089
372986  217.94505149  9.70265425  19.32082  0.82531  1.92666  0.31899  0.08248
372996  217.97150891  9.73729674  19.17508  0.58124  1.30777  0.22794  0.13459
373010  217.98097218  9.72503765  18.60951  1.00672  2.44558  0.44413  0.21852
373026  218.00550494  9.84104902  17.43419  0.51697  1.37767  -0.16757  0.44567
373029  218.01181655  9.86604019  17.64280  0.46835  1.21324  0.2172  0.0667
373031  218.01074786  9.84028028  17.72627  1.44637  2.85911  0.1281  1.14728
373073  217.94912413  9.79273113  19.34359  1.3436  2.59643  1.07183  0.56521
373080  217.96620022  9.78716595  19.24731  1.4911  3.87891  1.40595  0.7136
373087  217.96496048  9.75325487  19.65925  1.30134  3.41203  0.59323  0.26795
373094  218.00531316  9.84913559  19.48020  1.25438  2.95181  0.55922  0.35384
373108  217.88551849  9.83769198  19.98750  1.52397  2.43186  1.70948  0.91419
373118  217.94149389  9.82448331  19.97431  1.51421  2.3503  1.19573  0.53669
373153  217.92439328  9.85783407  19.93008  0.49794  1.00471  0.31697  0.05903
373264  217.877501  9.89534787  19.84630  1.29507  2.5219  0.5678  0.36186
373461  217.93787885  9.88307128  19.97257  1.03711  2.75011  0.44748  0.22201
438345  218.02300779  9.82688236  15.90681  0.38196  1.1159  0.12238  0.05146
438349  218.036301  9.85630633  16.51613  0.47302  1.27671  0.15508  0.06627
438405  218.12770474  9.74470653  16.37123  0.51642  1.47593  0.19339  0.08596
438416  218.14380553  9.75184242  15.25728  0.48411  1.31126  0.18142  0.05647
438426  218.14439539  9.72318184  13.97674  0.672  1.87572  0.21145  0.10407
438443  218.01562579  9.85888222  17.61541  0.7927  1.95749  0.24664  0.1556
438452  218.02432952  9.8319158  18.80152  0.32648  0.94282  0.13996  -0.00092
438461  218.01950404  9.72066562  17.21668  0.50712  1.37146  0.17114  0.0688
438469  218.04495253  9.88469404  17.60664  0.50425  1.29141  0.17049  0.08698
438472  218.02719832  9.71738593  17.06783  0.59932  1.52026  0.20502  0.08484
438477  218.04529723  9.81583587  16.76186  1.12131  2.68403  0.45261  0.26237
438486  218.04591226  9.80175089  18.24299  0.30709  0.89158  0.12134  0.05411
438488  218.04223802  9.70342396  18.00497  0.9641  2.25215  0.33944  0.18589
438494  218.07209574  9.80632732  18.55770  0.65885  1.71788  0.29933  0.17216
438497  218.07453973  9.79909232  16.56986  0.7119  1.99217  0.21724  0.11618
438510  218.07638432  9.79566595  18.81133  0.98904  2.71111  0.42305  0.24216
438512  218.07870376  9.78202043  19.53920  0.29549  1.03228  0.11935  0.14494
438514  218.07475742  9.74221777  19.52346  -0.06997  1.18862  -0.087  -0.09547
438531  218.0944885  9.76454353  18.77018  1.39937  2.4266  1.66004  0.9157
438561  218.10771828  9.74327254  19.10523  0.58933  1.73953  0.26213  0.08932
438575  218.13314452  9.74484496  18.84903  0.60775  1.50691  0.2622  0.09374
438578  218.13393996  9.7315576  19.69985  0.30033  0.95616  0.18352  -0.03969
438590  218.14955791  9.72794008  17.29725  0.81609  2.17846  0.27679  0.14142
438591  218.15136047  9.72776713  18.36361  0.9001  2.25709  0.34544  0.19118
438679  218.10236133  9.75870013  19.62931  1.28072  2.10986  0.55682  0.25298
438684  218.04826052  9.78516725  19.69902  1.32369  2.83649  0.72136  0.44811
438692  218.11568042  9.76883807  19.64261  1.47473  1.70719  0.89692  0.49163
438975  218.0621788  9.7545204  19.79240  1.2389  3.14073  0.48491  0.3392
503956  218.18487534  9.72848091  14.68257  0.43452  1.29402  0.13285  0.02595
503963  218.20284775  9.74916354  16.1007  -1.16015  1.31507  1.14201  0.81
503964  218.20355466  9.74945154  14.62744  0.82774  1.9759  0.17367  0.05508
503975  218.24644262  9.75631533  16.66318  0.34751  0.98003  0.12261  0.04044
503983  218.27360817  9.78287705  13.56035  1.37102  0.91412  0.21342  -0.09615
504003  218.27666479  9.72861032  15.35539  0.44109  1.31768  0.12404  0.01536
504015  218.30571733  9.81735205  15.87872  0.44645  1.22646  0.13873  0.02369
504025  218.29113926  9.67204178  13.97412  0.42952  1.23936  0.12808  0.03038
504026  218.28719144  9.67089316  17.68260  0.3702  1.06983  0.11462  0.01261
504105  218.15494219  9.74179619  18.98328  0.34859  1.09421  0.14102  0.05292
504122  218.16811217  9.73062905  16.25611  1.08477  2.38936  0.39438  0.20361
504129  218.16981274  9.71342783  18.80781  0.46413  1.17068  0.17013  0.07652
504132  218.17747375  9.71294241  18.28444  0.35014  1.88761  0.13597  -0.01132
504135  218.17766787  9.70115689  18.81831  0.78053  1.87688  0.28812  0.12669
504142  218.19220033  9.7275641  18.39961  1.35901  2.87704  0.81893  0.4717
504177  218.22021479  9.73647295  18.76477  0.61199  1.45596  0.26877  0.1667
504239  218.27582628  9.74622254  18.46836  0.95853  1.92143  0.33225  0.1658
504241  218.2831753  9.78208181  19.33259  0.7746  1.67879  0.23224  0.15338
504267  218.29147198  9.7586362  17.33791  1.24675  2.6508  0.46792  0.25105
504268  218.29112131  9.75641669  19.92531  0.28623  1.20234  0.10064  -0.0419
504274  218.29861845  9.80621851  19.15321  0.62302  1.44729  0.27704  0.18203
504316  218.23284843  9.74157267  18.69074  1.53023  2.34722  0.97995  0.57761
504341  218.24126571  9.71016238  19.9856  1.26754  1.47354  1.04627  0.59434
504343  218.29958015  9.79805023  19.92548  1.308  3.7481  1.09775  0.59465
504866  218.31255437  9.81913281  19.88614  1.36151  2.48087  0.54113  0.29175
569422  218.32986679  9.85478414  15.21910  0.55468  1.53073  0.204  0.07283
569457  218.41191854  9.79664561  14.48959  0.54666  0.05538  1.57334  -0.29576
569491  218.29820665  9.66156921  18.68210  0.90418  1.96505  0.32232  0.1657
569507  218.32713235  9.82754715  16.77215  0.69674  1.67928  0.2638  0.1123
569510  218.3089516  9.6770084  17.41064  0.5915  1.54604  0.19995  0.09074
569513  218.3200689  9.76757912  18.69630  0.42685  1.16522  0.17966  0.04159
569521  218.32821949  9.81631808  16.51281  1.36427  2.63635  0.58007  0.31413
569524  218.3127334  9.68054277  17.82907  0.8087  2.10028  0.28176  0.12769
569529  218.32974017  9.82113802  19.37935  0.22023  0.9108  0.1179  -0.06599
569531  218.32616458  9.7861172  16.85577  0.78819  1.95052  0.27261  0.12631
569533  218.33043044  9.81225975  17.54956  0.58549  1.59812  0.21439  0.06866
569548  218.33898797  9.82563449  18.30942  0.99052  2.22788  0.39871  0.24148
569550  218.33799123  9.81276529  19.09727  0.55926  1.24692  0.2278  0.1368
569552  218.3387743  9.81622708  18.59407  0.27656  0.88287  0.18206  -0.0502
569566  218.36006741  9.85241907  15.86664  1.01271  2.39367  0.38731  0.20646
569594  218.35819809  9.71158543  17.88683  1.13807  2.57168  0.44178  0.27006
569605  218.37414462  9.72668115  16.74667  0.89725  2.11989  0.305  0.17296
569622  218.38244275  9.72879811  16.30850  0.84974  2.14102  0.28794  0.16193
569629  218.3885081  9.66494758  17.89112  0.27242  0.95592  0.08318  0.03448
569651  218.42991698  9.71017519  18.63407  0.67441  1.88389  0.20523  0.19289
569667  218.44010829  9.72688367  19.39268  0.78286  1.89373  0.25205  0.17529
569682  218.44840969  9.74896267  18.60329  1.59836  2.48002  1.04569  0.6156
569691  218.4510425  9.74689617  19.30832  0.49117  1.17333  0.1926  0.03513
569704  218.45076106  9.73640838  18.2411  0.47826  1.46535  0.14263  0.03274
569707  218.4543607  9.75506398  16.39066  1.41072  2.74698  0.88257  0.48524
569714  218.46005639  9.75734271  18.47883  1.17241  2.42308  0.42296  0.25787
569742  218.39715254  9.76742282  19.22331  1.51234  2.69026  1.28502  0.75281
569745  218.39473538  9.73269431  19.39497  1.08027  1.97141  0.40236  0.28156
569759  218.43387573  9.7054113  19.31766  1.37723  3.16473  0.57649  0.45869
569798  218.40258638  9.78853237  19.78874  1.37367  2.00216  1.02512  0.58427
569808  218.31033403  9.75855336  19.81016  0.41385  0.84405  0.1917  0.12858
569844  218.41512407  9.81253845  19.90798  0.2534  0.26534  0.08815  0.43502
635080  218.47322731  9.79224824  18.41115  0.42727  1.21191  0.17676  0.04656
635104  218.51145066  9.80091319  18.68859  0.37622  0.9868  0.13027  0.03572
243748  217.9652893  10.13933967  19.76884  1.34569  2.00619  1.27274  0.6671
243855  217.9831158  10.15203651  19.24122  -0.14774  0.42975  -0.12869  -0.04217
243978  218.03251364  10.18233447  19.22720  1.34609  2.19739  0.96752  0.52771
309288  218.09318072  10.17302896  14.54790  0.40812  1.16448  0.13375  0.03323
309289  218.09610863  10.17041446  18.37992  0.57922  1.57317  0.19896  0.20116
309303  218.1165275  10.17336283  16.55710  0.54421  1.36456  0.21508  0.12128
309325  218.13044816  10.12875193  14.74703  -2.49452  2.67707  2.8901  -0.18476
309326  218.12816395  10.1361237  17.97531  1.4813  2.63277  1.23687  0.66602
309350  218.14085539  10.13252322  15.71451  0.60429  1.42576  0.26317  0.12961
309433  218.09162571  10.20659182  19.79541  1.45395  3.83936  1.38598  0.77819
309487  218.15045807  10.1879453  17.79683  1.23798  2.96095  0.47228  0.25282
309503  218.16161426  10.1850266  19.00379  0.54773  1.26315  0.22034  0.10571
309512  218.16196872  10.12970841  16.46708  1.42548  2.75312  0.79796  0.42595
309530  218.17964501  10.1811342  18.64400  0.64374  1.53028  0.2486  0.11745
309562  218.19935769  10.12226824  18.75743  1.19173  2.82439  0.54634  0.27395
309592  218.11488462  10.12784758  19.56268  0.88372  1.77004  0.29816  0.14799
309614  218.07865485  10.10379796  19.78819  1.34507  2.49453  1.26741  0.70866
309631  218.17905832  10.18803521  19.63098  1.39972  2.16091  1.23204  0.6394
374875  218.28508478  10.11878311  15.26187  0.19935  1.02302  0.05313  -0.01969
374877  218.28705849  10.11392053  16.32100  0.6597  1.68172  0.24658  0.12008
374885  218.32410121  10.18980897  18.44207  0.11233  -0.03479  -0.0989  0.01697
374896  218.34940148  10.14251333  17.28162  0.55502  1.48804  0.1904  0.08769
374925  218.24026823  10.11014461  17.68974  0.57897  1.57739  0.23508  0.11115
374932  218.25906062  10.1720246  18.74056  0.17724  0.91762  0.0631  -0.00263
374946  218.26961142  10.12431995  18.27276  0.82282  2.03443  0.31318  0.17241
374948  218.27623791  10.17593531  17.54822  0.88471  2.18062  0.35127  0.21382
374951  218.26917968  10.11292185  17.41014  1.36335  2.59766  1.09342  0.58737
374965  218.28348613  10.12263062  17.92832  1.06248  2.37346  0.44111  0.24873
375002  218.32766831  10.15281562  17.22769  1.08327  2.368  0.47209  0.29311
375007  218.32431122  10.07802289  15.89102  1.42812  2.59878  1.01794  0.53788
375024  218.34580522  10.07455389  19.12280  0.29912  0.90618  0.13694  0.0602
375098  218.30866339  10.10010891  19.98877  1.54772  2.9342  1.48326  0.82821
440654  218.37644908  10.12382098  19.79250  1.32952  2.46457  0.8667  0.37699
440672  218.37031287  10.12392041  19.85795  0.6081  1.29043  0.16311  0.00927
440698  218.43128416  10.06359024  19.80151  0.46764  1.07124  0.14695  -0.02243
261462  217.96533273  9.67262173  16.85538  0.32839  1.05388  0.13134  0.01908
261591  218.01971616  9.6390269  16.83692  1.155  2.71108  0.46139  0.25924
261592  218.01867437  9.63533939  17.52846  0.52972  1.44861  0.20976  0.08177
261614  218.05330715  9.62449814  19.23438  0.30334  0.85721  0.10429  0.06037
261633  217.94932671  9.64950545  19.34481  1.40799  2.28356  0.7315  0.42978
261657  218.04133668  9.62291197  19.42939  0.95301  2.15573  0.3914  0.18237
327005  218.13402004  9.59206962  16.54912  0.51757  1.36611  0.17959  0.07131
327085  218.09488845  9.65865897  19.46145  0.02296  0.1672  0.25722  0.00385
327103  218.1179644  9.65172484  18.23978  1.34517  2.63025  0.55817  0.31309
327136  218.15748934  9.64793129  18.72084  1.0634  2.36227  0.49532  0.26372
327144  218.15781946  9.63286634  18.07457  0.63956  1.77898  0.25163  0.09316
327150  218.15746059  9.5923192  19.38398  0.38601  1.19895  0.18987  0.0496
327154  218.16431037  9.64827817  18.60250  1.22894  2.54847  0.54646  0.31299
327156  218.1594994  9.58826135  19.04341  0.4511  1.15004  0.15336  0.08405
327158  218.16625091  9.63586737  17.73171  0.84295  2.10146  0.3264  0.17407
327255  218.19283441  9.58509211  19.50101  1.45247  4.57702  0.75095  0.39371
392539  218.24096391  9.64213351  15.53260  0.5819  1.5591  0.18301  0.08107
392545  218.25203139  9.56018584  16.54122  0.29324  1.00599  0.11604  0.02349
392640  218.22926952  9.59740294  17.50148  0.32031  1.03021  0.12886  0.03478
392653  218.24637599  9.58916739  18.88370  0.90664  2.35183  0.37008  0.26097
392674  218.25664163  9.59372419  19.04411  0.36024  1.18756  0.16348  0.05852
392731  218.30704833  9.61057168  16.59881  0.95302  2.21238  0.34125  0.1988
392742  218.32204286  9.62181514  19.50659  0.44765  1.15256  0.18107  0.05685
392799  218.25619303  9.64604033  19.05217  1.48966  3.19049  1.04448  0.57271
392827  218.30262833  9.61082559  19.23717  1.42227  2.9849  1.27055  0.50073
392863  218.35184123  9.63694259  19.96912  1.41186  2.32609  0.95954  0.59099
392990  218.22623872  9.65010978  19.84209  1.37667  1.7994  0.47386  0.50833
993678  217.86553615  9.91709908  13.07168  2.87681  0.04472  0.25566  -0.85321
993685  217.8697424  9.94839941  17.15789  0.78256  2.10055  0.26538  0.12402
993712  217.8704774  9.93518312  16.35618  0.38126  1.17838  0.12362  0.02684
993737  217.91848456  10.05912882  13.18476  1.33354  1.6215  0.22755  -0.91647
993748  217.9137984  9.92167104  19.53668  1.40584  3.30041  0.77465  0.43749
993813  217.98674804  9.92448949  15.53298  0.27425  0.95205  0.11277  0.00426
993816  217.99202501  9.96508521  15.54794  0.18212  -0.55089  2.7276  -0.94022
993869  217.88251842  9.99560821  18.80918  1.16109  2.15014  0.46562  0.29571
993873  217.88201845  9.97895791  17.08771  0.89604  2.0434  0.33336  0.17152
993877  217.89224666  10.00308161  19.11179  0.84024  2.19686  0.31076  0.25247
993892  217.90717577  10.0408142  17.52654  0.49628  1.40331  0.14897  0.05286
993899  217.90627972  10.0246665  17.39477  0.72242  1.69264  0.28593  0.1746
993919  217.93712746  10.08333569  19.49199  0.34867  1.0543  0.1718  0.0376
993921  217.92506152  9.97422202  19.26596  0.31186  1.15142  0.15672  -0.00526
993930  217.95310428  10.02553778  17.80412  1.25413  2.37883  0.5384  0.29602
994000  217.87229205  9.91903674  18.63446  1.4924  3.33299  1.45093  0.84147
994005  217.89775774  10.01893835  19.51107  0.87371  1.59173  0.29801  0.25986
994006  217.89530861  10.01758392  19.90722  0.98032  2.41872  0.40655  0.00494
994009  217.91952054  10.04723661  19.29405  1.20525  2.20304  0.44689  0.24338
994011  217.92470633  10.07416054  19.64982  0.9035  2.30019  0.31226  0.15003
994017  217.92312512  9.93832572  19.75054  1.39523  2.3018  0.6793  0.36884
994022  217.93427309  9.98439609  19.20612  1.06841  1.93665  0.39887  0.18648
994030  217.98181584  10.07362449  19.36326  1.48094  2.84575  1.44953  0.78401
994123  217.93741641  10.07209505  19.92621  0.34636  1.02764  0.09672  0.09603
059206  217.994996  9.95703714  14.31148  1.38744  2.6957  -2.2153  3.35951
059228  218.0752312  10.03809368  16.82322  0.57897  1.52207  0.20797  0.08396
059246  218.09884301  10.05203885  16.37781  0.47511  1.36963  0.15811  0.04674
059276  218.1214245  10.07141376  14.66676  0.68881  1.78271  0.29214  0.1296
059313  218.16008633  10.07755079  15.35820  0.69193  1.703  0.25991  0.10654
059334  218.01121387  9.99276897  19.01331  0.81774  1.83632  0.30992  0.17645
059336  218.02743788  10.10162822  18.49924  1.41194  2.84378  1.28077  0.70083
059338  218.01682067  9.99444333  18.37108  1.34679  2.62677  0.95059  0.5369
059346  218.02415203  10.01512927  18.25174  1.46725  2.77106  0.78809  0.47675
059405  218.12755992  10.07644096  16.96349  1.33986  2.57434  0.8279  0.44043
059438  218.01289483  9.98108375  19.53809  1.34453  2.17526  0.78775  0.41561
059447  218.0353462  10.03141312  19.19989  1.47273  2.04601  0.9481  0.55178
059449  218.03539428  10.01746131  19.68598  1.24976  2.66882  0.53952  0.35371
059477  218.11549173  10.06020832  19.18386  1.33487  2.13013  0.56179  0.34604
059483  218.1423371  10.07886864  19.34039  1.28423  2.1269  0.9489  0.48453
124859  218.25337011  10.07543452  15.54636  0.467  1.20158  0.22124  0.0751
124918  218.30085295  10.04958212  17.05844  0.41887  1.04604  0.20531  0.08654
124984  218.23950921  10.07386222  18.89259  0.22778  0.85379  0.11187  -0.02257
125020  218.27111202  10.07367783  18.02071  0.63283  1.63148  0.25885  0.08508
125061  218.20896329  10.08328038  18.85932  1.17452  2.18733  0.49504  0.28676
125077  218.27337219  10.05312184  19.60350  1.08111  2.66763  0.40671  0.20478
190302  218.34667722  10.01281796  14.41690  0.30603  1.08524  0.10389  -0.02112
190342  218.37279297  9.97830583  13.73828  0.94539  0.99543  0.16232  0.00693
190343  218.37148534  9.97898062  19.50924  1.45909  2.54524  0.96525  0.50307
190357  218.37438641  9.89161756  13.98275  0.3855  1.27522  -0.25797  0.45194
190362  218.39631592  10.0510402  15.96668  0.40772  1.21976  0.14767  0.02796
190365  218.37927558  9.89857383  17.30518  0.50146  1.2138  0.17761  0.07172
190371  218.38231091  9.86801951  15.76472  0.98062  2.17174  0.31934  0.18479
190386  218.41617971  10.02770274  15.99702  0.3594  1.10413  0.14196  0.03382
190447  218.33960941  10.00440575  19.25002  0.3789  0.94868  0.10237  0.04215
190455  218.34471778  9.98986678  17.57154  0.76245  1.93068  0.27197  0.15073
190506  218.39431041  9.86587051  19.39739  0.35867  0.89414  0.15393  0.02452
190546  218.445283  9.96106434  17.48099  1.36359  2.52578  0.95168  0.5219
190553  218.44587649  9.94789842  18.65867  1.18079  2.61013  0.51734  0.25244
190581  218.33538448  10.01948303  19.12509  1.46514  2.43088  1.3159  0.69271
190664  218.3385811  10.02801992  19.72275  0.61667  1.44333  0.22687  0.13835
190909  218.35198239  10.00841999  19.92878  0.91903  2.41591  0.36142  0.25971
255812  218.44999294  9.89260229  19.62425  1.36032  1.89698  1.27186  0.71639
255954  218.45034576  9.93563349  18.07124  1.37477  2.64755  0.62839  0.33943
255974  218.45727591  9.8949819  18.75977  0.73033  1.56206  0.27467  0.13839
255977  218.45750394  9.89223278  19.02473  0.38116  1.12353  0.12345  -0.08284
255985  218.46102558  9.87996682  18.68874  0.74518  2.0331  0.29031  0.12302
255988  218.4622461  9.85989113  18.98748  0.29243  0.98596  0.12668  0.03325
256029  218.50562472  9.85902316  16.29286  1.23938  2.57467  0.43992  0.25485
256226  218.50073635  9.87084494  19.94887  1.41598  1.82885  1.1648  0.62114
307570  217.86309605  9.90668166  19.76119  1.36137  1.86159  1.44275  0.83112
372821  217.86793525  9.87335584  15.63569  0.44197  1.30407  0.15464  0.02096
372827  217.89182258  9.78283515  16.94717  0.34143  1.08081  0.13167  0.0117
372829  217.88994422  9.76046527  17.01598  0.50325  1.39822  0.19235  0.06052
372834  217.89844578  9.75757025  14.31297  1.33546  2.66161  0.57925  0.27886
372835  217.89665465  9.75915339  18.43171  0.34326  1.12535  0.13358  0.05042
372866  217.93240264  9.8019323  13.03428  1.79621  -0.10725  -0.63947  0.39475
372867  217.93205318  9.80453946  17.16641  1.406  6.08347  0.70416  0.3441
372905  217.87188367  9.91015458  16.82447  0.69038  1.87388  0.2558  0.12029
372917  217.8794378  9.82037756  18.09328  0.81307  1.88425  0.36831  0.15937
372928  217.88825137  9.77563483  18.76376  0.71244  1.75724  0.2914  0.11404
372941  217.89733934  9.75077376  17.00272  1.14647  2.47047  0.49189  0.27298
372954  217.91824757  9.81094403  18.71665  0.30746  0.98124  0.08939  0.00262
372959  217.92255228  9.72172318  19.05624  0.45628  1.30566  0.20793  -0.01221
372967  217.9275703  9.71740323  18.70865  0.27281  0.93449  0.12494  -0.06072
372999  217.98797389  9.86624864  19.07502  0.45685  1.17476  0.1798  -0.06678
373007  217.99239227  9.86699958  17.43317  1.00442  2.27187  0.38106  0.21666
373022  217.98311056  9.69652846  17.33810  0.72005  1.86358  0.28555  0.11795
373051  217.8774674  9.84123701  18.70707  1.48372  2.21007  1.12  0.60451
373269  217.87205438  9.82993183  19.94144  1.35031  2.51673  0.74717  0.374
373563  217.94859508  9.75054722  19.98646  0.72997  2.3443  0.25212  0.22951
438339  218.01772362  9.79004143  13.21080  1.72318  0.7042  0.1905  -0.44173
438352  218.03092428  9.7553325  16.39746  0.67265  1.65256  0.24688  0.12155
438447  217.99905785  9.69543923  19.20822  0.60129  1.29757  0.20752  0.07806
438449  218.01385773  9.80508599  16.04083  1.44236  2.56418  0.62531  0.37064
438506  218.06466968  9.7168873  19.35744  0.65363  1.85557  0.24077  0.09564
438507  218.06597068  9.7182777  19.80191  0.53024  1.38914  0.20428  0.02153
438529  218.08603525  9.71853441  17.58410  1.00535  2.38869  0.41851  0.24571
438586  218.13700957  9.68922728  18.44562  0.72979  1.97611  0.30439  0.16872
438594  218.14482518  9.6876516  19.54179  1.23633  3.30767  1.30031  0.70671
438595  218.14666799  9.68744693  19.76146  0.451  1.36925  0.19292  0.13136
438662  218.03114289  9.76180417  19.25070  1.35714  2.5157  0.58426  0.35266
438664  218.04292947  9.76044823  19.36002  1.28006  2.52472  0.51633  0.29465
503886  218.16178829  9.69894884  14.96665  0.41877  1.08254  0.15664  0.0415
503971  218.21657305  9.69595792  16.61068  0.45017  1.38155  0.14384  0.11071
503973  218.2194253  9.68493091  16.15189  0.29784  1.09738  0.08929  0.02458
503995  218.2708982  9.7194062  16.05707  0.38441  1.1032  0.1141  0.00351
503996  218.27160183  9.71973542  18.72149  0.89353  2.11127  0.34781  0.21498
504007  218.29013129  9.71256358  14.13992  0.37456  1.29949  0.21578  0.00229
504093  218.30560502  9.72870266  16.70137  0.46335  1.31723  0.14558  0.01817
504139  218.18432004  9.69466407  18.12402  0.3276  1.09668  0.12467  0.01857
504202  218.23873868  9.68650153  17.69996  0.66622  1.70004  0.21409  0.13694
504218  218.25632373  9.71248269  19.85757  0.30739  1.07752  0.13602  -0.00793
504228  218.26231622  9.71615854  19.75671  0.37725  0.87167  0.04859  0.07486
569442  218.37239628  9.81920925  15.05355  0.40817  1.23573  0.1115  0.03781
569453  218.38202217  9.64780816  16.78710  0.36811  1.06654  0.10719  0.04773
569471  218.41824474  9.76238453  15.21722  -1.00052  1.8389  2.46177  -0.5626
569472  218.42600254  9.75652006  15.20406  0.52032  1.3257  0.17858  0.08244
569474  218.42650674  9.75808483  19.99651  0.89977  3.34544  0.32544  0.11784
569481  218.42672894  9.77319669  14.81473  0.52715  1.4097  0.16399  0.06634
569483  218.44527745  9.79538817  16.76691  0.38694  1.10678  0.13054  0.04765
569493  218.30965249  9.74275467  18.64677  0.29296  1.07134  0.12137  -0.04017
569502  218.31395986  9.73516832  16.49491  1.27635  2.68166  0.50166  0.24844
569569  218.35269152  9.7710567  19.08104  0.65896  1.46188  0.20721  0.11001
569572  218.35548932  9.78288679  17.61657  0.58113  1.40014  0.21694  0.10282
569583  218.36604838  9.83019784  18.21973  0.64981  1.74231  0.2567  0.13587
569590  218.36654383  9.78277915  18.85871  0.72797  1.71733  0.25319  0.10873
569597  218.37666748  9.79756147  18.37209  0.88477  2.1006  0.6333  -0.05694
569613  218.37367635  9.70304316  18.78197  1.37496  3.2974  0.82956  0.47392
569665  218.44972184  9.81094277  17.59214  1.01495  2.32086  0.41695  0.27434
569679  218.45060441  9.80050382  18.30659  1.33182  2.9919  0.62068  0.37883
569688  218.44701039  9.72080526  19.31370  0.55635  1.32228  0.22822  0.10368
569716  218.45735914  9.72518719  19.55552  0.39121  1.03775  0.12968  0.06213
569793  218.36691423  9.80504043  19.65859  1.67333  2.62106  1.97894  1.12079
569800  218.44533698  9.83459793  19.68169  1.08742  3.33882  0.48741  0.24447
570338  218.45476291  9.72523416  19.93982  1.26032  2.51855  0.74218  0.38995
635092  218.4915413  9.7973603  18.92125  0.48686  1.45911  0.19085  0.0706
635094  218.49654369  9.83595754  18.99262  0.24244  0.93782  0.13927  0.08849
243771  218.02392108  10.16010396  15.21619  1.03152  2.48253  0.38229  0.179
243836  217.9682912  10.1147173  18.32472  0.75925  1.99762  0.30525  0.15458
243850  217.978404  10.11494356  19.61591  -0.00802  0.20864  0.34635  0.04439
243856  217.98428226  10.11914178  19.78931  0.3725  1.01909  0.15199  0.06522
243895  218.04508014  10.17233556  18.45897  1.30507  2.75852  0.48212  0.22617
243904  218.04108232  10.12050588  19.27800  0.52319  1.20825  0.214  0.04427
243916  218.05335178  10.17739871  18.48795  1.35682  2.41718  0.81591  0.45467
243948  217.97457599  10.11819316  19.25670  1.49255  2.62328  0.86699  0.46294
244009  218.03630194  10.11770059  19.78072  1.38553  4.68088  1.29132  0.49699
309353  218.1558821  10.19464417  16.15449  0.47608  1.23744  0.1777  0.0657
309356  218.16150506  10.15150076  17.71188  0.41449  1.14999  0.13877  0.03632
309357  218.1621691  10.14934249  19.23451  0.4368  0.97577  0.19052  0.12569
309360  218.1635993  10.15853819  14.90909  0.82356  2.14756  0.27464  0.12858
309423  218.07300821  10.17375651  15.86333  1.19061  2.56097  0.44517  0.24206
309463  218.10609913  10.14924874  17.92465  0.48868  1.21743  0.17727  0.08552
309464  218.10547799  10.14975322  18.52433  0.74763  1.90198  0.27772  0.11514
309494  218.15655664  10.15400748  18.21188  1.27629  2.66948  0.52354  0.31678
309495  218.15702823  10.152307  18.99148  0.8969  2.10548  0.34149  0.17607
309523  218.1781538  10.1996592  19.16668  0.41415  1.24327  0.12286  0.08707
309551  218.18929437  10.15189093  16.74220  0.97643  2.19107  0.40144  0.23168
374791  218.21557157  10.20200991  15.15314  0.31507  0.99157  0.10872  0.02969
374802  218.21825188  10.14549238  15.97691  0.74658  1.97625  0.27387  0.16477
374823  218.25183492  10.15324595  14.30740  1.07287  2.42839  -2.10092  2.70362
374824  218.25341523  10.14815704  14.33582  0.52413  2.16977  0.94115  -0.04835
374882  218.30933335  10.13053507  16.80445  0.29644  0.9702  0.10733  0.01565
374892  218.32464319  10.10938466  16.35626  0.37925  1.02913  0.1458  0.05104
374907  218.21787927  10.19760006  17.84110  0.58264  1.56016  0.21876  0.11188
374934  218.24860132  10.08481784  19.55821  0.28989  0.19838  -0.01756  -0.03878
374936  218.25569764  10.13761044  18.08388  0.85607  2.163  0.33729  0.21016
374944  218.27190397  10.18846702  18.51740  1.01243  2.50303  0.39476  0.19823
374955  218.28306475  10.18260233  17.66388  1.21575  2.61614  0.52729  0.28801
375010  218.33679568  10.15334248  17.62141  1.00285  2.28076  0.36396  0.21134
375048  218.23442876  10.15287968  19.23764  1.29839  2.58997  0.6584  0.37073
375497  218.27289246  10.18340865  19.85217  1.12015  2.12161  0.45629  0.21886
440325  218.36523851  10.09714505  15.3526  0.63976  1.78338  0.22191  0.07627
440326  218.36736094  10.09465722  15.85777  0.39095  1.11982  0.15718  0.03351
440378  218.44072695  10.08001374  17.12750  0.29112  0.93012  0.10412  0.00708
440439  218.37065395  10.08544108  17.64890  0.70385  1.88075  0.2694  0.09158
440475  218.40455792  10.12090568  17.60904  1.47681  2.63363  1.38185  0.73648
440517  218.43417479  10.08941458  18.97159  0.68636  1.64145  0.25332  0.15085
440525  218.44200458  10.05969883  19.20529  0.68032  1.47584  0.22341  0.0469
440934  218.4052423  10.11587507  19.93266  1.24385  2.14176  0.58767  0.37872
261581  217.99193517  9.64354028  16.47742  1.15157  2.54661  0.4307  0.22165
261604  218.03095624  9.6098273  17.69687  0.91143  2.10406  0.34169  0.20176
261617  218.05801086  9.64075762  16.23766  1.33915  2.63462  0.58012  0.25393
261620  218.05462863  9.59808695  17.75575  0.40835  1.03256  0.16529  0.05147
262131  218.01889565  9.66316173  19.86399  1.16658  1.97576  0.54361  0.28241
327072  218.06619371  9.64880223  16.27516  0.73298  1.89996  0.27205  0.14323
327097  218.10403439  9.57888955  19.46959  0.30324  0.91253  0.10334  0.0593
327107  218.12284927  9.58521368  17.03207  0.52987  1.52465  0.1736  0.06855
327134  218.14718118  9.5798393  18.50277  1.50377  3.95535  1.48125  0.79944
327178  218.17675969  9.57205544  16.73682  0.66958  1.69424  0.22982  0.10639
327200  218.21032295  9.61949772  17.44403  1.09198  2.55165  0.57607  0.09539
327210  218.11286619  9.57836344  19.34694  1.39333  2.17656  1.19287  0.63064
327228  218.06560751  9.64041857  19.43531  1.36558  2.10142  1.05273  0.58257
327468  218.10110401  9.58177463  19.85231  0.62045  1.73273  0.21866  0.19541
392523  218.21711643  9.62818413  15.41526  0.48029  1.35648  0.17023  0.06888
392535  218.2355918  9.62398262  15.22591  -0.32154  1.30133  1.1757  0.20013
392555  218.29568987  9.59819362  13.69154  0.7518  1.40693  -1.49719  1.32668
392568  218.31835624  9.64407307  14.55641  0.50261  1.49998  -1.19569  1.42878
392625  218.22903646  9.63079287  19.50767  0.30982  0.79152  0.11553  0.039
392686  218.2654414  9.6343631  16.56404  0.99261  2.34196  0.34458  0.21143
392688  218.26749492  9.62737519  18.81777  0.43055  1.08886  0.1899  0.07264
392744  218.3224132  9.60926073  18.40833  0.61618  1.55569  0.27253  0.15004
392773  218.21003232  9.57231446  18.67077  1.37603  2.28174  0.91913  0.49889
392787  218.2254562  9.57406527  19.18074  1.42135  3.6734  1.13074  0.60296
392790  218.24120541  9.61522603  19.27600  1.396  2.39388  1.00662  0.51642
392838  218.24408466  9.61687006  19.99408  1.41239  3.18736  1.14665  0.62172
458076  218.3789297  9.63380661  16.87912  0.54534  1.44751  0.23137  0.0877
458277  218.37248217  9.63232807  18.88266  1.283  2.41181  0.53256  0.29248
