# BEGIN CATALOG HEADER
# nfields '+str(nn)+'
#     id 1 0 c INDEF %15s
#     ra 2 0 d degrees %10.5f
#     dec 3 0 d degrees %10.5f
#     mag r  4 0 r INDEF %6.2f
#     mag gr 5 0 r INDEF %6.2f
#     mag ug 6 0 r INDEF %6.2f
#     mag ri 7 0 r INDEF %6.2f
#     mag iz 8 0 r INDEF %6.2f
# END CATALOG HEADER
#
  1       104.259075  13.7318944444        16.088  0.010   15.631  0.010   9999.00  
  2    104.259195833  13.4953111111        16.543  0.120   16.096  0.110   15.730  
  3    104.260383333      13.635375        14.593  0.070   14.555  0.030   14.875  
  4    104.261179167  13.6770416667        15.127  0.070   15.024  0.040   14.974  
  5      104.2621875  13.5636805556        15.615  0.020   15.150  0.080   14.923  
  6    104.262908333  13.6679666667        15.119  0.070   13.918  0.040   13.566  
  7    104.262941667  13.4233166667        16.833  0.040   16.477  0.090   9999.00  
  8    104.264670833  13.4161111111        16.612  0.110   15.808  0.070   15.464  
  9        104.26605  13.5431861111        15.220  0.070   14.769  0.040   14.745  
 10       104.268125  13.5075138889        16.230  0.080   15.797  0.170   15.414  
 11      104.2688875  13.6815055556        16.068  0.080   15.696  0.080   15.482  
 12    104.269233333  13.4698388889        16.738  0.030   16.184  0.050   9999.00  
 13    104.269516667  13.4941777778        14.314  0.090   14.012  0.080   14.061  
 14    104.270429167  13.5898055556        15.211  0.080   14.607  0.040   14.554  
 15    104.270504167  13.5749027778        16.340  0.110   15.994  0.140   15.875  
 16    104.270595833  13.6687166667        13.822  0.060   13.332  0.030   13.332  
 17    104.271233333      13.654425        14.195  0.070   13.637  0.040   13.664  
 18        104.27325  13.7038555556        16.255  0.060   15.831  0.040   15.597  
 19       104.274925  13.6182972222        16.381  0.030   15.932  0.110   15.600  
 20         104.2753  13.4808555556        16.002  0.080   15.446  0.060   15.608  
 21    104.275758333  13.4426027778        16.919  0.050   16.447  0.010   16.233  
 22    104.275966667  13.7425805556        14.990  0.040   14.467  0.020   14.234  
 23    104.276054167  13.4501944444        15.929  0.090   15.532  0.040   15.330  
 24    104.278545833  13.5288944444        16.627  0.060   15.981  0.240   15.720  
 25      104.2803625  13.5448333333        14.973  0.070   14.289  0.050   14.171  
 26    104.282391667  13.4908527778        16.273  0.140   15.972  0.060   15.781  
 27    104.282991667  13.5850277778        17.172  0.060   16.638  0.110   9999.00  
 28    104.285004167  13.5617638889        15.332  0.070   14.596  0.060   14.286  
 29    104.288591667        13.5112        14.802  0.070   14.399  0.040   14.243  
 30    104.289616667  13.5324027778        16.420  0.050   15.990  0.110   15.766  
 31      104.2898625  13.4866472222        15.057  0.070   14.585  0.060   14.687  
 32    104.290158333  13.4608333333        14.151  0.090   13.737  0.030   13.786  
 33    104.290529167  13.7105333333        12.275  0.060   11.846  0.020   11.852  
 34    104.291408333  13.6098527778        15.774  0.020   15.046  0.040   14.740  
 35      104.2919125  13.4629472222        14.151  0.090   13.737  0.030   13.786  
 36    104.292479167  13.6035277778        13.365  0.070   12.534  0.040   12.339  
 37    104.292670833  13.7349472222        14.688  0.060   14.598  0.040   14.635  
 38    104.293466667  13.4677333333        14.384  0.030   13.395  0.060   13.217  
 39    104.294979167  13.4968777778        15.933  0.070   15.301  0.020   15.062  
 40    104.295020833  13.5546583333        16.520  0.160   15.900  0.050   15.800  
 41    104.296141667  13.4130138889        15.734  0.080   15.224  0.050   15.027  
 42    104.298566667  13.5735333333        14.133  0.080   13.673  0.010   13.754  
 43      104.2991625  13.4409638889        16.884  0.130   16.404  0.060   16.281  
 44      104.2996375  13.6971222222        16.209  0.120   15.325  0.070   15.002  
 45    104.299729167  13.5421583333        15.630  0.070   15.186  0.050   15.319  
 46    104.300220833        13.5154        15.508  0.070   14.963  0.030   14.732  
 47       104.300225  13.4594527778        13.659  0.070   12.742  0.040   12.600  
 48    104.300741667  13.4764138889        15.922  0.080   15.191  0.030   14.867  
 49         104.3012  13.5645194444        15.177  0.080   14.398  0.030   14.366  
 50    104.301704167  13.6492611111        16.529  0.010   15.768  0.040   15.606  
 51    104.301820833      13.503525        16.464  0.090   16.131  0.060   9999.00  
 52    104.302945833  13.6795611111        16.514  0.040   16.078  0.060   15.695  
 53         104.3045  13.4958944444        15.076  0.070   14.090  0.030   13.931  
 54    104.305029167  13.6915611111        14.339  0.050   13.382  0.030   13.165  
 55    104.306120833  13.6038333333        15.209  0.070   14.730  0.030   14.558  
 56       104.308625  13.6151972222        16.274  0.040   15.815  0.030   15.959  
 57    104.309295833  13.4652861111        16.082  0.100   15.754  0.050   15.684  
 58       104.309375  13.6382444444        16.565  0.010   16.044  0.010   15.884  
 59    104.309745833      13.491075        16.587  0.070   15.641  0.040   15.285  
 60       104.309775  13.4440416667        14.468  0.080   14.053  0.030   14.124  
 61    104.309779167  13.5068555556        16.636  0.080   16.191  0.100   16.038  
 62    104.311104167  13.4382277778        17.042  0.010   16.718  0.010   9999.00  
 63    104.312291667  13.6268694444        16.965  0.010   16.290  0.060   16.114  
 64    104.312358333  13.6608361111        16.197  0.050   15.732  0.050   15.597  
 65    104.312716667  13.4753472222        16.196  0.110   15.891  0.040   15.832  
 67       104.313475  13.5938166667        15.882  0.010   15.576  0.010   9999.00  
 68      104.3136875      13.426575        15.289  0.070   14.772  0.020   14.774  
 69    104.316008333  13.5528027778        16.227  0.060   16.048  0.230   15.805  
 70        104.31655  13.4698666667        17.021  0.030   16.359  0.070   15.964  
 71         104.3167  13.4488722222        17.304  0.080   16.038  0.060   15.130  
 72    104.317033333  13.4154333333        14.625  0.090   13.903  0.030   13.835  
 73    104.319354167  13.5225166667        14.899  0.100   14.460  0.040   14.526  
 74       104.320975  13.5664333333        14.681  0.070   14.071  0.030   14.069  
 75    104.321729167  13.6235361111        14.266  0.070   14.136  0.010   14.120  
 76    104.322616667  13.4805083333        15.502  0.100   14.603  0.040   14.261  
 77    104.322620833  13.4423666667        15.020  0.090   14.602  0.040   14.701  
 78    104.323458333  13.5493611111        17.466  0.010   17.014  0.010   9999.00  
 79    104.323504167        13.6334        13.312  0.070   12.348  0.010   12.193  
 80    104.323545833      13.719525        16.417  0.020   15.958  0.050   15.853  
 81    104.323641667  13.7074583333        13.415  0.050   12.661  0.030   12.522  
 82    104.324216667      13.414825        14.584  0.070   14.259  0.030   14.187  
 83    104.325258333  13.7413666667        14.449  0.060   14.367  0.040   14.381  
 84    104.325945833  13.5073083333        16.180  0.050   15.886  0.030   15.792  
 85    104.326270833  13.6055777778        16.230  0.010   15.920  0.030   15.635  
 86    104.327429167  13.6123916667        16.235  0.060   15.821  0.060   15.510  
 87    104.327741667  13.6247666667        16.274  0.040   16.060  0.010   9999.00  
 88         104.3295  13.6761833333        15.560  0.020   15.096  0.070   15.258  
 89    104.329633333  13.5205222222        15.863  0.100   15.387  0.050   15.217  
 90      104.3297125  13.4480638889        12.915  0.080   12.729  0.030   12.918  
 91      104.3316625       13.67785        15.560  0.020   15.096  0.070   15.258  
 92    104.331866667  13.6860472222        16.682  0.060   16.240  0.100   16.043  
 93    104.332241667  13.5849083333        12.836  0.070   12.462  0.010   12.600  
 94    104.332779167  13.6042444444        15.853  0.110   15.375  0.050   15.216  
 95    104.332941667  13.4802555556        9999.0 99.990   15.225  0.010   16.170  
 96    104.334270833      13.560125        15.384  0.080   15.144  0.040   15.112  
 97      104.3343375  13.6452638889        14.973  0.100   13.432  0.020   12.929  
 98      104.3353375  13.6384166667        14.219  0.080   14.136  0.010   14.452  
 99      104.3364375  13.6562861111        15.775  0.020   15.393  0.060   15.275  
100         104.3369  13.4346388889        16.581  0.040   16.094  0.060   15.969  
101      104.3379125  13.4501722222        13.747  0.080   13.650  0.030   13.891  
102    104.338454167  13.4430305556        16.844  0.130   16.182  0.050   16.072  
103       104.338525       13.67965        14.456  0.070   13.519  0.010   13.410  
104      104.3385375        13.4946        15.031  0.060   14.433  0.030   14.220  
105      104.3385875  13.6006305556        15.561  0.050   15.230  0.050   15.163  
106      104.3425125  13.4803083333        13.177  0.070   12.867  0.020   12.978  
107    104.343058333        13.6282        15.419  0.010   15.314  0.040   15.232  
108    104.345491667  13.7238833333        16.314  0.050   15.979  0.050   15.663  
109    104.347329167  13.5571833333        16.059  0.080   15.560  0.020   15.422  
110       104.347825      13.510575        16.429  0.100   15.784  0.050   9999.00  
111    104.348045833  13.4666361111        15.012  0.090   14.694  0.020   14.778  
112    104.348958333  13.5826194444        16.028  0.090   15.514  0.030   15.424  
113    104.349820833  13.6279416667        13.831  0.070   13.366  0.020   13.476  
114      104.3501625  13.6450944444        15.984  0.030   15.745  0.090   15.485  
115    104.350958333  13.6681527778        13.266  0.020   12.922  0.020   13.049  
116         104.3514  13.4443444444        16.099  0.040   16.006  0.080   16.127  
117       104.351925        13.4335        16.273  0.100   15.895  0.030   15.766  
118    104.352570833  13.7018138889        14.168  0.180   14.152  0.200   14.420  
119    104.353554167  13.6281166667        17.612  0.110   15.914  0.010   9999.00  
120    104.353733333  13.5359388889        15.626  0.110   15.214  0.040   15.179  
121    104.353804167  13.4247972222        16.179  0.080   15.661  0.060   15.557  
122    104.354104167  13.7292166667        15.624  0.070   15.180  0.030   14.946  
123    104.355466667  13.4948166667        15.918  0.080   15.764  0.150   9999.00  
124    104.357829167  13.5070833333        14.351  0.070   13.918  0.030   13.961  
125    104.358204167  13.4876444444        15.752  0.060   14.912  0.010   14.508  
126    104.358658333  13.6843972222        14.876  0.080   14.318  0.020   14.362  
127      104.3602125  13.4474916667        17.446  0.070   17.058  0.090   9999.00  
128    104.360379167  13.6614722222        14.957  0.060   14.414  0.030   14.495  
129    104.360466667  13.4353805556        15.523  0.080   15.242  0.040   15.182  
130    104.362395833  13.4276583333        15.093  0.070   14.936  0.030   15.252  
131      104.3630125        13.4785        14.431  0.080   13.789  0.030   13.745  
132    104.363254167  13.5549305556        15.174  0.080   14.838  0.030   15.100  
133      104.3636875  13.7231388889        16.499  0.030   15.954  0.100   15.741  
134    104.364416667  13.5846861111        14.290  0.090   13.994  0.020   14.197  
135    104.364945833       13.66725        14.886  0.050   14.075  0.020   13.957  
136      104.3653875  13.4698416667        14.902  0.060   14.891  0.030   15.146  
137        104.36785  13.6994527778        16.565  0.110   16.038  0.060   9999.00  
138       104.367975  13.4388694444        16.375  0.020   15.905  0.080   9999.00  
139      104.3700375      13.660975        15.953  0.010   15.396  0.020   15.213  
140    104.370095833      13.499425        17.136  0.010   16.437  0.010   9999.00  
141      104.3707375  13.5280694444        15.966  0.060   15.568  0.020   15.345  
142        104.37085  13.5496111111        15.931  0.060   15.452  0.060   15.238  
143    104.371541667  13.7247861111        13.386  0.060   12.797  0.010   12.854  
144    104.373208333  13.5376166667        15.304  0.070   14.921  0.040   14.745  
145      104.3734125  13.6496972222        16.277  0.050   16.080  0.020   15.887  
146    104.373704167  13.4870388889        12.971  0.070   12.504  0.030   12.517  
147    104.373866667       13.62265        16.407  0.050   15.953  0.030   16.270  
148    104.373995833       13.70225        15.032  0.060   13.924  0.010   13.760  
149    104.375454167  13.6629722222        15.445  0.050   15.044  0.050   15.205  
150       104.375625  13.5666833333        13.144  0.070   12.806  0.010   12.952  
151    104.375783333  13.5962222222        16.801  0.020   16.316  0.100   16.002  
152      104.3759375  13.7345555556        15.423  0.070   14.877  0.020   14.684  
153    104.376483333  13.4679388889        15.556  0.100   14.744  0.030   14.387  
154    104.376645833      13.420675        13.643  0.010   13.419  0.010   13.357  
155    104.377116667  13.7201611111        15.356  0.010   14.986  0.010   9999.00  
156    104.378704167  13.4423138889        15.911  0.090   14.946  0.030   14.629  
157        104.38055  13.6526888889        14.220  0.060   13.334  0.010   13.221  
158    104.380958333  13.6795777778        16.516  0.080   16.227  0.040   9999.00  
159    104.382270833  13.5426027778        16.687  0.030   15.992  0.100   15.857  
160      104.3825125  13.5875083333        14.928  0.010   14.514  0.010   9999.00  
161    104.382516667  13.6172388889        16.406  0.010   15.725  0.010   15.750  
162    104.382970833  13.4798027778        16.821  0.110   16.278  0.120   9999.00  
163    104.383141667  13.4370277778        16.568  0.060   16.126  0.010   16.127  
164    104.383141667  13.6983444444        17.265  0.010   16.479  0.010   9999.00  
165    104.384616667  13.5169944444        15.305  0.090   15.170  0.050   15.341  
166    104.385545833      13.504275        16.963  0.010   16.628  0.010   9999.00  
167    104.386504167  13.6676472222        15.761  0.060   15.301  0.010   15.134  
168       104.387575  13.4314638889        15.222  0.020   15.182  0.060   15.042  
169      104.3880125  13.7286472222        15.503  0.020   15.122  0.030   15.288  
170    104.388229167  13.6518222222        15.535  0.090   15.216  0.050   15.103  
171    104.388345833  13.7446138889        14.542  0.070   13.717  0.020   13.363  
172    104.390516667  13.4786111111        14.836  0.080   14.841  0.020   14.943  
173       104.393025  13.7070027778        16.713  0.010   16.379  0.060   9999.00  
174    104.393354167  13.4333972222        14.498  0.070   14.020  0.040   14.063  
175      104.3940875  13.5786416667        14.367  0.060   13.864  0.010   13.932  
176    104.394479167      13.591125        14.432  0.070   13.559  0.010   13.455  
177    104.395195833  13.6781194444        17.243  0.060   16.350  0.020   16.186  
178    104.396845833  13.6516083333        15.090  0.070   14.125  0.010   14.008  
179      104.3972375  13.5240166667        15.844  0.100   14.708  0.040   14.551  
180    104.398116667  13.4472027778        13.975  0.090   13.504  0.020   13.541  
181    104.398229167  13.6390777778        15.430  0.010   15.139  0.010   15.241  
182    104.398383333  13.5961111111        15.077  0.010   14.532  0.010   14.634  
183    104.398854167        13.6676        16.443  0.040   16.125  0.030   15.972  
184    104.399433333  13.5629888889        15.895  0.100   15.435  0.030   15.254  
185         104.4002  13.4376638889        14.514  0.070   14.118  0.020   14.191  
186    104.400966667  13.7379277778        15.144  0.010   14.596  0.030   14.427  
187    104.402108333  13.4275583333        15.835  0.080   15.716  0.040   15.789  
188    104.402491667  13.7359638889        15.144  0.010   14.596  0.030   14.427  
189    104.402670833  13.4880638889        12.113  0.070   12.279  0.030   12.665  
190    104.403795833  13.6602972222        15.658  0.080   15.528  0.020   15.568  
191    104.405083333  13.6231194444        15.629  0.020   15.074  0.000   14.814  
192    104.405333333  13.5085083333        17.293  0.010   16.997  0.010   9999.00  
193    104.405708333  13.6058861111        16.010  0.080   15.593  0.050   15.389  
194    104.407458333  13.6723694444        15.961  0.020   15.730  0.110   9999.00  
195    104.407595833  13.5606444444        14.764  0.080   13.737  0.010   13.543  
196    104.408379167  13.4208027778        15.094  0.090   14.714  0.030   14.783  
197    104.408391667  13.6593361111        17.041  0.050   16.321  0.110   16.176  
198    104.409520833  13.6489666667        15.052  0.080   14.650  0.010   14.764  
199    104.409833333  13.6188305556        15.632  0.010   15.193  0.030   9999.00  
200    104.409854167  13.4588555556        15.587  0.080   15.149  0.040   15.004  
201    104.410054167  13.4388527778        13.820  0.070   12.965  0.020   12.815  
202    104.410916667  13.4900888889        16.054  0.050   15.601  0.090   15.315  
203    104.412341667  13.5208027778        13.533  0.070   13.330  0.030   13.488  
204    104.413908333  13.6796166667        16.218  0.020   15.549  0.000   9999.00  
205      104.4141125  13.6741805556        13.400  0.060   12.987  0.020   13.084  
206    104.414133333  13.5287833333        13.953  0.070   13.227  0.040   13.203  
207      104.4141375  13.6951833333        14.228  0.070   14.237  0.010   14.574  
208    104.414279167  13.7169305556        17.005  0.110   16.627  0.010   17.004  
209    104.415120833  13.5475277778        14.925  0.050   14.032  0.040   13.834  
210      104.4156125  13.4318888889        14.920  0.080   14.515  0.030   14.569  
211    104.415804167  13.6180833333        13.958  0.070   13.086  0.010   12.971  
212    104.415916667  13.6288166667        13.554  0.060   13.117  0.010   13.228  
213    104.416329167      13.562325        16.960  0.070   15.748  0.020   15.312  
214    104.416491667  13.4649361111        15.469  0.100   14.920  0.050   14.749  
215    104.417804167      13.457925        17.067  0.050   16.611  0.020   9999.00  
216    104.419579167  13.4486138889        15.807  0.130   15.021  0.040   14.946  
217      104.4212875  13.6648972222        15.777  0.080   14.883  0.020   14.474  
218    104.421370833  13.4915166667        16.711  0.090   16.173  0.110   15.972  
219       104.424475  13.4444472222        16.430  0.140   15.685  0.040   15.330  
220    104.424604167  13.5484583333        15.072  0.080   14.766  0.030   14.606  
221    104.424641667  13.6966583333        16.326  0.020   15.932  0.070   15.625  
222    104.424816667  13.6852083333        15.004  0.070   14.280  0.010   14.238  
223         104.4249  13.7119361111        12.923  0.070   12.568  0.010   12.695  
224    104.425229167  13.6089527778        14.735  0.070   13.901  0.010   13.846  
225      104.4260625      13.735775        16.001  0.090   15.614  0.030   15.470  
226    104.426079167  13.6477361111        16.899  0.090   16.318  0.030   16.307  
227    104.426904167       13.50425        17.067  0.010   16.290  0.010   16.001  
228    104.427166667  13.4342583333        14.572  0.070   14.130  0.020   14.181  
229      104.4279125  13.7254666667        16.574  0.060   16.278  0.040   15.977  
230    104.428004167      13.485725        14.956  0.070   14.468  0.040   14.474  
231    104.428633333  13.6202027778        14.844  0.090   13.962  0.010   13.850  
232    104.429320833        13.6714        14.653  0.070   13.859  0.020   13.800  
233    104.429991667  13.6156472222        15.997  0.060   15.422  0.090   15.189  
234    104.430208333  13.6136972222        15.997  0.060   15.422  0.090   15.189  
235    104.430933333  13.5355722222        9999.0 99.990   15.351  0.010   15.072  
236    104.431491667  13.5383416667        15.769  0.010   15.091  0.010   15.429  
237       104.433325  13.6797083333        16.025  0.070   15.469  0.030   15.291  
238        104.43335  13.5652277778        15.011  0.190   14.579  0.080   14.759  
239    104.433695833  13.5545444444        15.798  0.040   15.624  0.020   15.576  
240    104.434679167  13.6997694444        13.950  0.080   12.933  0.010   12.748  
241    104.434729167  13.7339888889        16.344  0.120   15.822  0.020   9999.00  
242    104.434733333  13.4489722222        14.756  0.070   14.011  0.020   13.960  
243       104.434975  13.4719611111        15.523  0.070   14.972  0.030   14.770  
244      104.4365875  13.5161333333        17.557  0.070   17.066  0.020   16.425  
245    104.437016667  13.5293805556        16.047  0.080   15.717  0.030   15.542  
246    104.437145833  13.5199861111        14.152  0.060   13.868  0.020   13.790  
247    104.438254167  13.5752777778        15.847  0.090   15.440  0.030   15.300  
248    104.438508333      13.441225        16.318  0.120   15.839  0.020   15.662  
249    104.439395833  13.4871888889        12.826  0.070   12.520  0.040   12.646  
250    104.439508333  13.6460361111        16.369  0.010   15.566  0.060   15.277  
251    104.440733333      13.430425        15.484  0.080   14.969  0.030   14.740  
252         104.4418  13.7049166667        12.075  0.070   11.753  0.010   11.890  
253        104.44285  13.7103555556        14.347  0.040   13.965  0.050   13.762  
254    104.446179167  13.5627694444        13.598  0.070   12.734  0.010   12.638  
255    104.446370833  13.4991333333        14.355  0.060   14.008  0.040   14.089  
256    104.448941667  13.4831777778        12.543  0.070   12.316  0.030   12.470  
257      104.4503875  13.4634666667        16.484  0.010   16.014  0.010   15.769  
258    104.450979167  13.5952416667        15.384  0.070   14.373  0.020   14.235  
259      104.4512125  13.5340694444        16.048  0.070   15.746  0.080   15.566  
260    104.452641667  13.5116583333        13.847  0.070   13.346  0.030   13.359  
261    104.453233333  13.5496555556        15.308  0.080   14.761  0.040   14.586  
262    104.453870833       13.64245        16.413  0.000   15.934  0.050   15.690  
263        104.45425  13.5414027778        16.561  0.060   16.165  0.080   16.265  
264        104.45455  13.4314972222        16.736  0.150   16.318  0.110   9999.00  
265    104.455270833  13.6363777778        17.224  0.230   16.752  0.250   9999.00  
266    104.461291667  13.5113916667        17.366  0.010   16.524  0.010   9999.00  
267       104.461625  13.5493138889        15.906  0.100   15.411  0.030   15.105  
268        104.46165  13.5613833333        15.588  0.040   15.092  0.030   14.930  
269    104.461816667  13.4932027778        17.396  0.040   17.063  0.090   9999.00  
270       104.461975  13.4377194444        16.779  0.090   15.884  0.080   15.617  
271      104.4620875  13.4542111111        14.398  0.080   14.101  0.030   14.206  
272    104.462483333  13.5959722222        16.509  0.110   16.026  0.030   9999.00  
273    104.463129167  13.4184694444        15.126  0.070   14.920  0.020   15.103  
274    104.463620833  13.4703527778        15.739  0.100   15.283  0.060   15.411  
275       104.463975  13.4683777778        15.739  0.100   15.283  0.060   15.411  
276    104.466220833  13.4280416667        14.450  0.080   13.993  0.020   14.011  
277    104.468508333  13.6512611111        14.170  0.060   13.922  0.010   14.098  
278    104.468816667  13.4173333333        15.919  0.100   15.203  0.020   15.001  
279    104.468858333  13.7352388889        17.012  0.010   15.770  0.030   9999.00  
280    104.469370833      13.487075        12.781  0.080   12.357  0.030   12.416  
281    104.470558333  13.4659833333        15.535  0.060   15.327  0.030   15.307  
282    104.470879167  13.7124972222        15.827  0.000   15.442  0.080   15.391  
283    104.471179167  13.4483583333        16.716  0.130   16.128  0.050   16.145  
284    104.472429167  13.6312722222        11.523  0.070   11.325  0.010   11.549  
285    104.472458333  13.4230916667        17.079  0.010   16.319  0.010   15.912  
286    104.475329167  13.6123333333        13.854  0.070   12.550  0.010   12.246  
287    104.475441667  13.6208361111        14.144  0.070   13.923  0.040   14.138  
288    104.476041667  13.5583638889        14.931  0.040   14.269  0.040   14.013  
289      104.4765875  13.6666055556        14.729  0.080   14.418  0.010   14.537  
290    104.476733333  13.6461527778        14.829  0.080   14.624  0.050   14.857  
291    104.477220833      13.682725        15.936  0.090   15.737  0.040   15.599  
292    104.477433333  13.6318444444        15.221  0.010   14.810  0.010   14.376  
293      104.4798375  13.4596583333        14.291  0.090   13.967  0.040   14.047  
294    104.480158333  13.5641444444        16.296  0.070   15.851  0.090   15.806  
295    104.480954167  13.5736138889        16.922  0.010   16.272  0.010   15.919  
296    104.483216667  13.7003027778        16.176  0.090   15.794  0.070   15.671  
297       104.483975  13.4180777778        15.570  0.080   15.140  0.040   15.004  
298      104.4863375  13.4991666667        15.987  0.010   15.412  0.150   15.626  
299    104.486654167      13.630275        13.731  0.080   13.258  0.020   13.315  
300       104.487075  13.5387222222        16.185  0.130   15.891  0.090   15.767  
301    104.487604167  13.5689638889        15.952  0.020   15.419  0.040   15.246  
302    104.488004167  13.5172416667        16.326  0.110   15.688  0.060   15.504  
303         104.4884  13.5626555556        13.956  0.070   12.816  0.010   12.534  
304      104.4887125        13.5662        15.952  0.020   15.419  0.040   15.246  
305    104.490029167      13.684075        15.212  0.080   14.798  0.020   14.710  
306    104.492941667  13.5558611111        16.348  0.070   15.430  0.040   15.025  
307    104.493595833  13.5325777778        15.972  0.070   15.482  0.070   15.364  
308    104.493679167  13.5738777778        13.106  0.070   12.077  0.010   11.909  
309      104.4943625  13.4808861111        15.342  0.010   14.789  0.010   14.726  
310      104.4981375  13.4641194444        16.287  0.050   15.809  0.040   15.548  
311         104.5021       13.42845        15.211  0.110   14.940  0.020   14.775  
312    104.502316667  13.6719333333        14.454  0.070   13.614  0.010   13.522  
313    104.502441667  13.5350694444        16.441  0.070   15.972  0.090   15.538  
314    104.504854167  13.6111805556        17.144  0.010   16.543  0.120   9999.00  
315    104.505295833  13.5943416667        15.245  0.080   14.777  0.010   14.638  
316    104.508916667  13.7350972222        17.028  0.010   16.519  0.010   16.051  
317    104.509533333  13.4262222222        13.890  0.080   12.365  0.010   11.627  
318    104.509808333  13.7231333333        15.894  0.090   15.403  0.040   15.244  
319    104.511420833  13.5508138889        16.676  0.030   15.912  0.050   15.583  
320    104.512204167  13.7177944444        9999.0 99.990   15.900  0.010   15.601  
321    104.513529167  13.5915388889        16.562  0.040   15.880  0.050   15.582  
322    104.513758333  13.5605888889        16.935  0.020   16.198  0.080   16.077  
323        104.51385  13.7109055556        14.739  0.100   14.207  0.030   13.987  
324         104.5159  13.7307305556        15.394  0.090   14.888  0.050   14.723  
325      104.5164875  13.6487166667        16.417  0.060   15.978  0.060   15.942  
326    104.517466667  13.5309527778        13.894  0.050   13.087  0.050   12.969  
327      104.5175625  13.4200416667        15.729  0.100   15.314  0.060   15.181  
328      104.5175875      13.702675        14.556  0.070   14.150  0.020   14.212  
329    104.518320833  13.4761027778        17.071  0.020   16.484  0.050   9999.000  
330    104.519154167       13.57035        16.865  0.160   16.373  0.130   16.149  
331    104.522004167  13.7365388889        14.622  0.080   14.210  0.010   14.116  
332    104.522079167  13.5323916667        16.179  0.010   14.849  0.010   14.773  
333      104.5225125  13.6301666667        17.018  0.030   16.480  0.150   16.281  
334       104.523125  13.7151666667        16.636  0.020   16.138  0.020   16.097  
335       104.525725  13.6514888889        15.443  0.090   15.013  0.020   14.825  
336    104.526445833  13.5445055556        15.361  0.070   14.948  0.060   14.804  
337    104.528729167      13.605275        15.714  0.070   15.308  0.040   15.177  
338       104.530925  13.6704583333        14.433  0.090   13.498  0.010   13.401  
339      104.5316875  13.6424055556        12.828  0.060   12.555  0.010   12.740  
340         104.5327  13.7431972222        15.578  0.070   15.030  0.030   14.910  
341    104.534054167  13.5750138889        16.271  0.110   15.885  0.050   15.664  
342    104.534379167  13.6332694444        13.053  0.070   12.083  0.010   11.945  
343    104.535220833      13.513575        13.949  0.070   12.871  0.030   12.637  
344    104.536091667  13.7259805556        14.534  0.060   13.734  0.010   13.390  
345    104.536166667  13.6058944444        17.099  0.010   16.724  0.010   9999.000  
346    104.537141667  13.4211305556        16.290  0.080   15.874  0.050   15.870  
347    104.537754167  13.4327083333        12.485  0.070   11.805  0.030   11.748  
348    104.538116667  13.5479833333        16.720  0.050   16.275  0.050   16.211  
349    104.538554167        13.6683        11.368  0.070   11.182  0.020   11.417  
350        104.54065  13.5948805556        16.806  0.040   16.024  0.070   15.690  
351    104.541454167  13.7317305556        15.886  0.040   15.523  0.070   15.381  
352    104.543320833       13.55755        13.516  0.070   12.586  0.010   12.474  
353    104.546408333  13.5711944444        13.952  0.070   13.028  0.010   12.917  
354    104.547041667  13.6981861111        16.099  0.120   15.561  0.030   15.398  
355    104.547566667  13.6827277778        15.214  0.070   14.765  0.040   14.645  
356       104.548425  13.5128805556        15.022  0.150   13.887  0.030   13.744  
357    104.548766667  13.7071833333        15.014  0.020   14.586  0.030   14.425  
358    104.550141667  13.5360388889        15.455  0.090   14.924  0.030   14.766  
359    104.553066667  13.5715916667        15.705  0.060   14.808  0.040   14.686  
360    104.553370833  13.6491361111        16.404  0.070   15.944  0.040   9999.000  
361    104.554295833  13.6708277778        12.266  0.060   11.838  0.010   11.936  
362      104.5547125       13.60865        15.621  0.120   15.214  0.040   15.322  
363    104.554783333  13.6247666667        16.545  0.110   15.727  0.040   15.473  
364    104.554991667  13.5584833333        14.962  0.070   14.926  0.030   15.001  
365    104.557441667  13.5990361111        15.659  0.070   15.266  0.020   15.411  
366    104.557866667  13.6165277778        14.848  0.060   14.183  0.020   14.143  
367    104.558433333  13.7395805556        14.861  0.080   14.662  0.050   14.691  
368       104.560225       13.58125        15.476  0.080   15.177  0.040   15.315  
369    104.560791667  13.6978916667        15.972  0.070   15.357  0.030   15.115  
370    104.560995833       13.65955        16.133  0.110   15.675  0.030   15.548  
371      104.5614125  13.4664277778        13.828  0.080   13.175  0.020   13.155  
372    104.561595833  13.6445388889        14.189  0.070   13.344  0.010   13.258  
373    104.562483333  13.5095083333        14.463  0.080   13.622  0.030   13.468  
374    104.564695833  13.4542583333        16.399  0.020   15.390  0.010   14.959  
375    104.565354167  13.7223444444        13.972  0.060   13.355  0.020   13.080  
376    104.566141667  13.7092472222        16.029  0.000   15.493  0.010   15.449  
377      104.5666625  13.4348305556        15.367  0.090   14.466  0.050   14.068  
378         104.5667  13.5328111111        14.320  0.070   13.571  0.050   13.489  
379         104.5673  13.7346861111        14.366  0.060   13.990  0.010   13.874  
380        104.56825  13.6011194444        15.586  0.080   14.834  0.090   14.963  
381       104.569075  13.6862611111        14.763  0.070   13.967  0.010   13.966  
382    104.569591667  13.4827277778        14.612  0.070   13.747  0.030   13.609  
383         104.5706  13.5725888889        15.844  0.060   14.950  0.040   14.668  
384    104.570920833  13.6259888889        16.041  0.070   15.339  0.020   15.385  
385      104.5709375  13.5627083333        14.919  0.080   14.779  0.020   14.779  
386    104.571854167  13.5378111111        13.936  0.070   12.974  0.040   12.802  
387    104.572666667      13.743575        15.905  0.050   15.573  0.030   15.277  
388    104.574845833  13.7029638889        15.331  0.050   14.757  0.030   14.547  
389    104.576591667  13.4985472222        16.966  0.100   16.373  0.020   16.472  
390    104.576741667  13.5689611111        14.205  0.060   13.548  0.020   13.652  
391      104.5770875  13.5780305556        12.951  0.080   12.073  0.010   12.004  
392       104.577575  13.6905166667        11.082  0.070   10.719  0.010   10.869  
393    104.578658333  13.5818111111        15.637  0.010   15.104  0.010   9999.000  
394        104.57945  13.5872444444        16.041  0.050   15.561  0.040   15.376  
395    104.584816667  13.6367166667        17.001  0.010   16.203  0.010   9999.000  
396    104.584958333  13.6110138889        16.913  0.040   16.438  0.100   9999.000  
397       104.586275  13.5314138889        13.319  0.070   12.852  0.040   12.867  
398      104.5863125  13.6601111111        16.201  0.050   15.733  0.020   9999.000  
399    104.588304167      13.492225        16.075  0.090   14.826  0.020   14.508  
400      104.5889125  13.5029166667        16.472  0.100   16.057  0.070   9999.000  
401    104.590058333        13.5046        16.472  0.100   16.057  0.070   9999.000  
402    104.590720833  13.6556694444        15.645  0.030   15.156  0.020   14.994  
403    104.590916667  13.7331972222        16.805  0.110   16.006  0.080   15.763  
404    104.591266667  13.6428055556        16.676  0.120   15.981  0.010   9999.000  
405    104.591520833      13.671975        12.972  0.060   12.515  0.010   12.642  
406      104.5915375  13.5658833333        15.103  0.060   14.448  0.030   14.201  
407    104.591558333  13.6998333333        15.518  0.090   15.148  0.040   15.046  
408    104.592616667  13.5882527778        12.202  0.070   11.873  0.010   12.030  
409         104.5971  13.6374333333        16.826  0.050   16.628  0.010   9999.000  
410       104.598325  13.6702527778        15.468  0.090   14.929  0.050   15.397  
411    104.598708333  13.6179638889        15.974  0.170   15.022  0.200   14.592  
412    104.599404167  13.5177472222        15.990  0.060   15.019  0.080   14.740  
413    104.599516667  13.6155694444        15.746  0.050   14.902  0.000   14.632  
414    104.600233333  13.6771972222        15.853  0.090   14.882  0.010   14.618  
415    104.600329167  13.6415638889        16.367  0.050   15.845  0.060   15.764  
500    104.4022125   13.5755361111        16.367  0.050   15.845  0.060   15.764  
600    104.440895833 13.5564638889        16.367  0.050   15.845  0.060   15.764  
700    104.4497375   13.5674861111        16.367  0.050   15.845  0.060   15.764  