# BEGIN CATALOG HEADER
# nfields '+str(nn)+'
#     id 1 0 c INDEF %15s
#     ra 2 0 d degrees %10.5f
#     dec 3 0 d degrees %10.5f
#     mag r  4 0 r INDEF %6.2f
#     mag gr 5 0 r INDEF %6.2f
#     mag ug 6 0 r INDEF %6.2f
#     mag ri 7 0 r INDEF %6.2f
#     mag iz 8 0 r INDEF %6.2f
# END CATALOG HEADER
#
    1   104.294747917  13.7101291667    18.730  0.003   9999.0  0.000   9999.0   
    2   104.291410417       13.60985    15.680  0.031   15.008  0.021   9999.0   
    3   104.291895833  13.4629583333    14.883  0.016   14.554  0.011   9999.0   
    4   104.306133333  13.6038319444    15.508  0.013   15.047  0.015   9999.0   
    5   104.293464583  13.4677333333    14.151  0.037   13.267  0.033   9999.0   
    6   104.294972917       13.49685    16.024  0.108   15.207  0.005   15.071   
    7    104.29503125  13.5546277778    16.596  0.107   15.777  0.012   15.527   
    8    104.29858125      13.573475    14.132  0.006   13.644  0.013   9999.0   
   10   104.299735417  13.5421638889    15.705  0.080   9999.0  0.000   15.055   
   11      104.300225  13.5153666667    15.543  0.009   15.019  0.005   14.898   
   12   104.300245833  13.4594361111    13.562  0.017   9999.0  0.000   9999.0   
   13   104.300733333  13.4763805556    15.939  0.087   15.086  0.009   14.898   
   14     104.3011875     13.5645125    15.267  0.079   14.352  0.008   14.194   
   15   104.301714583  13.6492458333    16.620  0.078   15.738  0.012   15.500   
   16     104.3018125  13.5035055556    16.528  0.080   16.027  0.006   15.970   
   17     104.3029375  13.6795166667    9999.0  0.000   16.003  0.008   15.875   
   18   104.304491667  13.4958763889    15.111  0.082   14.031  0.006   13.839   
   19   104.305045833  13.6915416667    9999.0  0.000   9999.0  0.000   13.080   
   20    104.30866875  13.6151805556    16.553  0.177   15.792  0.009   15.682   
   21     104.3092625  13.4652916667    16.065  0.075   15.605  0.011   15.552   
   22   104.309366667  13.6382361111    16.671  0.083   16.037  0.009   15.916   
   23   104.309779167  13.4910833333    16.664  0.080   15.562  0.008   15.257   
   24   104.309779167  13.5068166667    16.647  0.084   16.081  0.005   15.981   
   25   104.312320833  13.6268333333    17.067  0.063   16.339  0.025   16.147   
   26   104.312395833  13.6608166667    9999.0  0.000   15.764  0.006   15.645   
   27     104.3127125  13.4753444444    16.234  0.084   15.726  0.006   15.637   
   28       104.31295  13.5392083333    9999.0  0.000   16.690  0.226   16.473   
   29   104.313472917  13.5937944444    16.365  0.080   15.712  0.012   15.594   
   30      104.316025  13.5527944444    9999.0  0.000   15.837  0.006   15.783   
   31        104.3166  13.4698527778    17.030  0.085   16.294  0.010   16.053   
   32   104.319347917  13.5225041667    14.984  0.078   14.412  0.005   14.371   
   33      104.321075  13.5663944444    14.808  0.076   14.047  0.011   13.953   
   34   104.321741667     13.6235125    14.426  0.077   14.101  0.014   14.156   
   35     104.3226125  13.4804833333    15.543  0.082   14.564  0.003   14.331   
   36   104.323345833  13.5494013889    17.739  0.087   16.884  0.011   16.501   
   38     104.3236625  13.7074416667    9999.0  0.000   9999.0  0.000   12.459   
   39       104.32595  13.5073138889    16.290  0.073   15.781  0.007   9999.0   
   40   104.326272917       13.60555    16.433  0.076   9999.0  0.000   9999.0   
   41   104.327439583  13.6123638889    16.426  0.065   15.839  0.015   15.685   
   42   104.327729167  13.6247277778    16.480  0.079   15.972  0.013   15.916   
   43   104.329516667  13.6761638889    16.483  0.174   15.707  0.005   15.603   
   44   104.329629167  13.5205277778    15.981  0.074   15.427  0.010   15.281   
   45   104.331683333     13.6778375    9999.0  0.000   9999.0  0.000   15.479   
   46       104.33185  13.6860333333    9999.0  0.000   9999.0  0.000   16.432   
   47     104.3322625  13.5849222222    12.992  0.057   9999.0  0.000   9999.0   
   48   104.332777083  13.6042333333    15.975  0.073   9999.0  0.000   9999.0   
   49   104.334283333  13.5601083333    15.538  0.073   15.163  0.010   15.120   
   50   104.334341667  13.6452486111    14.801  0.020   13.401  0.017   9999.0   
   51   104.335372917  13.6383777778    14.388  0.076   14.108  0.013   14.198   
   52   104.336454167  13.6562777778    15.942  0.077   15.424  0.008   15.304   
   53   104.338545833  13.6796277778    9999.0  0.000   9999.0  0.000   13.225   
   54   104.338533333  13.4945777778    15.113  0.079   14.386  0.008   14.268   
   55        104.3386        13.6006    15.730  0.070   9999.0  0.000   15.262   
   57   104.353560417  13.6280958333    16.695  0.081   15.828  0.010   15.606   
   58      104.347325  13.5571583333    16.170  0.076   15.553  0.012   15.415   
   59       104.34785  13.5105416667    16.499  0.079   9999.0  0.000   9999.0   
   60   104.348947917     13.5825875    16.126  0.071   15.520  0.015   15.430   
   61      104.350175  13.6450583333    16.163  0.068   9999.0  0.000   9999.0   
   62      104.350975  13.6681333333    13.409  0.083   13.095  0.102   9999.0   
   63   104.352583333  13.7017958333    9999.0  0.000   9999.0  0.000   14.345   
   64    104.35373125  13.5359458333    15.732  0.076   15.203  0.010   15.156   
   65   104.355439583  13.4948305556    15.892  0.007   9999.0  0.000   9999.0   
   66   104.357827083  13.5070694444    14.478  0.078   13.904  0.008   13.868   
   67    104.35818125       13.48765    15.779  0.085   14.815  0.005   14.527   
   68   104.358666667  13.6843944444    15.025  0.085   9999.0  0.000   14.252   
   69          104.37  13.6609361111    16.124  0.070   15.386  0.018   15.219   
   70   104.362995833  13.4785041667    14.498  0.080   13.740  0.003   13.613   
   71       104.36325  13.5549166667    15.359  0.074   14.863  0.012   14.798   
   72   104.364410417  13.5846666667    14.424  0.072   13.959  0.014   13.955   
   73       104.36495  13.6672305556    15.078  0.077   9999.0  0.000   9999.0   
   74     104.3653625  13.4698458333    15.023  0.080   14.827  0.006   15.013   
   75   104.367854167       13.69945    16.732  0.086   9999.0  0.000   15.887   
   76   104.370095833     13.4994125    17.320  0.053   16.615  0.036   16.288   
   77   104.370716667  13.5280527778    16.119  0.074   15.608  0.012   15.562   
   78   104.370820833  13.5495972222    16.041  0.073   15.461  0.011   15.356   
   79   104.373197917  13.5376166667    15.434  0.074   14.916  0.013   14.878   
   80     104.3734375      13.649675    16.464  0.073   15.994  0.012   15.947   
   82   104.373870833  13.6226638889    16.491  0.073   15.929  0.010   15.835   
   83   104.374022917  13.7022222222    15.110  0.092   13.919  0.003   13.585   
   84    104.37546875  13.6629458333    15.605  0.071   15.040  0.030   15.010   
   85   104.375608333  13.5666555556    13.251  0.023   9999.0  0.000   9999.0   
   86   104.375841667  13.5961972222    16.873  0.074   16.339  0.017   16.234   
   87   104.376483333  13.4679416667    15.586  0.084   14.688  0.005   14.511   
   88   104.380547917  13.6526861111    14.208  0.019   9999.0  0.000   9999.0   
   89   104.380941667  13.6795722222    9999.0  0.000   9999.0  0.000   16.003   
   90   104.382279167      13.542525    16.780  0.074   16.047  0.013   15.863   
   91     104.3824875     13.5874625    15.113  0.074   14.502  0.011   14.466   
   92   104.382516667  13.6171916667    16.509  0.070   15.797  0.015   15.655   
   93   104.383020833  13.4797666667    16.887  0.082   16.259  0.005   16.151   
   94      104.383125  13.6983416667    9999.0  0.000   9999.0  0.000   16.862   
   96   104.385554167  13.5042583333    17.163  0.073   9999.0  0.000   16.652   
   97   104.398883333  13.6675611111    16.649  0.080   16.051  0.011   15.957   
   98   104.396845833  13.6516027778    15.297  0.165   14.398  0.156   14.267   
   99     104.3905125  13.4786111111    14.970  0.079   14.801  0.005   14.947   
  100   104.393066667         13.707    17.260  0.274   16.653  0.156   16.407   
  104    104.39724375  13.5239819444    15.882  0.076   14.710  0.010   14.449   
  105     104.3982125  13.6390611111    15.944  0.024   9999.0  0.000   15.860   
  107   104.399404167  13.5630027778    16.155  0.094   9999.0  0.000   16.526   
  108    104.40266875       13.48805    18.960  0.030   9999.0  0.000   9999.0   
  109        104.4038  13.6602694444    15.815  0.074   15.523  0.017   9999.0   
  110     104.4050875  13.6230833333    16.029  0.013   9999.0  0.000   15.362   
  111   104.405295833  13.5085361111    17.507  0.075   16.963  0.005   16.849   
  112   104.405729167  13.6058527778    16.175  0.074   15.596  0.013   15.526   
  113     104.4074875  13.6723444444    16.291  0.118   15.829  0.124   15.552   
  114   104.407591667  13.5606458333    14.767  0.019   13.777  0.013   9999.0   
  117   104.409829167  13.4588472222    15.653  0.084   15.110  0.006   15.084   
  118   104.410910417  13.4900930556    16.207  0.077   15.593  0.003   15.501   
  119     104.4123375  13.5208111111    13.585  0.007   9999.0  0.000   9999.0   
  121        104.4141  13.6741694444    13.646  0.168   13.368  0.194   12.976   
  122     104.4141125  13.5287916667    14.072  0.024   13.327  0.052   9999.0   
  124   104.415114583  13.5475111111    14.990  0.077   14.025  0.011   13.803   
  125    104.41591875  13.6287527778    13.626  0.018   9999.0  0.000   9999.0   
  126    104.41630625  13.5623277778    17.035  0.074   15.752  0.010   15.435   
  128   104.417791667  13.4579611111    17.194  0.071   16.523  0.018   9999.0   
  129     104.4212875  13.6648763889    15.917  0.074   14.943  0.041   14.623   
  130   104.421341667  13.4915055556    16.775  0.081   16.123  0.008   15.928   
  131   104.424595833  13.5484611111    15.242  0.073   14.801  0.014   14.825   
  132   104.424635417  13.6966402778    16.514  0.091   15.886  0.007   15.782   
  133   104.424791667  13.6851777778    15.129  0.086   9999.0  0.000   9999.0   
  134   104.424908333  13.7119277778    9999.0  0.000   9999.0  0.000   12.506   
  136   104.426104167  13.6477055556    9999.0  0.000   16.268  0.011   9999.0   
  137   104.426877083  13.5042069444    17.205  0.080   9999.0  0.000   9999.0   
  138   104.427979167  13.4856958333    15.060  0.081   14.436  0.004   14.323   
  139    104.42865625  13.6201944444    14.973  0.076   13.972  0.014   13.751   
  140   104.429327083  13.6713861111    14.878  0.103   14.060  0.113   13.764   
  141   104.430008333  13.6156291667    16.622  0.069   16.058  0.018   15.957   
  142   104.430172917  13.6137055556    17.170  0.029   16.499  0.027   9999.0   
  143      104.430925  13.5355555556    16.244  0.079   15.490  0.009   15.370   
  144   104.431485417  13.5383486111    16.312  0.079   15.767  0.009   9999.0   
  146   104.433347917  13.5652194444    15.115  0.074   14.533  0.012   14.495   
  147      104.433675  13.5545277778    9999.0  0.000   15.847  0.136   15.741   
  148    104.43466875  13.6997597222    9999.0  0.000   9999.0  0.000   12.628   
  150      104.436625  13.5161055556    17.699  0.092   16.967  0.014   16.817   
  151     104.4370125       13.52935    16.214  0.078   15.697  0.010   15.645   
  152   104.437141667  13.5199694444    14.258  0.066   13.877  0.009   13.942   
  153   104.438264583  13.5753180556    16.530  0.009   16.233  0.017   9999.0   
  154   104.439397917      13.487175    12.858  0.058   9999.0  0.000   9999.0   
  155        104.4395  13.6460361111    16.562  0.079   15.631  0.017   9999.0   
  158   104.446170833  13.5627583333    13.624  0.016   9999.0  0.000   9999.0   
  159   104.446370833  13.4991111111    14.538  0.100   13.979  0.006   13.984   
  161   104.450345833  13.4634166667    16.557  0.076   15.864  0.011   15.735   
  163   104.451170833  13.5340611111    16.196  0.079   15.725  0.011   15.638   
  165   104.461554167  13.5495152778    16.505  0.018   9999.0  0.000   9999.0   
  166   104.453872917  13.6424069444    16.594  0.078   15.927  0.017   15.750   
  167   104.454239583  13.5414458333    16.730  0.075   16.163  0.010   16.022   
  168   104.455204167  13.6363694444    17.308  0.077   16.650  0.016   16.537   
  169   104.461647917  13.5613902778    15.723  0.077   15.059  0.012   14.975   
  170   104.461729167  13.4932388889    17.534  0.107   9999.0  0.000   16.805   
  171   104.462058333  13.4542111111    14.472  0.088   14.025  0.011   14.033   
  172   104.462522917  13.5959583333    16.425  0.014   15.980  0.010   15.919   
  173      104.463575  13.4703763889    15.913  0.085   15.388  0.007   15.329   
  174        104.4639  13.4683486111    17.887  0.164   17.117  0.024   17.089   
  175   104.468533333  13.6512486111    14.344  0.076   13.923  0.015   13.890   
  177   104.470504167  13.4660152778    15.618  0.085   15.261  0.007   15.352   
  178      104.470875  13.7125138889    15.900  0.013   9999.0  0.000   15.471   
  179    104.47533125     13.6123375    13.825  0.022   12.570  0.017   9999.0   
  180   104.475441667  13.6208222222    14.247  0.067   9999.0  0.000   9999.0   
  181   104.476035417  13.5583680556    14.948  0.078   14.223  0.010   14.126   
  182   104.476602083  13.6665763889    14.933  0.082   14.500  0.064   14.458   
  183    104.47673125  13.6461388889    15.089  0.012   14.946  0.016   15.134   
  184   104.477222917  13.6827097222    16.083  0.087   15.708  0.008   15.741   
  185   104.477433333      13.631825    15.324  0.080   14.562  0.012   14.437   
  186   104.479810417  13.4596541667    14.362  0.087   9999.0  0.000   9999.0   
  187      104.480125  13.5641527778    16.452  0.079   15.873  0.012   15.808   
  188   104.480933333  13.5735722222    16.967  0.086   16.249  0.007   16.089   
  189   104.483216667  13.7002902778    16.309  0.093   15.782  0.011   15.753   
  190   104.486320833  13.4991541667    15.793  0.083   15.112  0.009   15.004   
  191   104.486622917  13.6303777778    13.756  0.013   13.381  0.091   9999.0   
  192   104.487052083  13.5387361111    16.309  0.079   15.856  0.008   15.698   
  193   104.487608333  13.5689569444    16.238  0.077   15.649  0.011   15.549   
  194      104.487975  13.5172277778    16.759  0.086   16.264  0.004   16.230   
  196    104.48869375  13.5661833333    17.084  0.100   16.479  0.016   16.279   
  197   104.492954167  13.5558291667    16.417  0.082   15.357  0.008   15.113   
  198   104.493579167  13.5325652778    16.113  0.082   15.490  0.009   15.404   
  199      104.494325  13.4808708333    15.529  0.008   15.033  0.010   9999.0   
  201      104.502325      13.671925    14.662  0.122   13.859  0.148   13.527   
  202   104.502416667  13.5350722222    16.509  0.083   9999.0  0.000   9999.0   
  203   104.504833333       13.61115    9999.0  0.000   17.038  0.010   16.968   
  204   104.505285417  13.5943541667    15.397  0.079   14.770  0.014   14.704   
  205   104.511366667  13.5507833333    16.684  0.084   15.869  0.005   15.668   
  206   104.513520833  13.5914736111    16.681  0.082   15.866  0.017   15.627   
  207   104.513733333  13.5606055556    16.967  0.083   16.132  0.005   15.936   
  208     104.5127375  13.7111263889    9999.0  0.000   14.963  0.298   14.810   
  209     104.5164875  13.6487333333    16.581  0.005   9999.0  0.000   16.268   
  210   104.517441667  13.5309583333    13.856  0.008   9999.0  0.000   9999.0   
  211   104.517560417  13.7026888889    9999.0  0.000   9999.0  0.000   14.197   
  212   104.518291667  13.4761416667    17.089  0.090   16.342  0.015   16.183   
  213       104.51915  13.5703444444    16.968  0.083   16.248  0.017   16.053   
  214     104.5220625  13.5323708333    15.132  0.008   14.647  0.007   9999.0   
  215      104.522475        13.6302    17.148  0.087   16.411  0.008   16.246   
  216      104.523125  13.7151055556    16.626  0.002   9999.0  0.000   15.969   
  218   104.526427083  13.5444861111    15.465  0.012   15.053  0.019   15.045   
  219     104.5287125  13.6052777778    15.867  0.080   15.281  0.011   15.179   
  220    104.53091875     13.6704625    14.511  0.139   13.726  0.153   9999.0   
  221   104.531679167  13.6424027778    12.968  0.127   9999.0  0.000   9999.0   
  222   104.534033333  13.5750041667    16.373  0.083   15.840  0.008   15.763   
  223     104.5343625  13.6332777778    13.008  0.012   9999.0  0.000   9999.0   
  224   104.535183333  13.5135777778    13.859  0.014   9999.0  0.000   9999.0   
  225        104.5381  13.5479805556    16.889  0.096   16.268  0.009   16.142   
  226       104.54065  13.5948861111    16.915  0.083   15.980  0.014   15.746   
  227   104.543295833  13.5575555556    13.487  0.011   9999.0  0.000   9999.0   
  228    104.55304375  13.5716097222    9999.0  0.000   14.751  0.011   9999.0   
  230   104.547570833  13.6827222222    15.309  0.105   14.718  0.011   14.634   
  231   104.548358333  13.5128694444    15.073  0.070   13.956  0.015   13.722   
  232   104.548779167  13.7071694444    15.142  0.105   14.517  0.017   14.428   
  233   104.550133333  13.5360861111    15.728  0.223   15.049  0.135   14.839   
  234     104.5533625     13.6491375    16.506  0.090   15.908  0.019   15.790   
  237    104.55475625  13.6247041667    16.932  0.030   16.088  0.023   9999.0   
  240   104.557847917  13.6165333333    14.945  0.090   14.117  0.019   13.999   
  241        104.5602  13.5812472222    15.612  0.099   15.102  0.009   9999.0   
  242   104.561002083  13.6595111111    16.191  0.105   15.587  0.016   15.504   
  243    104.56138125      13.466275    9999.0  0.000   9999.0  0.000   12.967   
  244   104.561579167  13.6445291667    9999.0  0.000   9999.0  0.000   13.048   
  245   104.562454167      13.509525    14.403  0.001   9999.0  0.000   13.308   
  246    104.40219375  13.5755583333    18.082  0.087   17.433  0.011   9999.0   
  247    104.44101875  13.5564611111    18.063  0.082   16.988  0.026   16.690   
  248        104.4498  13.5675333333    9999.0  0.000   9999.0  0.000   17.908   
  249   104.288585417  13.5111958333    9999.0  0.000   14.299  0.014   9999.0   
  250   104.289572917  13.5323708333    9999.0  0.000   15.940  0.001   9999.0   
  251   104.289845833  13.4866305556    9999.0  0.000   14.495  0.005   9999.0   
  252     104.2901125  13.4608027778    9999.0  0.000   13.938  0.015   9999.0   
  253     104.3166625  13.4488569444    17.300  0.012   15.991  0.016   9999.0   
  254   104.329685417  13.4480444444    12.781  0.066   12.693  0.008   9999.0   
  255    104.33789375  13.4501666667    13.679  0.007   13.562  0.004   9999.0   
  256   104.348179167  13.4666930556    15.560  0.016   15.279  0.016   9999.0   
  257   104.360158333  13.4475666667    9999.0  0.000   16.828  0.021   9999.0   
  258   104.398085417  13.4470958333    9999.0  0.000   14.636  0.039   9999.0   
  259    104.41954375  13.4486333333    15.813  0.005   15.033  0.011   9999.0   
  260   104.434695833  13.4490583333    14.653  0.003   13.950  0.009   9999.0   
  261   104.471152083     13.4483625    16.456  0.005   15.941  0.020   9999.0   
  262   104.494083333  13.7101888889    16.113  0.008   15.351  0.002   15.268   
  263      104.546425  13.7116527778    9999.0  0.000   14.975  0.006   14.394   
  264   104.407433333  13.7105194444    17.778  0.011   16.897  0.000   16.745   
  265     104.3261125  13.7099472222    17.417  0.014   18.648  0.082   18.320   
  266   104.497658333  13.7070277778    15.307  0.007   14.500  0.002   14.421   
  267       104.38535      13.709725    9999.0  0.000   19.026  0.000   18.438   
  268   104.470420833  13.7094208333    17.992  0.031   17.026  0.006   16.853   
  269   104.334952083  13.7084902778    17.746  0.005   16.844  0.010   16.713   
  272   104.351270833  13.7053763889    18.734  0.047   17.529  0.028   17.317   
  273    104.55719375  13.7045986111    18.062  0.008   16.631  0.010   9999.0   
  274      104.378325  13.7046736111    18.636  0.022   17.655  0.006   17.542   
  275   104.331489583  13.7044791667    9999.0  0.000   18.739  0.029   18.381   
  276      104.464775  13.7044819444    9999.0  0.000   9999.0  0.000   18.127   
  277   104.320379167  13.7034138889    19.318  0.127   18.393  0.038   18.114   
  278   104.449570833  13.7017208333    17.193  0.003   16.183  0.003   16.000   
  279    104.43290625  13.7025444444    18.368  0.029   17.264  0.013   17.085   
  280   104.508039583  13.7036611111    9999.0  0.000   18.369  0.032   16.976   
  281      104.527675  13.7013194444    18.199  0.010   17.047  0.022   16.784   
  282   104.558629167  13.7013055556    18.643  0.036   17.704  0.003   17.577   
  283   104.408827083  13.7005930556    19.800  0.093   18.288  0.036   18.078   
  284    104.36445625  13.7011027778    9999.0  0.000   18.417  0.003   17.865   
  285   104.411766667  13.6986416667    17.122  0.000   16.223  0.006   16.067   
  286   104.516520833  13.6986694444    17.396  0.002   16.533  0.002   16.411   
  287    104.30995625  13.6989666667    18.459  0.023   17.205  0.001   17.005   
  288   104.429297917  13.6985138889    18.532  0.009   17.678  0.039   17.591   
  289    104.34536875      13.698525    9999.0  0.000   18.224  0.077   17.638   
  290   104.467233333  13.6978083333    19.207  0.065   17.424  0.037   16.810   
  291   104.318722917  13.6977263889    9999.0  0.000   17.592  0.012   9999.0   
  292   104.398722917        13.6964    17.708  0.018   16.783  0.009   16.621   
  293   104.366558333  13.6962458333    19.163  0.073   18.163  0.094   17.573   
  294   104.487495833  13.6940361111    17.587  0.035   16.429  0.010   16.218   
  295   104.391833333  13.6946819444    17.814  0.009   16.884  0.006   16.733   
  296   104.452658333  13.6921361111    9999.0  0.000   18.018  0.004   17.463   
  297   104.424097917  13.6909430556    17.758  0.001   18.595  0.027   17.703   
  298    104.36520625  13.6909666667    19.153  0.049   18.640  0.037   18.497   
  299   104.448789583     13.6902625    18.618  0.024   16.865  0.024   16.259   
  300   104.386072917  13.6896402778    18.136  0.022   17.224  0.005   17.083   
  301    104.47694375  13.6899319444    18.156  0.005   17.193  0.019   17.051   
  302        104.4221  13.6881277778    19.587  0.038   16.311  0.003   15.964   
  303   104.316216667  13.6895208333    19.180  0.020   18.157  0.029   17.900   
  304    104.53586875  13.6889083333    19.144  0.023   18.005  0.014   17.798   
  305   104.323997917  13.6877597222    18.972  0.045   18.130  0.002   17.931   
  306   104.302752083     13.6870625    9999.0  0.000   18.361  0.057   18.036   
  307   104.509402083  13.6863583333    18.514  0.015   18.303  0.004   17.880   
  308    104.30934375  13.6880763889    9999.0  0.000   18.728  0.063   18.296   
  309       104.39855        13.6872    18.875  0.040   17.760  0.039   17.637   
  310   104.375002083  13.6863958333    19.240  0.013   17.538  0.019   16.996   
  311   104.518341667  13.6851041667    18.516  0.042   17.528  0.007   17.375   
  312   104.412133333  13.6859069444    19.215  0.059   18.942  0.072   17.899   
  313   104.407108333  13.6828513889    17.459  0.019   16.352  0.000   16.127   
  315   104.378229167  13.6841388889    18.209  0.028   9999.0  0.000   17.021   
  316   104.362120833  13.6828277778    9999.0  0.000   18.051  0.025   17.673   
  317    104.31245625  13.6845861111    9999.0  0.000   19.063  0.033   18.307   
  318   104.505885417  13.6827527778    18.567  0.000   17.540  0.036   17.318   
  319   104.321477083  13.6822638889    18.785  0.059   17.580  0.018   17.306   
  320    104.52359375  13.6828805556    9999.0  0.000   18.330  0.006   17.179   
  321   104.356883333  13.6793236111    15.991  0.003   14.910  0.000   9999.0   
  322   104.525989583  13.6804486111    17.964  0.010   17.092  0.014   16.974   
  324       104.49385  13.6792708333    18.023  0.031   17.028  0.007   16.877   
  325   104.367247917  13.6774263889    19.256  0.027   9999.0  0.000   17.910   
  326   104.520114583  13.6785277778    19.176  0.026   18.198  0.011   17.938   
  327     104.3448125  13.6787444444    9999.0  0.000   18.506  0.034   18.278   
  328   104.478060417  13.6772861111    18.851  0.027   17.950  0.061   17.936   
  329   104.403120833  13.6757777778    17.841  0.008   16.023  0.007   15.099   
  330   104.349902083  13.6762805556    18.808  0.037   17.357  0.031   17.055   
  331   104.369391667  13.6739027778    15.959  0.007   15.098  0.003   14.969   
  332   104.396445833  13.6756333333    9999.0  0.000   18.104  0.121   17.561   
  333   104.499516667  13.6766083333    9999.0  0.000   18.285  0.033   18.052   
  334   104.387452083  13.6742041667    17.520  0.001   16.410  0.015   16.168   
  335    104.48655625      13.673575    17.553  0.013   16.467  0.005   16.248   
  336   104.418079167  13.6751388889    19.982  0.048   18.736  0.119   9999.0   
  337    104.47629375  13.6746416667    19.581  0.079   17.692  0.354   16.849   
  338   104.296558333  13.6732333333    19.676  0.043   18.310  0.017   18.244   
  339     104.4140125  13.6713694444    17.098  0.006   16.306  0.003   16.064   
  340     104.3429625  13.6723402778    19.219  0.006   17.611  0.049   17.082   
  341   104.448454167  13.6726652778    18.982  0.010   17.907  0.029   17.795   
  342    104.31994375  13.6723083333    19.130  0.027   17.681  0.032   17.377   
  343   104.467414583  13.6724736111    18.929  0.016   17.932  0.025   17.737   
  344   104.372566667     13.6694625    16.836  0.005   15.944  0.006   15.834   
  345      104.296025  13.6710138889    9999.0  0.000   18.469  0.023   18.166   
  346   104.464452083     13.6693375    17.172  0.003   16.132  0.006   15.939   
  347    104.54526875     13.6699875    19.030  0.051   17.921  0.027   17.769   
  348    104.31881875     13.6693625    18.556  0.020   17.667  0.012   17.516   
  349   104.404604167      13.670425    19.584  0.038   19.010  0.132   18.667   
  350     104.4402625  13.6705222222    9999.0  0.000   18.831  0.018   18.331   
  352   104.345322917  13.6646666667    19.566  0.054   14.772  0.000   9999.0   
  353   104.508233333       13.66805    19.192  0.025   18.154  0.033   17.906   
  354   104.402364583  13.6687930556    9999.0  0.000   18.953  0.041   18.802   
  355   104.556652083  13.6664027778    17.780  0.018   16.484  0.007   16.182   
  356   104.532745833  13.6647722222    16.275  0.002   15.526  0.002   15.484   
  357    104.31308125  13.6676666667    9999.0  0.000   18.898  0.116   18.641   
  358    104.33496875  13.6661694444    9999.0  0.000   18.552  0.022   18.117   
  359      104.351775  13.6626986111    16.037  0.001   18.757  0.040   9999.0   
  360   104.463270833  13.6645180556    19.082  0.080   9999.0  0.000   17.354   
  361      104.388025      13.664225    18.893  0.048   17.916  0.026   17.846   
  362   104.508364583  13.6637527778    18.977  0.078   17.916  0.018   17.729   
  363   104.440910417  13.6626958333    18.848  0.023   17.628  0.243   17.527   
  364    104.54898125        13.6636    9999.0  0.000   18.601  0.039   9999.0   
  365   104.397739583      13.662025    18.121  0.016   17.183  0.008   17.033   
  366   104.465041667  13.6631388889    9999.0  0.000   18.614  0.126   9999.0   
  367   104.316345833  13.6618472222    18.335  0.049   17.339  0.015   17.128   
  368    104.48930625  13.6607097222    18.289  0.024   16.999  0.034   16.714   
  369   104.408414583  13.6593527778    17.109  0.081   16.256  0.014   15.967   
  370   104.473472917  13.6608861111    18.803  0.008   17.718  0.008   17.561   
  371     104.3404875  13.6613097222    9999.0  0.000   18.610  0.009   18.257   
  372   104.464095833  13.6597097222    19.302  0.043   18.386  0.059   18.236   
  373    104.32921875  13.6582944444    17.531  0.004   16.699  0.006   16.562   
  374    104.33868125  13.6595638889    9999.0  0.000   18.419  0.059   18.383   
  375    104.51409375  13.6586513889    18.912  0.009   17.842  0.014   17.639   
  376    104.41616875  13.6569097222    19.307  0.054   18.144  0.004   18.154   
  377   104.401252083  13.6576291667    19.066  0.308   17.738  0.066   17.496   
  378   104.550827083  13.6556027778    18.828  0.024   17.888  0.022   17.623   
  379   104.456816667  13.6546291667    18.416  0.043   16.705  0.004   16.068   
  381    104.33394375  13.6534041667    18.589  0.003   9999.0  0.000   9999.0   
  382   104.414964583  13.6529680556    18.289  0.027   17.373  0.016   17.290   
  383   104.554308333  13.6537555556    9999.0  0.000   17.782  0.012   17.674   
  384      104.559275  13.6547222222    9999.0  0.000   18.712  0.027   18.319   
  385   104.296741667  13.6541444444    9999.0  0.000   18.472  0.058   18.367   
  386   104.330791667  13.6497722222    9999.0  0.000   15.668  0.000   9999.0   
  387     104.3437875  13.6514861111    18.997  0.021   9999.0  0.000   17.597   
  388   104.356752083  13.6521138889    19.119  0.062   18.332  0.022   18.297   
  389   104.321510417  13.6508777778    18.485  0.052   17.430  0.017   17.257   
  390   104.410802083  13.6511708333    9999.0  0.000   18.098  0.009   9999.0   
  391   104.448491667  13.6518888889    9999.0  0.000   18.645  0.072   18.366   
  392     104.3668875     13.6472625    17.662  0.003   16.299  0.014   15.941   
  393   104.326029167  13.6480305556    18.267  0.019   18.519  0.105   9999.0   
  394   104.555197917  13.6471111111    9999.0  0.000   17.541  0.004   17.169   
  395   104.342070833  13.6469513889    18.740  0.030   17.378  0.015   17.119   
  396   104.508816667  13.6469541667    19.222  0.004   18.125  0.072   17.968   
  397   104.302066667     13.6465125    9999.0  0.000   18.738  0.060   18.652   
  398   104.307339583  13.6446916667    18.920  0.012   17.731  0.017   17.469   
  399   104.455927083  13.6445944444    9999.0  0.000   18.522  0.012   18.051   
  400   104.555247917  13.6426972222    17.626  0.010   16.300  0.005   15.934   
  401   104.375304167  13.6441138889    19.136  0.051   9999.0  0.000   18.317   
  402   104.332983333  13.6409097222    16.948  0.008   18.921  0.024   19.540   
  404    104.39553125  13.6434388889    9999.0  0.000   18.563  0.003   17.556   
  405      104.479725     13.6422875    19.054  0.019   18.193  0.070   17.964   
  406   104.548233333  13.6412763889    18.360  0.008   17.006  0.012   16.680   
  407   104.527235417  13.6406236111    17.470  0.012   16.151  0.002   15.815   
  408   104.325852083  13.6419069444    18.824  0.045   17.883  0.043   17.665   
  409   104.419970833  13.6405805556    19.811  0.041   18.112  0.011   17.942   
  410   104.306229167      13.639625    18.763  0.019   17.713  0.036   17.440   
  411   104.502991667  13.6376430556    17.825  0.001   16.711  0.000   16.505   
  412    104.35265625  13.6384444444    19.103  0.091   17.878  0.005   17.710   
  413   104.415583333  13.6382263889    19.469  0.083   18.602  0.029   18.175   
  414    104.46686875  13.6385916667    9999.0  0.000   18.634  0.018   18.372   
  415   104.553010417  13.6366652778    17.565  0.002   16.343  0.002   16.096   
  416    104.52051875  13.6357888889    17.534  0.016   16.681  0.005   16.592   
  417    104.50086875  13.6362388889    17.958  0.001   9999.0  0.000   9999.0   
  418   104.322758333  13.6365111111    19.293  0.005   18.170  0.070   17.895   
  419   104.345860417  13.6346569444    9999.0  0.000   17.043  0.011   16.864   
  420   104.308695833  13.6339861111    17.591  0.000   9999.0  0.000   9999.0   
  422    104.34200625  13.6348708333    17.949  0.004   18.684  0.011   18.435   
  423    104.37239375  13.6329333333    17.204  0.008   16.333  0.008   16.174   
  425   104.428241667  13.6336888889    19.313  0.081   17.965  0.023   17.741   
  426    104.50550625  13.6328041667    18.937  0.040   18.057  0.054   17.845   
  427   104.386495833  13.6334694444    9999.0  0.000   18.642  0.019   19.037   
  428   104.404027083  13.6318027778    17.672  0.003   16.807  0.004   16.658   
  429   104.300289583  13.6324916667    19.687  0.041   18.336  0.073   18.556   
  431   104.537779167  13.6291777778    19.484  0.014   9999.0  0.000   18.057   
  432   104.361377083  13.6305013889    9999.0  0.000   18.683  0.041   17.633   
  433   104.363820833  13.6262902778    15.687  0.003   14.673  0.002   14.482   
  434   104.497927083  13.6284569444    17.650  0.005   16.708  0.024   16.553   
  435    104.37134375  13.6282291667    18.667  0.062   17.371  0.031   17.062   
  436   104.335627083  13.6294361111    9999.0  0.000   18.852  0.024   17.801   
  437   104.442172917  13.6277861111    19.085  0.000   18.109  0.031   17.859   
  438        104.4209  13.6265263889    17.550  0.005   16.483  0.009   16.296   
  439    104.42495625  13.6275583333    19.170  0.053   18.040  0.066   17.816   
  441      104.477375  13.6263041667    18.179  0.014   17.207  0.011   17.135   
  442   104.471829167  13.6242958333    16.518  0.002   15.468  0.005   15.275   
  443   104.336808333  13.6256083333    18.140  0.029   9999.0  0.000   9999.0   
  444   104.499464583  13.6251708333    18.597  0.008   17.424  0.002   17.220   
  445   104.307758333  13.6254111111    19.048  0.070   9999.0  0.000   17.756   
  446     104.3592875  13.6233166667    16.634  0.003   15.402  0.001   15.127   
  447   104.414439583  13.6244513889    18.675  0.020   17.583  0.002   17.451   
  448   104.544560417     13.6255125    9999.0  0.000   18.678  0.033   18.362   
  449    104.51909375  13.6239208333    9999.0  0.000   18.688  0.122   9999.0   
  450   104.292879167  13.6234138889    9999.0  0.000   18.209  0.033   17.396   
  451   104.303620833  13.6224388889    17.980  0.005   16.975  0.016   16.819   
  452   104.501272917  13.6224736111    18.570  0.039   17.305  0.004   17.070   
  453      104.482175  13.6227666667    19.055  0.027   18.134  0.002   17.870   
  454     104.4029375  13.6206888889    16.927  0.007   16.144  0.002   16.086   
  455    104.36165625  13.6215847222    18.317  0.034   17.392  0.058   17.159   
  456   104.379247917  13.6212541667    17.512  0.009   16.418  0.003   16.197   
  457   104.362829167  13.6177430556    17.840  0.023   16.492  0.006   16.177   
  458     104.3161625  13.6184555556    18.706  0.004   17.276  0.015   17.011   
  459    104.51539375  13.6198638889    18.695  0.022   19.094  0.163   17.691   
  460      104.342425  13.6178333333    19.040  0.009   17.801  0.001   17.574   
  461   104.499358333       13.61815    9999.0  0.000   18.985  0.075   18.486   
  462   104.433602083  13.6184166667    19.524  0.024   18.163  0.022   17.770   
  463    104.46080625     13.6179125    18.810  0.034   17.794  0.052   17.551   
  464    104.29403125  13.6170486111    18.545  0.078   9999.0  0.000   17.950   
  466     104.4866875  13.6173708333    19.496  0.011   18.563  0.052   18.355   
  467   104.472783333  13.6159583333    17.882  0.001   16.714  0.006   16.460   
  468     104.3614375  13.6145638889    16.744  0.002   9999.0  0.000   15.600   
  469         104.344  13.6154347222    18.747  0.061   17.433  0.001   17.147   
  470   104.296204167  13.6145055556    18.734  0.003   17.725  0.003   17.636   
  471     104.3313375  13.6145430556    17.576  0.003   18.208  0.017   17.712   
  472   104.503641667  13.6137444444    18.440  0.046   9999.0  0.000   17.119   
  473   104.538610417     13.6122875    18.228  0.003   17.071  0.010   16.889   
  474   104.410341667  13.6142430556    9999.0  0.000   18.581  0.038   18.470   
  475    104.51549375  13.6129041667    18.163  0.018   17.196  0.001   16.937   
  476     104.5609125  13.6131236111    19.285  0.016   18.339  0.095   18.255   
  477   104.364583333  13.6117138889    18.091  0.021   16.991  0.007   16.766   
  478   104.467491667  13.6098986111    18.225  0.006   16.688  0.008   16.304   
  479    104.54348125  13.6095569444    9999.0  0.000   17.736  0.019   9999.0   
  480   104.404827083  13.6098805556    19.237  0.079   18.240  0.032   18.116   
  481   104.475558333  13.6086333333    18.299  0.013   9999.0  0.000   16.869   
  482     104.3364625      13.607725    9999.0  0.000   18.235  0.076   17.946   
  483   104.325554167  13.6083944444    9999.0  0.000   19.056  0.032   18.046   
  484   104.379022917  13.6069708333    18.292  0.020   17.285  0.004   17.092   
  485   104.386947917  13.6079527778    19.377  0.036   18.473  0.110   18.312   
  486   104.515610417  13.6064444444    18.439  0.035   17.205  0.016   16.917   
  487   104.355272917  13.6066055556    18.916  0.051   17.804  0.004   17.395   
  488    104.44939375  13.6062791667    18.825  0.007   17.923  0.000   17.738   
  489   104.505660417  13.6049041667    18.074  0.038   17.090  0.011   16.918   
  490   104.471629167  13.6052777778    19.388  0.050   17.944  0.015   17.608   
  491   104.372941667  13.6043680556    19.164  0.067   18.517  0.098   18.176   
  492   104.488704167  13.6026416667    19.914  0.011   17.904  0.013   16.980   
  493   104.519733333  13.6024944444    18.855  0.031   17.845  0.012   9999.0   
  494   104.525727083  13.6032305556    9999.0  0.000   19.364  0.155   18.245   
  495   104.390664583  13.6001708333    16.773  0.010   15.842  0.004   15.677   
  496   104.357547917  13.6007652778    18.016  0.016   16.988  0.015   16.718   
  497   104.483702083  13.6016763889    9999.0  0.000   18.820  0.032   18.494   
  498        104.5087        13.5997    17.631  0.001   16.483  0.008   16.266   
  499   104.470095833  13.5992208333    18.899  0.038   17.711  0.017   17.414   
  500      104.386375  13.5974666667    16.224  0.003   15.327  0.004   15.176   
  501     104.3955625  13.5990916667    9999.0  0.000   18.830  0.088   17.988   
  502   104.529327083     13.5986875    19.557  0.034   18.342  0.072   18.207   
  503   104.364908333  13.5984444444    19.342  0.062   18.363  0.010   18.146   
  504    104.46878125  13.5975347222    18.583  0.011   17.646  0.008   17.429   
  505   104.497577083  13.5973777778    18.665  0.031   17.756  0.019   17.577   
  506        104.3219  13.5952513889    19.017  0.009   17.701  0.007   17.251   
  507   104.347529167  13.5952763889    19.051  0.007   17.779  0.038   17.463   
  508   104.365489583  13.5945527778    9999.0  0.000   18.762  0.041   18.428   
  509    104.52136875  13.5964319444    9999.0  0.000   18.866  0.029   18.554   
  510    104.42975625  13.5951347222    19.471  0.052   18.696  0.009   18.175   
  511   104.409520833  13.5938569444    18.109  0.009   16.762  0.001   16.479   
  512   104.465791667  13.5923847222    19.215  0.009   18.010  0.045   17.778   
  513   104.352741667  13.5918694444    18.496  0.025   17.480  0.036   17.330   
  514        104.3649       13.59085    9999.0  0.000   18.026  0.037   17.551   
  515   104.370877083      13.588575    19.447  0.027   18.037  0.009   17.691   
  516     104.5472625  13.5899333333    19.221  0.054   18.394  0.100   18.102   
  517   104.403641667  13.5883638889    18.332  0.069   17.467  0.004   17.213   
  518   104.440008333  13.5897888889    19.662  0.053   18.637  0.029   18.485   
  519    104.34989375  13.5898416667    19.549  0.082   18.510  0.110   18.547   
  520   104.462727083  13.5877958333    17.611  0.007   16.570  0.006   16.343   
  521   104.348045833  13.5879361111    18.152  0.010   16.895  0.010   16.626   
  522    104.53219375     13.5879125    19.421  0.054   18.402  0.072   18.169   
  523    104.46024375  13.5864819444    19.357  0.015   17.903  0.025   9999.0   
  524   104.478302083  13.5867819444    19.626  0.001   18.524  0.052   18.263   
  525   104.552935417  13.5860847222    19.275  0.002   9999.0  0.000   18.159   
  526   104.435533333  13.5857708333    19.454  0.091   17.989  0.109   17.828   
  527    104.46383125  13.5844555556    18.021  0.000   18.186  0.004   17.891   
  528   104.316320833  13.5855944444    19.345  0.059   18.309  0.046   18.040   
  529   104.335672917  13.5834722222    17.959  0.001   16.848  0.007   16.633   
  530   104.515533333     13.5829875    17.350  0.008   16.407  0.020   16.264   
  531      104.326425  13.5819652778    15.978  0.003   15.031  0.002   14.862   
  532   104.396366667  13.5811347222    17.668  0.004   16.270  0.004   15.919   
  533   104.296354167  13.5821888889    18.164  0.030   18.439  0.020   17.724   
  534   104.347910417  13.5793319444    18.994  0.041   17.845  0.020   17.724   
  537   104.497610417  13.4519111111    9999.0  0.000   9999.0  0.000   15.831   
  538   104.293854167  13.4582319444    18.894  0.020   17.523  0.015   17.197   
  539   104.324841667  13.4582611111    9999.0  0.000   18.173  0.002   17.721   
  540   104.482877083  13.4611263889    16.910  0.000   16.175  0.011   16.140   
  541    104.42616875  13.4623583333    9999.0  0.000   18.505  0.114   17.848   
  543     104.3791375  13.4656208333    9999.0  0.000   18.500  0.021   18.090   
  544   104.549672917  13.4712680556    18.934  0.012   9999.0  0.000   17.425   
  545   104.397229167     13.4716625    16.823  0.001   15.857  0.004   15.700   
  547   104.411470833  13.4735083333    17.881  0.006   9999.0  0.000   16.776   
  548   104.376879167  13.4742180556    9999.0  0.000   18.497  0.183   17.775   
  549   104.392310417  13.4739152778    9999.0  0.000   18.097  0.000   17.959   
  550   104.454304167  13.4903458333    19.041  0.053   18.297  0.281   17.749   
  551   104.333345833  13.4913611111    16.237  0.007   15.151  0.001   14.961   
  552   104.370335417  13.4915819444    14.694  0.005   13.955  0.000   13.899   
  553     104.4884625     13.4559625    19.319  0.058   18.271  0.028   17.997   
  554   104.370785417  13.4552916667    9999.0  0.000   18.684  0.035   17.975   
  555   104.451514583  13.4577652778    19.208  0.047   18.003  0.038   17.743   
  556   104.297702083  13.4567597222    18.082  0.003   16.889  0.007   16.709   
  558   104.507514583  13.4583972222    17.140  0.002   16.125  0.007   15.980   
  559   104.428704167  13.4594277778    19.595  0.019   17.675  0.042   17.109   
  560   104.365672917        13.4613    9999.0  0.000   18.688  0.084   18.432   
  561       104.33365  13.4607916667    16.867  0.002   16.003  0.001   15.891   
  562   104.329527083  13.4596138889    18.654  0.004   17.134  0.018   16.731   
  563    104.49609375  13.4601541667    18.851  0.038   17.754  0.044   17.538   
  564    104.45118125  13.4601083333    19.940  0.095   18.635  0.079   18.543   
  565   104.453933333  13.4611847222    18.688  0.051   17.647  0.008   17.589   
  566     104.5418375  13.4636027778    18.409  0.040   17.334  0.031   17.191   
  567   104.454395833  13.4662166667    18.982  0.013   17.945  0.023   17.821   
  568   104.501264583  13.4662458333    19.150  0.072   18.021  0.042   17.695   
  569      104.433825  13.4671013889    17.814  0.017   16.375  0.002   16.038   
  570   104.372433333     13.4666875    18.798  0.031   16.875  0.017   16.155   
  573   104.303222917  13.4668722222    19.041  0.068   17.850  0.030   17.489   
  574   104.511279167  13.4704388889    19.358  0.002   17.441  0.001   16.836   
  575   104.477991667  13.4696708333    9999.0  0.000   18.595  0.042   18.145   
  576   104.488008333  13.4686597222    9999.0  0.000   18.740  0.015   18.156   
  577   104.420516667  13.4717597222    9999.0  0.000   18.151  0.022   17.696   
  578   104.338185417  13.4705555556    19.021  0.072   17.701  0.020   17.375   
  579     104.5526875  13.4731638889    19.687  0.036   18.509  0.052   18.265   
  580   104.294710417     13.4751625    19.028  0.056   17.334  0.002   16.332   
  581     104.5011625  13.4741611111    19.442  0.008   9999.0  0.000   18.265   
  582    104.34375625  13.4765236111    9999.0  0.000   15.917  0.003   17.116   
  583   104.321841667  13.4740638889    18.482  0.007   17.623  0.012   17.434   
  584   104.493441667         13.477    16.168  0.010   9999.0  0.000   15.118   
  585   104.467164583  13.4768597222    17.497  0.016   9999.0  0.000   9999.0   
  586   104.459158333  13.4823694444    9999.0  0.000   18.236  0.039   16.479   
  587    104.50741875      13.480475    18.156  0.001   18.649  0.051   16.694   
  588   104.443120833     13.4760875    18.713  0.024   17.731  0.043   17.553   
  589   104.406302083  13.4774569444    16.769  0.004   15.925  0.001   15.829   
  590   104.548827083  13.4786111111    17.906  0.000   17.001  0.018   16.902   
  591   104.402977083  13.4811402778    18.795  0.013   17.436  0.038   17.138   
  592   104.434122917  13.4898805556    19.875  0.013   18.619  0.044   18.259   
  593   104.399122917  13.4795986111    9999.0  0.000   18.590  0.065   18.248   
  594   104.394997917  13.4838666667    9999.0  0.000   18.576  0.014   18.145   
  595   104.503341667  13.4822305556    9999.0  0.000   18.552  0.019   18.312   
  597   104.513683333  13.4839888889    18.601  0.025   17.640  0.030   17.423   
  598    104.36968125        13.4827    18.399  0.003   17.228  0.009   16.952   
  599   104.434664583       13.48355    18.660  0.008   17.702  0.002   17.436   
  600   104.535827083  13.4860458333    17.744  0.007   16.719  0.004   16.521   
  601    104.32280625  13.4839722222    19.051  0.038   18.169  0.025   18.155   
  602    104.55335625      13.486225    19.546  0.063   18.502  0.007   18.293   
  603     104.5331625  13.5662277778    18.238  0.003   17.327  0.017   17.206   
  604     104.4741125  13.4852388889    9999.0  0.000   18.894  0.054   18.890   
  605   104.324958333  13.4897069444    17.374  0.010   15.999  0.003   16.030   
  606   104.364279167  13.4894277778    9999.0  0.000   18.617  0.019   9999.0   
  607   104.480635417  13.4880666667    19.554  0.074   18.218  0.036   17.713   
  608   104.532529167     13.4890125    9999.0  0.000   9999.0  0.000   18.694   
  609   104.474708333  13.4897069444    16.834  0.022   16.061  0.006   18.528   
  610   104.296447917  13.4880277778    18.850  0.046   17.740  0.002   17.521   
  611   104.527766667  13.4939361111    17.558  0.001   16.491  0.005   16.282   
  612   104.390966667  13.5009388889    9999.0  0.000   18.439  0.005   18.330   
  613   104.478235417  13.4919361111    18.989  0.023   17.839  0.031   17.642   
  614   104.317539583     13.4949625    17.038  0.006   15.790  0.000   15.514   
  615    104.48041875     13.4948875    19.041  0.068   18.006  0.022   18.233   
  616   104.509466667  13.4545902778    18.633  0.023   17.733  0.034   17.670   
  617     104.4644875  13.4945694444    9999.0  0.000   18.802  0.011   17.674   
  618   104.348964583       13.50165    9999.0  0.000   18.206  0.064   17.789   
  620   104.461720833  13.4931972222    17.985  0.316   17.061  0.155   16.946   
  621   104.501916667  13.4936972222    9999.0  0.000   17.862  0.001   17.189   
  622   104.539185417  13.4946694444    16.686  0.045   15.579  0.221   14.913   
  623   104.549808333  13.5005305556    19.426  0.089   17.886  0.036   17.485   
  624   104.436429167  13.4944291667    19.790  0.182   18.342  0.065   18.028   
  625        104.4982  13.4948708333    9999.0  0.000   18.231  0.043   17.735   
  626   104.298395833  13.5001819444    9999.0  0.000   18.387  0.057   17.886   
  627   104.340220833  13.4971986111    18.896  0.018   17.814  0.048   17.635   
  629    104.39305625  13.5023763889    18.792  0.023   17.404  0.001   16.985   
  630   104.533320833  13.4971861111    9999.0  0.000   18.658  0.086   18.701   
  631    104.37406875  13.4979805556    9999.0  0.000   17.582  0.006   16.428   
  632     104.3408125  13.4997472222    9999.0  0.000   18.035  0.010   9999.0   
  633   104.325414583  13.4962791667    17.650  0.011   16.621  0.010   16.420   
  634   104.558079167  13.4977819444    18.915  0.015   17.832  0.019   17.595   
  635   104.317477083  13.5042069444    18.317  0.042   17.354  0.008   17.150   
  636   104.530052083  13.4998791667    18.717  0.008   17.774  0.011   17.577   
  637   104.364791667  13.5087944444    18.063  0.022   16.974  0.010   16.830   
  638   104.384022917  13.4998944444    18.049  0.098   17.182  0.035   16.845   
  639   104.416760417  13.4992958333    18.732  0.076   17.542  0.001   17.322   
  640   104.469839583  13.4996861111    19.293  0.000   18.358  0.032   17.992   
  641      104.293125  13.5015263889    18.727  0.020   17.755  0.015   17.594   
  643   104.483102083  13.5022458333    17.256  0.009   16.271  0.002   16.073   
  644       104.40275  13.5069944444    18.945  0.286   9999.0  0.000   18.143   
  645   104.475285417  13.5065472222    17.448  0.008   9999.0  0.000   17.931   
  646   104.321214583  13.5053111111    9999.0  0.000   18.347  0.009   17.921   
  647        104.4173  13.5027222222    17.823  0.002   16.950  0.004   16.796   
  648    104.46906875  13.5052083333    19.327  0.012   18.356  0.071   18.129   
  649    104.47354375  13.5036930556    19.672  0.012   18.490  0.040   18.056   
  650   104.453285417       13.50665    18.900  0.001   17.936  0.010   17.836   
  652   104.523633333  13.5086555556    19.025  0.061   18.034  0.001   17.906   
  653   104.526129167  13.5072208333    19.069  0.055   17.716  0.008   17.498   
  654   104.342385417  13.5091972222    17.373  0.004   16.488  0.005   16.334   
  655   104.520216667     13.5105875    18.615  0.007   17.592  0.018   17.350   
  656   104.367022917  13.5127666667    17.423  0.020   16.683  0.012   16.630   
  657   104.556147917  13.5166333333    19.361  0.025   15.027  0.004   9999.0   
  658     104.5032875  13.5131611111    17.876  0.024   16.662  0.001   16.377   
  659   104.540372917  13.5162041667    18.992  0.013   17.243  0.029   16.171   
  660   104.381439583       13.51195    17.332  0.021   16.404  0.003   16.240   
  661   104.428664583  13.5118861111    9999.0  0.000   18.930  0.033   18.421   
  662   104.462904167     13.5159125    18.030  0.022   17.109  0.002   16.931   
  663   104.433683333  13.5128888889    9999.0  0.000   17.173  0.001   16.938   
  665   104.445785417         13.518    17.974  0.004   16.770  0.012   16.594   
  666   104.342877083  13.5656888889    18.588  0.034   9999.0  0.000   17.420   
  667   104.405679167  13.5157041667    19.457  0.025   18.160  0.001   17.801   
  668   104.376235417  13.5179722222    9999.0  0.000   18.675  0.005   17.620   
  669      104.520575  13.5211847222    19.510  0.017   18.488  0.051   18.312   
  670   104.496602083  13.5189486111    9999.0  0.000   18.702  0.073   18.025   
  671   104.558622917  13.5209402778    9999.0  0.000   17.048  0.016   16.813   
  672   104.469045833  13.5173597222    18.367  0.010   17.652  0.010   17.387   
  673   104.550297917  13.5426430556    18.166  0.043   17.272  0.030   17.153   
  674     104.4982625  13.5409194444    9999.0  0.000   17.420  0.138   17.310   
  675   104.482541667  13.5220611111    19.081  0.016   18.124  0.010   17.891   
  676     104.4701125  13.5236513889    9999.0  0.000   18.374  0.036   17.952   
  677   104.296002083  13.5193138889    9999.0  0.000   18.869  0.022   18.089   
  678   104.432083333  13.5229916667    17.296  0.017   16.432  0.005   16.265   
  679   104.486014583  13.5202319444    20.107  0.146   17.814  0.268   17.680   
  680   104.387635417  13.5213736111    19.116  0.020   18.236  0.038   18.052   
  681   104.555652083  13.5219152778    17.543  0.001   16.710  0.002   16.648   
  682   104.339697917  13.5222083333    18.975  0.087   18.070  0.001   18.227   
  684   104.293941667  13.5268166667    18.936  0.038   17.462  0.025   17.028   
  685    104.38845625     13.5232125    17.132  0.020   17.640  0.030   9999.0   
  686    104.54641875  13.5252569444    19.659  0.030   18.629  0.175   18.287   
  688     104.3547375  13.5244069444    18.129  0.032   17.234  0.001   17.112   
  689   104.527377083  13.5250333333    17.101  0.013   15.991  0.006   15.746   
  690   104.373666667  13.5251472222    18.861  0.003   17.848  0.004   17.735   
  691   104.529947917     13.5288875    17.852  0.014   16.784  0.015   16.611   
  692   104.395591667  13.5287083333    9999.0  0.000   18.278  0.021   17.991   
  693     104.4735875  13.5277263889    19.536  0.129   18.335  0.060   17.932   
  694   104.302389583  13.5282111111    19.143  0.092   18.121  0.057   17.914   
  695   104.377933333  13.5267138889    9999.0  0.000   18.516  0.028   18.508   
  696   104.388077083  13.5277527778    18.494  0.006   17.453  0.024   17.149   
  697    104.37656875  13.5316638889    18.016  0.023   18.628  0.080   18.011   
  698   104.534089583  13.5307888889    18.313  0.024   17.485  0.028   17.431   
  699   104.388604167  13.5296166667    9999.0  0.000   17.988  0.034   17.477   
  700   104.320002083  13.5313027778    17.927  0.001   16.789  0.003   16.556   
  701   104.390735417  13.5372319444    9999.0  0.000   19.055  0.029   17.929   
  702    104.40775625  13.5352638889    19.469  0.022   17.834  0.320   17.097   
  703    104.46521875  13.5310208333    15.050  0.003   14.114  0.001   13.969   
  704   104.482947917  13.5300263889    18.703  0.007   18.149  0.234   17.637   
  705   104.471670833  13.5344041667    18.308  0.017   17.213  0.013   17.033   
  706   104.404558333  13.5331222222    15.943  0.008   15.005  0.001   14.844   
  707   104.318635417  13.5367666667    18.427  0.022   17.385  0.036   17.155   
  708   104.358733333     13.5392625    18.678  0.289   17.611  0.146   17.246   
  709   104.519647917  13.5364666667    18.117  0.011   17.601  0.250   17.114   
  710   104.496335417  13.5369111111    19.672  0.060   18.198  0.078   17.947   
  711   104.295427083  13.5367597222    19.033  0.157   18.179  0.025   17.853   
  712   104.460191667     13.5367875    19.213  0.043   17.890  0.004   17.478   
  713   104.471389583  13.5397333333    18.641  0.008   17.472  0.001   17.356   
  714   104.549052083  13.5400861111    19.383  0.078   18.589  0.021   18.540   
  715   104.422508333  13.5395819444    17.975  0.004   16.954  0.011   16.767   
  716   104.351114583  13.5439833333    19.326  0.037   18.208  0.072   17.918   
  717   104.465254167  13.5387819444    16.992  0.005   16.055  0.002   15.911   
  718   104.507822917  13.5393944444    17.644  0.000   16.757  0.009   16.626   
  719   104.389158333  13.5442333333    18.506  0.032   17.627  0.006   17.516   
  720    104.51318125  13.5637555556    18.746  0.012   17.803  0.007   17.681   
  721   104.332435417  13.5405944444    17.629  0.009   16.725  0.005   16.615   
  722    104.36865625  13.5415111111    9999.0  0.000   18.728  0.022   18.716   
  723   104.468510417      13.542725    15.842  0.008   9999.0  0.000   9999.0   
  724   104.477677083  13.5443541667    18.354  0.006   16.875  0.008   16.486   
  725     104.5328375  13.5433180556    19.210  0.025   18.469  0.137   18.319   
  726    104.36788125  13.5646458333    17.303  0.010   9999.0  0.000   9999.0   
  727    104.43861875  13.5640972222    17.157  0.004   16.066  0.004   15.874   
  728   104.453945833  13.5639319444    18.720  0.028   17.700  0.020   9999.0   
  729   104.441222917  13.5439069444    17.566  0.014   16.690  0.009   16.537   
  730   104.360854167  13.5449013889    18.770  0.110   17.594  0.010   17.373   
  731    104.52994375  13.5635083333    17.909  0.022   16.938  0.011   16.750   
  732   104.518508333  13.5477777778    19.615  0.015   9999.0  0.000   18.315   
  733       104.34385  13.5473097222    18.814  0.242   9999.0  0.000   9999.0   
  735   104.326241667  13.5480055556    9999.0  0.000   18.890  0.005   18.355   
  736     104.4108875  13.5507972222    16.201  0.003   15.176  0.004   14.971   
  737   104.488420833        13.5483    18.946  0.065   17.328  0.012   16.790   
  738     104.4391625  13.5497847222    18.923  0.009   18.120  0.225   17.374   
  739   104.366191667  13.5505777778    18.264  0.006   16.937  0.010   16.390   
  740   104.526841667  13.5545166667    9999.0  0.000   15.748  0.346   15.901   
  741   104.349897917  13.5515527778    9999.0  0.000   18.446  0.064   16.738   
  742    104.50291875  13.5543972222    9999.0  0.000   9999.0  0.000   18.612   
  743     104.3624375  13.5522194444    17.946  0.011   16.996  0.008   16.886   
  744   104.410822917  13.5567416667    19.071  0.052   17.912  0.027   17.687   
  745      104.397725  13.5544541667    18.201  0.013   16.770  0.023   16.799   
  746   104.357129167      13.553775    19.666  0.033   17.670  0.007   17.013   
  747     104.3090375     13.5568375    16.071  0.004   14.622  0.003   14.255   
  748   104.474933333  13.5556916667    16.492  0.004   17.209  0.005   9999.0   
  749   104.508208333  13.5560388889    18.867  0.048   17.413  0.264   17.137   
  750   104.540310417  13.5626430556    19.294  0.004   17.958  0.036   17.707   
  751   104.399395833  13.5629527778    9999.0  0.000   15.641  0.021   9999.0   
  752   104.526204167  13.5575055556    17.209  0.004   15.842  0.004   15.509   
  753   104.430210417  13.5607222222    9999.0  0.000   18.858  0.122   18.307   
  755   104.305089583  13.5611944444    18.710  0.066   15.167  0.002   17.448   
  756        104.3048  13.5589708333    18.544  0.011   17.271  0.005   17.007   
  757   104.314554167  13.5675194444    19.485  0.049   9999.0  0.000   18.228   
  758   104.318283333  13.5639236111    18.004  0.008   17.041  0.028   16.863   
  759    104.45690625  13.5652069444    16.935  0.009   16.115  0.015   16.009   
  760     104.4091625  13.5660666667    9999.0  0.000   18.128  0.011   17.644   
  761   104.333404167  13.5698916667    18.780  0.008   16.898  0.005   15.812   
  762   104.301352083  13.5684638889    19.573  0.058   18.642  0.069   18.621   
  763   104.422614583  13.5671652778    18.659  0.012   17.449  0.008   17.133   
  765    104.54791875  13.5684222222    18.034  0.019   18.463  0.036   9999.0   
  766   104.328539583  13.4546847222    9999.0  0.000   18.798  0.031   18.606   
  767    104.53669375  13.4542208333    18.287  0.014   17.302  0.006   17.193   
  768      104.455275  13.5685111111    17.638  0.025   16.560  0.005   16.337   
  769        104.5002  13.5711763889    18.737  0.029   17.233  0.013   16.793   
  770   104.556795833  13.5696916667    18.374  0.031   17.356  0.015   17.242   
  771   104.409635417  13.5711138889    19.027  0.002   18.011  0.007   17.868   
  772   104.328416667  13.5721013889    9999.0  0.000   18.675  0.064   18.335   
  773   104.379864583  13.5717472222    18.101  0.011   17.084  0.002   16.872   
  774   104.390414583  13.5728458333    18.979  0.041   17.576  0.002   17.250   
  776   104.397314583  13.4595166667    18.467  0.014   17.359  0.007   17.092   
  777     104.3312625  13.5737944444    17.671  0.004   16.713  0.004   16.534   
  778   104.315714583  13.5727291667    9999.0  0.000   18.559  0.061   18.256   
  779   104.306777083  13.5786361111    18.963  0.023   17.782  0.016   17.612   
  780    104.46949375  13.4516777778    19.311  0.090   18.252  0.080   18.057   
  781     104.2940625  13.5760569444    18.875  0.097   17.779  0.022   17.638   
  783   104.433747917  13.5769861111    19.441  0.118   18.383  0.082   17.841   
  784   104.404404167  13.5776430556    18.724  0.021   17.778  0.002   17.710   
  785     104.3066625  13.4561458333    9999.0  0.000   9999.0  0.000   15.492   
  786       104.43675  13.4516111111    9999.0  0.000   18.130  0.008   18.074   
  787    104.42925625  13.4528916667    18.833  0.025   17.874  0.022   17.762   
  788   104.550602083  13.5794708333    18.639  0.005   17.605  0.004   17.399   
  789     104.3528625  13.5781347222    17.926  0.002   17.070  0.003   16.914   
  790   104.397704167  13.4513583333    19.481  0.042   17.560  0.006   17.023   
  791   104.446133333  13.5798166667    9999.0  0.000   18.431  0.025   18.106   
  792   104.344929167  13.4561166667    18.587  0.021   9999.0  0.000   16.953   
  793     104.4656375  13.5760222222    9999.0  0.000   18.622  0.065   18.258   
  794    104.38108125  13.4509013889    18.562  0.002   17.599  0.004   17.458   
  796   104.470341667  13.4558944444    9999.0  0.000   18.326  0.055   18.615   
  798   104.486004167  13.6554638889    19.672  0.029   9999.0  0.000   18.343   
  803     104.3522125  13.5404597222    9999.0  0.000   9999.0  0.000   18.349   
  807   104.419629167  13.5644416667    9999.0  0.000   18.488  0.044   17.680   
  810   104.369189583  13.6801833333    18.803  0.073   17.828  0.008   17.714   
  813   104.450983333  13.5952402778    15.451  0.069   14.383  0.012   14.128   
  815    104.38224375  13.4872069444    9999.0  0.000   17.008  0.004   9999.0   
  817   104.307527083      13.500925    18.333  0.006   17.342  0.035   9999.0   
  824      104.542275  13.6649944444    9999.0  0.000   17.574  0.015   17.461   
  826     104.5361625  13.6058916667    17.245  0.084   16.705  0.010   16.632   
  833   104.439520833  13.6459763889    9999.0  0.000   9999.0  0.000   15.297   
  835   104.450991667  13.5000166667    14.334  0.010   9999.0  0.000   18.349   
  837   104.426570833  13.5242013889    18.859  0.029   9999.0  0.000   17.897   
  853      104.367475  13.5283166667    9999.0  0.000   18.491  0.021   17.537   
  854   104.566666667  13.5328166667    9999.0  0.000   9999.0  0.000   13.340   
  862   104.323508333  13.6333861111    13.332  0.025   12.386  0.012   9999.0   
  863   104.564666667  13.4542541667    9999.0  0.000   9999.0  0.000   15.058   
  864     104.5681875  13.6010944444    9999.0  0.000   9999.0  0.000   14.400   
