# BEGIN CATALOG HEADER
# nfields '+str(nn)+'
#     id 1 0 c INDEF %15s
#     ra 2 0 d degrees %10.5f
#     dec 3 0 d degrees %10.5f
#     mag r  4 0 r INDEF %6.2f
#     mag gr 5 0 r INDEF %6.2f
#     mag ug 6 0 r INDEF %6.2f
#     mag ri 7 0 r INDEF %6.2f
#     mag iz 8 0 r INDEF %6.2f
# END CATALOG HEADER
#
1  104.294747917  13.7101291667 9999.0  9980.  9999   0      9999
2  104.291410417  13.60985      15.008 -0.672  9999 -9983.99 9999
3  104.291895833  13.4629583333 14.554 -0.329  9999 -9984.45 9999
4  104.306133333  13.6038319444 15.047 -0.461  9999 -9983.95 9999
5  104.293464583  13.4677333333 13.267 -0.884  9999 -9985.73 9999
6  104.294972917  13.49685      15.207 -0.817  9999  0.136    9999
7  104.29503125   13.5546277778 15.777 -0.819  9999  0.25     9999
8  104.29858125   13.573475     13.644 -0.488  9999  -9985.36 9999
10 104.299735417  13.5421638889 9999.0  9983.3 9999  9983.94  9999
11 104.300225     13.5153666667    15.019 -0.524  9999 0.121 9999
12 104.300245833  13.4594361111 9999.0 9985.4  9999 0 9999
13 104.300733333  13.4763805556 15.086 -0.853  9999 0.188 9999
14 104.3011875    13.5645125    14.352 -0.915  9999 0.158 9999
15 104.301714583  13.6492458333 15.738 -0.882  9999 0.238 9999
16 104.3018125    13.5035055556 16.027 -0.501  9999 0.057 9999
17 104.3029375    13.6795166667 16.003 -9983   9999 0.128 9999
18 104.304491667  13.4958763889 14.031 -1.08   9999 0.192 9999
19 104.305045833  13.6915416667 9999.0   0     9999 9985.92 9999
20 104.30866875   13.6151805556 15.792 -0.761  9999 0.11 9999
21 104.3092625    13.4652916667 15.605 -0.46   9999 0.053 9999
22 104.309366667  13.6382361111 16.037 -0.634  9999 0.121 9999
23 104.309779167  13.4910833333 15.562 -1.102  9999 0.305 9999
24 104.309779167  13.5068166667 16.081 -0.566  9999 0.1 9999
25 104.312320833  13.6268333333 16.339 -0.728  9999 0.192 9999
26 104.312395833  13.6608166667 15.764 -9983.2 9999 0.119 9999
27 104.3127125    13.4753444444 15.726 -0.508  9999 0.089 9999
28 104.31295      13.5392083333 16.690 -9982.3 9999 0.217 9999
29 104.313472917  13.5937944444 15.712 -0.653  9999 0.118 9999
30 104.316025     13.5527944444 15.837 -9983.1 9999 0.054 9999
31 104.3166       13.4698527778 16.294 -0.736  9999 0.241 9999
32 104.319347917  13.5225041667 14.412 -0.572  9999 0.041 9999
33 104.321075     13.5663944444 14.047 -0.761  9999 0.094 9999
34 104.321741667  13.6235125    14.101 -0.325  9999 -0.055 9999
35 104.3226125    13.4804833333 14.564 -0.979  9999 0.233 9999
36 104.323345833  13.5494013889 16.884 -0.855  9999 0.383 9999
38 104.3236625    13.7074416667 9999.0 0 9999 9986.54 9999
39 104.32595      13.5073138889 15.781 -0.509 9999 -9983.22 9999
40 104.326272917  13.60555 9999.0 9982.57 9999 0 9999
41 104.327439583  13.6123638889 15.839 -0.587 9999 0.154 9999
42 104.327729167  13.6247277778 15.972 -0.508 9999 0.056 9999
43 104.329516667  13.6761638889 15.707 -0.776 9999 0.104 9999
44 104.329629167  13.5205277778 15.427 -0.554 9999 0.146 9999
45 104.331683333  13.6778375    9999.0 0 9999 9983.52 9999
46 104.33185      13.6860333333 9999.0 0 9999 9982.57 9999
47 104.3322625    13.5849222222 9999.0 9986.01 9999 0 9999
48 104.332777083  13.6042333333 9999.0 9983.02 9999 0 9999
49 104.334283333  13.5601083333 15.163 -0.375 9999 0.043 9999
50 104.334341667  13.6452486111 13.401 -1.4 9999 -9985.6 9999
51 104.335372917  13.6383777778 14.108 -0.28 9999 -0.09 9999
52 104.336454167  13.6562777778 15.424 -0.518 9999 0.12 9999
53 104.338545833  13.6796277778 9999.0 0 9999 9985.77 9999
54 104.338533333  13.4945777778 14.386 -0.727 9999 0.118 9999
55 104.3386       13.6006       9999.0 9983.27 9999 9983.74 9999
57 104.353560417  13.6280958333 15.828 -0.867 9999 0.222 9999
58 104.347325     13.5571583333 15.553 -0.617 9999 0.138 9999
59 104.34785      13.5105416667 9999.0 9982.5 9999 0 9999
60 104.348947917  13.5825875    15.520 -0.606 9999 0.09 9999
61 104.350175     13.6450583333 9999.0 9982.84 9999 0 9999
62 104.350975     13.6681333333 13.095 -0.314 9999 -9985.91 9999
63 104.352583333  13.7017958333 9999.0 0 9999 9984.66 9999
64 104.35373125   13.5359458333 15.203 -0.529 9999 0.047 9999
65 104.355439583  13.4948305556 9999.0 9983.11 9999 0 9999
66 104.357827083  13.5070694444 13.904 -0.574 9999 0.036 9999
67 104.35818125   13.48765      14.815 -0.964 9999 0.288 9999
68 104.358666667  13.6843944444 9999.0 9983.98 9999 9984.75 9999
69 104.37         13.6609361111 15.386 -0.738 9999 0.167 9999
70 104.362995833  13.4785041667 13.740 -0.758 9999 0.127 9999
71 104.36325      13.5549166667 14.863 -0.496 9999 0.065 9999
72 104.364410417  13.5846666667 13.959 -0.465 9999 0.004 9999
73 104.36495      13.6672305556 9999.0 9983.92 9999 0 9999
74 104.3653625    13.4698458333 14.827 -0.196 9999 -0.186 9999
75 104.367854167  13.69945      9999.0 9982.27 9999 9983.11 9999
76 104.370095833  13.4994125    16.615 -0.705 9999 0.327 9999
77 104.370716667  13.5280527778 15.608 -0.511 9999 0.046 9999
78 104.370820833  13.5495972222 15.461 -0.58 9999 0.105 9999
79 104.373197917  13.5376166667 14.916 -0.518 9999 0.038 9999
80 104.3734375    13.649675     15.994 -0.47 9999 0.047 9999
82 104.373870833  13.6226638889 15.929 -0.562 9999 0.094 9999
83 104.374022917  13.7022222222 13.919 -1.191 9999 0.334 9999
84 104.37546875   13.6629458333 15.040 -0.565 9999 0.03 9999
85 104.375608333  13.5666555556 9999.0 9985.75 9999 0 9999
86 104.375841667  13.5961972222 16.339 -0.534 9999 0.105 9999
87 104.376483333  13.4679416667 14.688 -0.898 9999 0.177 9999
88 104.380547917  13.6526861111 9999.0 9984.79 9999 0 9999
89 104.380941667  13.6795722222 9999.0 0 9999 9983 9999
90 104.382279167  13.542525     16.047 -0.733 9999 0.184 9999
91 104.3824875    13.5874625    14.502 -0.611 9999 0.036 9999
92 104.382516667  13.6171916667 15.797 -0.712 9999 0.142 9999
93 104.383020833  13.4797666667 16.259 -0.628 9999 0.108 9999
94 104.383125     13.6983416667 9999.0 0 9999 9982.14 9999
96 104.385554167  13.5042583333 9999.0 9981.84 9999 9982.35 9999
97 104.398883333  13.6675611111 16.051 -0.598 9999 0.094 9999
98 104.396845833  13.6516027778 14.398 -0.899 9999 0.131 9999
99 104.3905125    13.4786111111 14.801 -0.169 9999 -0.146 9999
100 104.393066667 13.707 16.653 -0.607 9999 0.246 9999
104 104.39724375  13.5239819444 14.710 -1.172 9999 0.261 9999
105 104.3982125   13.6390611111 9999.0 9983.06 9999 9983.14 9999
107 104.399404167 13.5630027778 9999.0 9982.84 9999 9982.47 9999
108 104.40266875  13.48805 9999.0 9980.04 9999 0 9999
109 104.4038      13.6602694444 15.523 -0.292 9999 -9983.48 9999
110 104.4050875   13.6230833333 9999.0 9982.97 9999 9983.64 9999
111 104.405295833 13.5085361111 16.963 -0.544 9999 0.114 9999
112 104.405729167 13.6058527778 15.596 -0.579 9999 0.07 9999
113 104.4074875   13.6723444444 15.829 -0.462 9999 0.277 9999
114 104.407591667 13.5606458333 13.777 -0.99 9999 -9985.22 9999
117 104.409829167 13.4588472222 15.110 -0.543 9999 0.026 9999
118 104.410910417 13.4900930556 15.593 -0.614 9999 0.092 9999
119 104.4123375   13.5208111111 9999.0 9985.42 9999 0 9999
121 104.4141      13.6741694444 13.368 -0.278 9999 0.392 9999
122 104.4141125   13.5287916667 13.327 -0.745 9999 -9985.67 9999
124 104.415114583 13.5475111111 14.025 -0.965 9999 0.222 9999
125 104.41591875  13.6287527778 9999.0 9985.37 9999 0 9999
126 104.41630625  13.5623277778 15.752 -1.283 9999 0.317 9999
128 104.417791667 13.4579611111 16.523 -0.671 9999 -9982.48 9999
129 104.4212875   13.6648763889 14.943 -0.974 9999 0.32 9999
130 104.421341667 13.4915055556 16.123 -0.652 9999 0.195 9999
131 104.424595833 13.5484611111 14.801 -0.441 9999 -0.024 9999
132 104.424635417 13.6966402778 15.886 -0.628 9999 0.104 9999
133 104.424791667 13.6851777778 9999.0 9983.87 9999 0 9999
134 104.424908333 13.7119277778 9999.0 0 9999 9986.49 9999
136 104.426104167 13.6477055556 16.268 -9982.73 9999 -9982.73 9999
137 104.426877083 13.5042069444 9999.0 9981.8 9999 0 9999
138 104.427979167 13.4856958333 14.436 -0.624 9999 0.113 9999
139 104.42865625  13.6201944444 13.972 -1.001 9999 0.221 9999
140 104.429327083 13.6713861111 14.060 -0.818 9999 0.296 9999
141 104.430008333 13.6156291667 16.058 -0.564 9999 0.101 9999
142 104.430172917 13.6137055556 16.499 -0.671 9999 -9982.5 9999
143 104.430925    13.5355555556 15.490 -0.754 9999 0.12 9999
144 104.431485417 13.5383486111 15.767 -0.545 9999 -9983.23 9999
146 104.433347917 13.5652194444 14.533 -0.582 9999 0.038 9999
147 104.433675    13.5545277778 15.847 -9983.15 9999 0.106 9999
148 104.43466875  13.6997597222 9999.0 0 9999 9986.37 9999
150 104.436625    13.5161055556 16.967 -0.732 9999 0.15 9999
151 104.4370125   13.52935 15.697 -0.517 9999 0.052 9999
152 104.437141667 13.5199694444 13.877 -0.381 9999 -0.065 9999
153 104.438264583 13.5753180556 16.233 -0.297 9999 -9982.77 9999
154 104.439397917 13.487175 9999.0 9986.14 9999 0 9999
155 104.4395      13.6460361111 15.631 -0.931 9999 -9983.37 9999
158 104.446170833 13.5627583333 9999.0 9985.38 9999 0 9999
159 104.446370833 13.4991111111 13.979 -0.559 9999 -0.005 9999
161 104.450345833 13.4634166667 15.864 -0.693 9999 0.129 9999
163 104.451170833 13.5340611111 15.725 -0.471 9999 0.087 9999
165 104.461554167 13.5495152778 9999.0 9982.5 9999 0 9999
166 104.453872917 13.6424069444 15.927 -0.667 9999 0.177 9999
167 104.454239583 13.5414458333 16.163 -0.567 9999 0.141 9999
168 104.455204167 13.6363694444 16.650 -0.658 9999 0.113 9999
169 104.461647917 13.5613902778 15.059 -0.664 9999 0.084 9999
170 104.461729167 13.4932388889 9999.0 9981.47 9999 9982.19 9999
171 104.462058333 13.4542111111 14.025 -0.447 9999 -0.008 9999
172 104.462522917 13.5959583333 15.980 -0.445 9999 0.061 9999
173 104.463575    13.4703763889 15.388 -0.525 9999 0.059 9999
174 104.4639      13.4683486111 17.117 -0.77 9999 0.028 9999
175 104.468533333 13.6512486111 13.923 -0.421 9999 0.033 9999
177 104.470504167 13.4660152778 15.261 -0.357 9999 -0.091 9999
178 104.470875    13.7125138889 9999.0 9983.1 9999 9983.53 9999
179 104.47533125  13.6123375 12.570 -1.255 9999 -9986.43 9999
180 104.475441667 13.6208222222 9999.0 9984.75 9999 0 9999
181 104.476035417 13.5583680556 14.223 -0.725 9999 0.097 9999
182 104.476602083 13.6665763889 14.500 -0.433 9999 0.042 9999
183 104.47673125  13.6461388889 14.946 -0.143 9999 -0.188 9999
184 104.477222917 13.6827097222 15.708 -0.375 9999 -0.033 9999
185 104.477433333 13.631825 14.562 -0.762 9999 0.125 9999
186 104.479810417 13.4596541667 9999.0 9984.64 9999 0 9999
187 104.480125    13.5641527778 15.873 -0.579 9999 0.065 9999
188 104.480933333 13.5735722222 16.249 -0.718 9999 0.16 9999
189 104.483216667 13.7002902778 15.782 -0.527 9999 0.029 9999
190 104.486320833 13.4991541667 15.112 -0.681 9999 0.108 9999
191 104.486622917 13.6303777778 13.381 -0.375 9999 -9985.62 9999
192 104.487052083 13.5387361111 15.856 -0.453 9999 0.158 9999
193 104.487608333 13.5689569444 15.649 -0.589 9999 0.1 9999
194 104.487975    13.5172277778 16.264 -0.495 9999 0.034 9999
196 104.48869375  13.5661833333 16.479 -0.605 9999 0.2 9999
197 104.492954167 13.5558291667 15.357 -1.06 9999 0.244 9999
198 104.493579167 13.5325652778 15.490 -0.623 9999 0.086 9999
199 104.494325    13.4808708333 15.033 -0.496 9999 -9983.97 9999
201 104.502325    13.671925 13.859 -0.803 9999 0.332 9999
202 104.502416667 13.5350722222 9999.0 9982.49 9999 0 9999
203 104.504833333 13.61115 17.038 -9981.96 9999 0.07 9999
204 104.505285417 13.5943541667 14.770 -0.627 9999 0.066 9999
205 104.511366667 13.5507833333 15.869 -0.815 9999 0.201 9999
206 104.513520833 13.5914736111 15.866 -0.815 9999 0.239 9999
207 104.513733333 13.5606055556 16.132 -0.835 9999 0.196 9999
208 104.5127375   13.7111263889 14.963 -9984.04 9999 0.153 9999
209 104.5164875   13.6487333333 9999.0 9982.42 9999 9982.73 9999
210 104.517441667 13.5309583333 9999.0 9985.14 9999 0 9999
211 104.517560417 13.7026888889 9999.0 0 9999 9984.8 9999
212 104.518291667 13.4761416667 16.342 -0.747 9999 0.159 9999
213 104.51915     13.5703444444 16.248 -0.72 9999 0.195 9999
214 104.5220625   13.5323708333 14.647 -0.485 9999 -9984.35 9999
215 104.522475    13.6302 16.411 -0.737 9999 0.165 9999
216 104.523125    13.7151055556 9999.0 9982.37 9999 9983.03 9999
218 104.526427083 13.5444861111 15.053 -0.412 9999 0.008 9999
219 104.5287125   13.6052777778 15.281 -0.586 9999 0.102 9999
220 104.53091875  13.6704625 13.726 -0.785 9999 -9985.27 9999
221 104.531679167 13.6424027778 9999.0 9986.03 9999 0 9999
222 104.534033333 13.5750041667 15.840 -0.533 9999 0.077 9999
223 104.5343625   13.6332777778 9999.0 9985.99 9999 0 9999
224 104.535183333 13.5135777778 9999.0 9985.14 9999 0 9999
225 104.5381      13.5479805556 16.268 -0.621 9999 0.126 9999
226 104.54065     13.5948861111 15.980 -0.935 9999 0.234 9999
227 104.543295833 13.5575555556 9999.0 9985.51 9999 0 9999
228 104.55304375  13.5716097222 14.751 -9984.25 9999 -9984.25 9999
230 104.547570833 13.6827222222 14.718 -0.591 9999 0.084 9999
231 104.548358333 13.5128694444 13.956 -1.117 9999 0.234 9999
232 104.548779167 13.7071694444 14.517 -0.625 9999 0.089 9999
233 104.550133333 13.5360861111 15.049 -0.679 9999 0.21 9999
234 104.5533625   13.6491375 15.908 -0.598 9999 0.118 9999
237 104.55475625  13.6247041667 16.088 -0.844 9999 -9982.91 9999
240 104.557847917 13.6165333333 14.117 -0.828 9999 0.118 9999
241 104.5602      13.5812472222 15.102 -0.51 9999 -9983.9 9999
242 104.561002083 13.6595111111 15.587 -0.604 9999 0.083 9999
243 104.56138125  13.466275 9999.0 0 9999 9986.03 9999
244 104.561579167 13.6445291667 9999.0 0 9999 9985.95 9999
245 104.562454167 13.509525 9999.0 9984.6 9999 9985.69 9999
246 104.40219375  13.5755583333 17.433 -0.649 9999 -9981.57 9999
247 104.44101875  13.5564611111 16.988 -1.075 9999 0.298 9999
248 104.4498      13.5675333333 9999.0 0 9999 9981.09 9999
249 104.288585417 13.5111958333 14.299 -9984.7 9999 -9984.7 9999
250 104.289572917 13.5323708333 15.940 -9983.06 9999 -9983.06 9999
251 104.289845833 13.4866305556 14.495 -9984.5 9999 -9984.5 9999
252 104.2901125   13.4608027778 13.938 -9985.06 9999 -9985.06 9999
253 104.3166625   13.4488569444 15.991 -1.309 9999 -9983.01 9999
254 104.329685417 13.4480444444 12.693 -0.088 9999 -9986.31 9999
255 104.33789375  13.4501666667 13.562 -0.117 9999 -9985.44 9999
256 104.348179167 13.4666930556 15.279 -0.281 9999 -9983.72 9999
257 104.360158333 13.4475666667 16.828 -9982.17 9999 -9982.17 9999
258 104.398085417 13.4470958333 14.636 -9984.36 9999 -9984.36 9999
259 104.41954375  13.4486333333 15.033 -0.78 9999 -9983.97 9999
260 104.434695833 13.4490583333 13.950 -0.703 9999 -9985.05 9999
261 104.471152083 13.4483625 15.941 -0.515 9999 -9983.06 9999
262 104.494083333 13.7101888889 15.351 -0.762 9999 0.083 9999
263 104.546425    13.7116527778 14.975 -9984.02 9999 0.581 9999
264 104.407433333 13.7105194444 16.897 -0.881 9999 0.152 9999
265 104.3261125   13.7099472222 18.648 1.231 9999 0.328 9999
266 104.497658333 13.7070277778 14.500 -0.807 9999 0.079 9999
267 104.38535     13.709725 19.026 -9979.97 9999 0.588 9999
268 104.470420833 13.7094208333 17.026 -0.966 9999 0.173 9999
269 104.334952083 13.7084902778 16.844 -0.902 9999 0.131 9999
272 104.351270833 13.7053763889 17.529 -1.205 9999 0.212 9999
273 104.55719375  13.7045986111 16.631 -1.431 9999 -9982.37 9999
274 104.378325    13.7046736111 17.655 -0.981 9999 0.113 9999
275 104.331489583 13.7044791667 18.739 -9980.26 9999 0.358 9999
276 104.464775    13.7044819444 9999.0 0 9999 9980.87 9999
277 104.320379167 13.7034138889 18.393 -0.925 9999 0.279 9999
278 104.449570833 13.7017208333 16.183 -1.01 9999 0.183 9999
279 104.43290625  13.7025444444 17.264 -1.104 9999 0.179 9999
280 104.508039583 13.7036611111 18.369 -9980.63 9999 1.393 9999
281 104.527675    13.7013194444 17.047 -1.152 9999 0.263 9999
282 104.558629167 13.7013055556 17.704 -0.939 9999 0.127 9999
283 104.408827083 13.7005930556 18.288 -1.512 9999 0.21 9999
284 104.36445625  13.7011027778 18.417 -9980.58 9999 0.552 9999
285 104.411766667 13.6986416667 16.223 -0.899 9999 0.156 9999
286 104.516520833 13.6986694444 16.533 -0.863 9999 0.122 9999
287 104.30995625  13.6989666667 17.205 -1.254 9999 0.2 9999
288 104.429297917 13.6985138889 17.678 -0.854 9999 0.087 9999
289 104.34536875  13.698525 18.224 -9980.78 9999 0.586 9999
290 104.467233333 13.6978083333 17.424 -1.783 9999 0.614 9999
291 104.318722917 13.6977263889 17.592 -9981.41 9999 -9981.41 9999
292 104.398722917 13.6964 16.783 -0.925 9999 0.162 9999
293 104.366558333 13.6962458333 18.163 -1 9999 0.59 9999
294 104.487495833 13.6940361111 16.429 -1.158 9999 0.211 9999
295 104.391833333 13.6946819444 16.884 -0.93 9999 0.151 9999
296 104.452658333 13.6921361111 18.018 -9980.98 9999 0.555 9999
297 104.424097917 13.6909430556 18.595 0.837 9999 0.892 9999
298 104.36520625  13.6909666667 18.640 -0.513 9999 0.143 9999
299 104.448789583 13.6902625 16.865 -1.753 9999 0.606 9999
300 104.386072917 13.6896402778 17.224 -0.912 9999 0.141 9999
301 104.47694375  13.6899319444 17.193 -0.963 9999 0.142 9999
302 104.4221      13.6881277778 16.311 -3.276 9999 0.347 9999
303 104.316216667 13.6895208333 18.157 -1.023 9999 0.257 9999
304 104.53586875  13.6889083333 18.005 -1.139 9999 0.207 9999
305 104.323997917 13.6877597222 18.130 -0.842 9999 0.199 9999
306 104.302752083 13.6870625 18.361 -9980.64 9999 0.325 9999
307 104.509402083 13.6863583333 18.303 -0.211 9999 0.423 9999
308 104.30934375  13.6880763889 18.728 -9980.27 9999 0.432 9999
309 104.39855     13.6872 17.760 -1.115 9999 0.123 9999
310 104.375002083 13.6863958333 17.538 -1.702 9999 0.542 9999
311 104.518341667 13.6851041667 17.528 -0.988 9999 0.153 9999
312 104.412133333 13.6859069444 18.942 -0.273 9999 1.043 9999
313 104.407108333 13.6828513889 16.352 -1.107 9999 0.225 9999
315 104.378229167 13.6841388889 9999.0 9980.79 9999 9981.98 9999
316 104.362120833 13.6828277778 18.051 -9980.95 9999 0.378 9999
317 104.31245625  13.6845861111 19.063 -9979.94 9999 0.756 9999
318 104.505885417 13.6827527778 17.540 -1.027 9999 0.222 9999
319 104.321477083 13.6822638889 17.580 -1.205 9999 0.274 9999
320 104.52359375  13.6828805556 18.330 -9980.67 9999 1.151 9999
321 104.356883333 13.6793236111 14.910 -1.081 9999 -9984.09 9999
322 104.525989583 13.6804486111 17.092 -0.872 9999 0.118 9999
324 104.49385     13.6792708333 17.028 -0.995 9999 0.151 9999
325 104.367247917 13.6774263889 9999.0 9979.74 9999 9981.09 9999
326 104.520114583 13.6785277778 18.198 -0.978 9999 0.26 9999
327 104.3448125   13.6787444444 18.506 -9980.49 9999 0.228 9999
328 104.478060417 13.6772861111 17.950 -0.901 9999 0.014 9999
329 104.403120833 13.6757777778 16.023 -1.818 9999 0.924 9999
330 104.349902083 13.6762805556 17.357 -1.451 9999 0.302 9999
331 104.369391667 13.6739027778 15.098 -0.861 9999 0.129 9999
332 104.396445833 13.6756333333 18.104 -9980.9 9999 0.543 9999
333 104.499516667 13.6766083333 18.285 -9980.72 9999 0.233 9999
334 104.387452083 13.6742041667 16.410 -1.11 9999 0.242 9999
335 104.48655625  13.673575 16.467 -1.086 9999 0.219 9999
336 104.418079167 13.6751388889 18.736 -1.246 9999 -9980.26 9999
337 104.47629375  13.6746416667 17.692 -1.889 9999 0.843 9999
338 104.296558333 13.6732333333 18.310 -1.366 9999 0.066 9999
339 104.4140125   13.6713694444 16.306 -0.792 9999 0.242 9999
340 104.3429625   13.6723402778 17.611 -1.608 9999 0.529 9999
341 104.448454167 13.6726652778 17.907 -1.075 9999 0.112 9999
342 104.31994375  13.6723083333 17.681 -1.449 9999 0.304 9999
343 104.467414583 13.6724736111 17.932 -0.997 9999 0.195 9999
344 104.372566667 13.6694625 15.944 -0.892 9999 0.11 9999
345 104.296025    13.6710138889 18.469 -9980.53 9999 0.303 9999
346 104.464452083 13.6693375 16.132 -1.04 9999 0.193 9999
347 104.54526875  13.6699875 17.921 -1.109 9999 0.152 9999
348 104.31881875  13.6693625 17.667 -0.889 9999 0.151 9999
349 104.404604167 13.670425 19.010 -0.574 9999 0.343 9999
350 104.4402625   13.6705222222 18.831 -9980.17 9999 0.5 9999
352 104.345322917 13.6646666667 14.772 -4.794 9999 -9984.23 9999
353 104.508233333 13.66805 18.154 -1.038 9999 0.248 9999
354 104.402364583 13.6687930556 18.953 -9980.05 9999 0.151 9999
355 104.556652083 13.6664027778 16.484 -1.296 9999 0.302 9999
356 104.532745833 13.6647722222 15.526 -0.749 9999 0.042 9999
357 104.31308125  13.6676666667 18.898 -9980.1 9999 0.257 9999
358 104.33496875  13.6661694444 18.552 -9980.45 9999 0.435 9999
359 104.351775    13.6626986111 18.757 2.72 9999 -9980.24 9999
360 104.463270833 13.6645180556 9999.0 9979.92 9999 9981.65 9999
361 104.388025    13.664225 17.916 -0.977 9999 0.07 9999
362 104.508364583 13.6637527778 17.916 -1.061 9999 0.187 9999
363 104.440910417 13.6626958333 17.628 -1.22 9999 0.101 9999
364 104.54898125  13.6636 18.601 -9980.4 9999 -9980.4 9999
365 104.397739583 13.662025 17.183 -0.938 9999 0.15 9999
366 104.465041667 13.6631388889 18.614 -9980.39 9999 -9980.39 9999
367 104.316345833 13.6618472222 17.339 -0.996 9999 0.211 9999
368 104.48930625  13.6607097222 16.999 -1.29 9999 0.285 9999
369 104.408414583 13.6593527778 16.256 -0.853 9999 0.289 9999
370 104.473472917 13.6608861111 17.718 -1.085 9999 0.157 9999
371 104.3404875   13.6613097222 18.610 -9980.39 9999 0.353 9999
372 104.464095833 13.6597097222 18.386 -0.916 9999 0.15 9999
373 104.32921875  13.6582944444 16.699 -0.832 9999 0.137 9999
374 104.33868125  13.6595638889 18.419 -9980.58 9999 0.036 9999
375 104.51409375  13.6586513889 17.842 -1.07 9999 0.203 9999
376 104.41616875  13.6569097222 18.144 -1.163 9999 -0.01 9999
377 104.401252083 13.6576291667 17.738 -1.328 9999 0.242 9999
378 104.550827083 13.6556027778 17.888 -0.94 9999 0.265 9999
379 104.456816667 13.6546291667 16.705 -1.711 9999 0.637 9999
381 104.33394375  13.6534041667 9999.0 9980.41 9999 0 9999
382 104.414964583 13.6529680556 17.373 -0.916 9999 0.083 9999
383 104.554308333 13.6537555556 17.782 -9981.22 9999 0.108 9999
384 104.559275    13.6547222222 18.712 -9980.29 9999 0.393 9999
385 104.296741667 13.6541444444 18.472 -9980.53 9999 0.105 9999
386 104.330791667 13.6497722222 15.668 -9983.33 9999 -9983.33 9999
387 104.3437875   13.6514861111 9999.0 9980 9999 9981.4 9999
388 104.356752083 13.6521138889 18.332 -0.787 9999 0.035 9999
389 104.321510417 13.6508777778 17.430 -1.055 9999 0.173 9999
390 104.410802083 13.6511708333 18.098 -9980.9 9999 -9980.9 9999
391 104.448491667 13.6518888889 18.645 -9980.35 9999 0.279 9999
392 104.3668875   13.6472625 16.299 -1.363 9999 0.358 9999
393 104.326029167 13.6480305556 18.519 0.252 9999 -9980.48 9999
394 104.555197917 13.6471111111 17.541 -9981.46 9999 0.372 9999
395 104.342070833 13.6469513889 17.378 -1.362 9999 0.259 9999
396 104.508816667 13.6469541667 18.125 -1.097 9999 0.157 9999
397 104.302066667 13.6465125 18.738 -9980.26 9999 0.086 9999
398 104.307339583 13.6446916667 17.731 -1.189 9999 0.262 9999
399 104.455927083 13.6445944444 18.522 -9980.48 9999 0.471 9999
400 104.555247917 13.6426972222 16.300 -1.326 9999 0.366 9999
401 104.375304167 13.6441138889 9999.0 9979.86 9999 9980.68 9999
402 104.332983333 13.6409097222 18.921 1.973 9999 -0.619 9999
404 104.39553125  13.6434388889 18.563 -9980.44 9999 1.007 9999
405 104.479725    13.6422875 18.193 -0.861 9999 0.229 9999
406 104.548233333 13.6412763889 17.006 -1.354 9999 0.326 9999
407 104.527235417 13.6406236111 16.151 -1.319 9999 0.336 9999
408 104.325852083 13.6419069444 17.883 -0.941 9999 0.218 9999
409 104.419970833 13.6405805556 18.112 -1.699 9999 0.17 9999
410 104.306229167 13.639625 17.713 -1.05 9999 0.273 9999
411 104.502991667 13.6376430556 16.711 -1.114 9999 0.206 9999
412 104.35265625  13.6384444444 17.878 -1.225 9999 0.168 9999
413 104.415583333 13.6382263889 18.602 -0.867 9999 0.427 9999
414 104.46686875  13.6385916667 18.634 -9980.37 9999 0.262 9999
415 104.553010417 13.6366652778 16.343 -1.222 9999 0.247 9999
416 104.52051875  13.6357888889 16.681 -0.853 9999 0.089 9999
417 104.50086875  13.6362388889 9999.0 9981.04 9999 0 9999
418 104.322758333 13.6365111111 18.170 -1.123 9999 0.275 9999
419 104.345860417 13.6346569444 17.043 -9981.96 9999 0.179 9999
420 104.308695833 13.6339861111 9999.0 9981.41 9999 0 9999
422 104.34200625  13.6348708333 18.684 0.735 9999 0.249 9999
423 104.37239375  13.6329333333 16.333 -0.871 9999 0.159 9999
425 104.428241667 13.6336888889 17.965 -1.348 9999 0.224 9999
426 104.50550625  13.6328041667 18.057 -0.88 9999 0.212 9999
427 104.386495833 13.6334694444 18.642 -9980.36 9999 -0.395 9999
428 104.404027083 13.6318027778 16.807 -0.865 9999 0.149 9999
429 104.300289583 13.6324916667 18.336 -1.351 9999 -0.22 9999
431 104.537779167 13.6291777778 9999.0 9979.52 9999 9980.94 9999
432 104.361377083 13.6305013889 18.683 -9980.32 9999 1.05 9999
433 104.363820833 13.6262902778 14.673 -1.014 9999 0.191 9999
434 104.497927083 13.6284569444 16.708 -0.942 9999 0.155 9999
435 104.37134375  13.6282291667 17.371 -1.296 9999 0.309 9999
436 104.335627083 13.6294361111 18.852 -9980.15 9999 1.051 9999
437 104.442172917 13.6277861111 18.109 -0.976 9999 0.25 9999
438 104.4209      13.6265263889 16.483 -1.067 9999 0.187 9999
439 104.42495625  13.6275583333 18.040 -1.13 9999 0.224 9999
441 104.477375    13.6263041667 17.207 -0.972 9999 0.072 9999
442 104.471829167 13.6242958333 15.468 -1.05 9999 0.193 9999
443 104.336808333 13.6256083333 9999.0 9980.86 9999 0 9999
444 104.499464583 13.6251708333 17.424 -1.173 9999 0.204 9999
445 104.307758333 13.6254111111 9999.0 9979.95 9999 9981.24 9999
446 104.3592875   13.6233166667 15.402 -1.232 9999 0.275 9999
447 104.414439583 13.6244513889 17.583 -1.092 9999 0.132 9999
448 104.544560417 13.6255125 18.678 -9980.32 9999 0.316 9999
449 104.51909375  13.6239208333 18.688 -9980.31 9999 -9980.31 9999
450 104.292879167 13.6234138889 18.209 -9980.79 9999 0.813 9999
451 104.303620833 13.6224388889 16.975 -1.005 9999 0.156 9999
452 104.501272917 13.6224736111 17.305 -1.265 9999 0.235 9999
453 104.482175    13.6227666667 18.134 -0.921 9999 0.264 9999
454 104.4029375   13.6206888889 16.144 -0.783 9999 0.058 9999
455 104.36165625  13.6215847222 17.392 -0.925 9999 0.233 9999
456 104.379247917 13.6212541667 16.418 -1.094 9999 0.221 9999
457 104.362829167 13.6177430556 16.492 -1.348 9999 0.315 9999
458 104.3161625   13.6184555556 17.276 -1.43 9999 0.265 9999
459 104.51539375  13.6198638889 19.094 0.399 9999 1.403 9999
460 104.342425    13.6178333333 17.801 -1.239 9999 0.227 9999
461 104.499358333 13.61815 18.985 -9980.01 9999 0.499 9999
462 104.433602083 13.6184166667 18.163 -1.361 9999 0.393 9999
463 104.46080625  13.6179125 17.794 -1.016 9999 0.243 9999
464 104.29403125  13.6170486111 9999.0 9980.45 9999 9981.05 9999
466 104.4866875   13.6173708333 18.563 -0.933 9999 0.208 9999
467 104.472783333 13.6159583333 16.714 -1.168 9999 0.254 9999
468 104.3614375   13.6145638889 9999.0 9982.26 9999 9983.4 9999
469 104.344       13.6154347222 17.433 -1.314 9999 0.286 9999
470 104.296204167 13.6145055556 17.725 -1.009 9999 0.089 9999
471 104.3313375   13.6145430556 18.208 0.632 9999 0.496 9999
472 104.503641667 13.6137444444 9999.0 9980.56 9999 9981.88 9999
473 104.538610417 13.6122875 17.071 -1.157 9999 0.182 9999
474 104.410341667 13.6142430556 18.581 -9980.42 9999 0.111 9999
475 104.51549375  13.6129041667 17.196 -0.967 9999 0.259 9999
476 104.5609125   13.6131236111 18.339 -0.946 9999 0.084 9999
477 104.364583333 13.6117138889 16.991 -1.1 9999 0.225 9999
478 104.467491667 13.6098986111 16.688 -1.537 9999 0.384 9999
479 104.54348125  13.6095569444 17.736 -9981.26 9999 -9981.26 9999
480 104.404827083 13.6098805556 18.240 -0.997 9999 0.124 9999
481 104.475558333 13.6086333333 9999.0 9980.7 9999 9982.13 9999
482 104.3364625   13.607725 18.235 -9980.76 9999 0.289 9999
483 104.325554167 13.6083944444 19.056 -9979.94 9999 1.01 9999
484 104.379022917 13.6069708333 17.285 -1.007 9999 0.193 9999
485 104.386947917 13.6079527778 18.473 -0.904 9999 0.161 9999
486 104.515610417 13.6064444444 17.205 -1.234 9999 0.288 9999
487 104.355272917 13.6066055556 17.804 -1.112 9999 0.409 9999
488 104.44939375  13.6062791667 17.923 -0.902 9999 0.185 9999
489 104.505660417 13.6049041667 17.090 -0.984 9999 0.172 9999
490 104.471629167 13.6052777778 17.944 -1.444 9999 0.336 9999
491 104.372941667 13.6043680556 18.517 -0.647 9999 0.341 9999
492 104.488704167 13.6026416667 17.904 -2.01 9999 0.924 9999
493 104.519733333 13.6024944444 17.845 -1.01 9999 -9981.16 9999
494 104.525727083 13.6032305556 19.364 -9979.64 9999 1.119 9999
495 104.390664583 13.6001708333 15.842 -0.931 9999 0.165 9999
496 104.357547917 13.6007652778 16.988 -1.028 9999 0.27 9999
497 104.483702083 13.6016763889 18.820 -9980.18 9999 0.326 9999
498 104.5087      13.5997       16.483 -1.148 9999 0.217 9999
499 104.470095833 13.5992208333 17.711 -1.188 9999 0.297 9999
500 104.386375    13.5974666667 15.327 -0.897 9999 0.151 9999
501 104.3955625   13.5990916667 18.830 -9980.17 9999 0.842 9999
502 104.529327083 13.5986875    18.342 -1.215 9999 0.135 9999
503 104.364908333 13.5984444444 18.363 -0.979 9999 0.217 9999
504 104.46878125  13.5975347222 17.646 -0.937 9999 0.217 9999
505 104.497577083 13.5973777778 17.756 -0.909 9999 0.179 9999
506 104.3219      13.5952513889 17.701 -1.316 9999 0.45 9999
507 104.347529167 13.5952763889 17.779 -1.272 9999 0.316 9999
508 104.365489583 13.5945527778 18.762 -9980.24 9999 0.334 9999
509 104.52136875  13.5964319444 18.866 -9980.13 9999 0.312 9999
510 104.42975625  13.5951347222 18.696 -0.775 9999 0.521 9999
511 104.409520833 13.5938569444 16.762 -1.347 9999 0.283 9999
512 104.465791667 13.5923847222 18.010 -1.205 9999 0.232 9999
513 104.352741667 13.5918694444 17.480 -1.016 9999 0.15 9999
514 104.3649      13.59085 18.026 -9980.97 9999 0.475 9999
515 104.370877083 13.588575 18.037 -1.41 9999 0.346 9999
516 104.5472625   13.5899333333 18.394 -0.827 9999 0.292 9999
517 104.403641667 13.5883638889 17.467 -0.865 9999 0.254 9999
518 104.440008333 13.5897888889 18.637 -1.025 9999 0.152 9999
519 104.34989375  13.5898416667 18.510 -1.039 9999 -0.037 9999
520 104.462727083 13.5877958333 16.570 -1.041 9999 0.227 9999
521 104.348045833 13.5879361111 16.895 -1.257 9999 0.269 9999
522 104.53219375  13.5879125 18.402 -1.019 9999 0.233 9999
523 104.46024375  13.5864819444 17.903 -1.454 9999 -9981.1 9999
524 104.478302083 13.5867819444 18.524 -1.102 9999 0.261 9999
525 104.552935417 13.5860847222 9999.0 9979.73 9999 9980.84 9999
526 104.435533333 13.5857708333 17.989 -1.465 9999 0.161 9999
527 104.46383125  13.5844555556 18.186 0.165 9999 0.295 9999
528 104.316320833 13.5855944444 18.309 -1.036 9999 0.269 9999
529 104.335672917 13.5834722222 16.848 -1.111 9999 0.215 9999
530 104.515533333 13.5829875 16.407 -0.943 9999 0.143 9999
531 104.326425    13.5819652778 15.031 -0.947 9999 0.169 9999
532 104.396366667 13.5811347222 16.270 -1.398 9999 0.351 9999
533 104.296354167 13.5821888889 18.439 0.275 9999 0.715 9999
534 104.347910417 13.5793319444 17.845 -1.149 9999 0.121 9999
537 104.497610417 13.4519111111 9999.0 0 9999 9983.17 9999
538 104.293854167 13.4582319444 17.523 -1.371 9999 0.326 9999
539 104.324841667 13.4582611111 18.173 -9980.83 9999 0.452 9999
540 104.482877083 13.4611263889 16.175 -0.735 9999 0.035 9999
541 104.42616875  13.4623583333 18.505 -9980.5 9999 0.657 9999
543 104.3791375   13.4656208333 18.500 -9980.5 9999 0.41 9999
544 104.549672917 13.4712680556 9999.0 9980.07 9999 9981.58 9999
545 104.397229167 13.4716625 15.857 -0.966 9999 0.157 9999
547 104.411470833 13.4735083333 9999.0 9981.12 9999 9982.22 9999
548 104.376879167 13.4742180556 18.497 -9980.5 9999 0.722 9999
549 104.392310417 13.4739152778 18.097 -9980.9 9999 0.138 9999
550 104.454304167 13.4903458333 18.297 -0.744 9999 0.548 9999
551 104.333345833 13.4913611111 15.151 -1.086 9999 0.19 9999
552 104.370335417 13.4915819444 13.955 -0.739 9999 0.056 9999
553 104.4884625   13.4559625 18.271 -1.048 9999 0.274 9999
554 104.370785417 13.4552916667 18.684 -9980.32 9999 0.709 9999
555 104.451514583 13.4577652778 18.003 -1.205 9999 0.26 9999
556 104.297702083 13.4567597222 16.889 -1.193 9999 0.18 9999
558 104.507514583 13.4583972222 16.125 -1.015 9999 0.145 9999
559 104.428704167 13.4594277778 17.675 -1.92 9999 0.566 9999
560 104.365672917 13.4613 18.688 -9980.31 9999 0.256 9999
561 104.33365     13.4607916667 16.003 -0.864 9999 0.112 9999
562 104.329527083 13.4596138889 17.134 -1.52 9999 0.403 9999
563 104.49609375  13.4601541667 17.754 -1.097 9999 0.216 9999
564 104.45118125  13.4601083333 18.635 -1.305 9999 0.092 9999
565 104.453933333 13.4611847222 17.647 -1.041 9999 0.058 9999
566 104.5418375   13.4636027778 17.334 -1.075 9999 0.143 9999
567 104.454395833 13.4662166667 17.945 -1.037 9999 0.124 9999
568 104.501264583 13.4662458333 18.021 -1.129 9999 0.326 9999
569 104.433825    13.4671013889 16.375 -1.439 9999 0.337 9999
570 104.372433333 13.4666875 16.875 -1.923 9999 0.72 9999
573 104.303222917 13.4668722222 17.850 -1.191 9999 0.361 9999
574 104.511279167 13.4704388889 17.441 -1.917 9999 0.605 9999
575 104.477991667 13.4696708333 18.595 -9980.41 9999 0.45 9999
576 104.488008333 13.4686597222 18.740 -9980.26 9999 0.584 9999
577 104.420516667 13.4717597222 18.151 -9980.85 9999 0.455 9999
578 104.338185417 13.4705555556 17.701 -1.32 9999 0.326 9999
579 104.5526875   13.4731638889 18.509 -1.178 9999 0.244 9999
580 104.294710417 13.4751625 17.334 -1.694 9999 1.002 9999
581 104.5011625   13.4741611111 9999.0 9979.56 9999 9980.74 9999
582 104.34375625  13.4765236111 15.917 -9983.08 9999 -1.199 9999
583 104.321841667 13.4740638889 17.623 -0.859 9999 0.189 9999
584 104.493441667 13.477 9999.0 9982.83 9999 9983.88 9999
585 104.467164583 13.4768597222 9999.0 9981.5 9999 0 9999
586 104.459158333 13.4823694444 18.236 -9980.76 9999 1.757 9999
587 104.50741875  13.480475 18.649 0.493 9999 1.955 9999
588 104.443120833 13.4760875 17.731 -0.982 9999 0.178 9999
589 104.406302083 13.4774569444 15.925 -0.844 9999 0.096 9999
590 104.548827083 13.4786111111 17.001 -0.905 9999 0.099 9999
591 104.402977083 13.4811402778 17.436 -1.359 9999 0.298 9999
592 104.434122917 13.4898805556 18.619 -1.256 9999 0.36 9999
593 104.399122917 13.4795986111 18.590 -9980.41 9999 0.342 9999
594 104.394997917 13.4838666667 18.576 -9980.42 9999 0.431 9999
595 104.503341667 13.4822305556 18.552 -9980.45 9999 0.24 9999
597 104.513683333 13.4839888889 17.640 -0.961 9999 0.217 9999
598 104.36968125  13.4827 17.228 -1.171 9999 0.276 9999
599 104.434664583 13.48355 17.702 -0.958 9999 0.266 9999
600 104.535827083 13.4860458333 16.719 -1.025 9999 0.198 9999
601 104.32280625  13.4839722222 18.169 -0.882 9999 0.014 9999
602 104.55335625  13.486225 18.502 -1.044 9999 0.209 9999
603 104.5331625   13.5662277778 17.327 -0.911 9999 0.121 9999
604 104.4741125   13.4852388889 18.894 -9980.11 9999 0.004 9999
605 104.324958333 13.4897069444 15.999 -1.375 9999 -0.031 9999
606 104.364279167 13.4894277778 18.617 -9980.38 9999 -9980.38 9999
607 104.480635417 13.4880666667 18.218 -1.336 9999 0.505 9999
608 104.532529167 13.4890125 9999.0 0 9999 9980.31 9999
609 104.474708333 13.4897069444 16.061 -0.773 9999 -2.467 9999
610 104.296447917 13.4880277778 17.740 -1.11 9999 0.219 9999
611 104.527766667 13.4939361111 16.491 -1.067 9999 0.209 9999
612 104.390966667 13.5009388889 18.439 -9980.56 9999 0.109 9999
613 104.478235417 13.4919361111 17.839 -1.15 9999 0.197 9999
614 104.317539583 13.4949625 15.790 -1.248 9999 0.276 9999
615 104.48041875  13.4948875 18.006 -1.035 9999 -0.227 9999
616 104.509466667 13.4545902778 17.733 -0.9 9999 0.063 9999
617 104.4644875   13.4945694444 18.802 -9980.2 9999 1.128 9999
618 104.348964583 13.50165 18.206 -9980.79 9999 0.417 9999
620 104.461720833 13.4931972222 17.061 -0.924 9999 0.115 9999
621 104.501916667 13.4936972222 17.862 -9981.14 9999 0.673 9999
622 104.539185417 13.4946694444 15.579 -1.107 9999 0.666 9999
623 104.549808333 13.5005305556 17.886 -1.54 9999 0.401 9999
624 104.436429167 13.4944291667 18.342 -1.448 9999 0.314 9999
625 104.4982      13.4948708333 18.231 -9980.77 9999 0.496 9999
626 104.298395833 13.5001819444 18.387 -9980.61 9999 0.501 9999
627 104.340220833 13.4971986111 17.814 -1.082 9999 0.179 9999
629 104.39305625  13.5023763889 17.404 -1.388 9999 0.419 9999
630 104.533320833 13.4971861111 18.658 -9980.34 9999 -0.043 9999
631 104.37406875  13.4979805556 17.582 -9981.42 9999 1.154 9999
632 104.3408125   13.4997472222 18.035 -9980.97 9999 -9980.97 9999
633 104.325414583 13.4962791667 16.621 -1.029 9999 0.201 9999
634 104.558079167 13.4977819444 17.832 -1.083 9999 0.237 9999
635 104.317477083 13.5042069444 17.354 -0.963 9999 0.204 9999
636 104.530052083 13.4998791667 17.774 -0.943 9999 0.197 9999
637 104.364791667 13.5087944444 16.974 -1.089 9999 0.144 9999
638 104.384022917 13.4998944444 17.182 -0.867 9999 0.337 9999
639 104.416760417 13.4992958333 17.542 -1.19 9999 0.22 9999
640 104.469839583 13.4996861111 18.358 -0.935 9999 0.366 9999
641 104.293125    13.5015263889 17.755 -0.972 9999 0.161 9999
643 104.483102083 13.5022458333 16.271 -0.985 9999 0.198 9999
644 104.40275     13.5069944444 9999.0 9980.06 9999 9980.86 9999
645 104.475285417 13.5065472222 9999.0 9981.55 9999 9981.07 9999
646 104.321214583 13.5053111111 18.347 -9980.65 9999 0.426 9999
647 104.4173      13.5027222222 16.950 -0.873 9999 0.154 9999
648 104.46906875  13.5052083333 18.356 -0.971 9999 0.227 9999
649 104.47354375  13.5036930556 18.490 -1.182 9999 0.434 9999
650 104.453285417 13.50665 17.936 -0.964 9999 0.1 9999
652 104.523633333 13.5086555556 18.034 -0.991 9999 0.128 9999
653 104.526129167 13.5072208333 17.716 -1.353 9999 0.218 9999
654 104.342385417 13.5091972222 16.488 -0.885 9999 0.154 9999
655 104.520216667 13.5105875 17.592 -1.023 9999 0.242 9999
656 104.367022917 13.5127666667 16.683 -0.74 9999 0.053 9999
657 104.556147917 13.5166333333 15.027 -4.334 9999 -9983.97 9999
658 104.5032875   13.5131611111 16.662 -1.214 9999 0.285 9999
659 104.540372917 13.5162041667 17.243 -1.749 9999 1.072 9999
660 104.381439583 13.51195 16.404 -0.928 9999 0.164 9999
661 104.428664583 13.5118861111 18.930 -9980.07 9999 0.509 9999
662 104.462904167 13.5159125 17.109 -0.921 9999 0.178 9999
663 104.433683333 13.5128888889 17.173 -9981.83 9999 0.235 9999
665 104.445785417 13.518 16.770 -1.204 9999 0.176 9999
666 104.342877083 13.5656888889 9999.0 9980.41 9999 9981.58 9999
667 104.405679167 13.5157041667 18.160 -1.297 9999 0.359 9999
668 104.376235417 13.5179722222 18.675 -9980.33 9999 1.055 9999
669 104.520575 13.5211847222 18.488 -1.022 9999 0.176 9999
670 104.496602083 13.5189486111 18.702 -9980.3 9999 0.677 9999
671 104.558622917 13.5209402778 17.048 -9981.95 9999 0.235 9999
672 104.469045833 13.5173597222 17.652 -0.715 9999 0.265 9999
673 104.550297917 13.5426430556 17.272 -0.894 9999 0.119 9999
674 104.4982625   13.5409194444 17.420 -9981.58 9999 0.11 9999
675 104.482541667 13.5220611111 18.124 -0.957 9999 0.233 9999
676 104.4701125   13.5236513889 18.374 -9980.63 9999 0.422 9999
677 104.296002083 13.5193138889 18.869 -9980.13 9999 0.78 9999
678 104.432083333 13.5229916667 16.432 -0.864 9999 0.167 9999
679 104.486014583 13.5202319444 17.814 -2.293 9999 0.134 9999
680 104.387635417 13.5213736111 18.236 -0.88 9999 0.184 9999
681 104.555652083 13.5219152778 16.710 -0.833 9999 0.062 9999
682 104.339697917 13.5222083333 18.070 -0.905 9999 -0.157 9999
684 104.293941667 13.5268166667 17.462 -1.474 9999 0.434 9999
685 104.38845625  13.5232125 17.640 0.508 9999 -9981.36 9999
686 104.54641875  13.5252569444 18.629 -1.03 9999 0.342 9999
688 104.3547375   13.5244069444 17.234 -0.895 9999 0.122 9999
689 104.527377083 13.5250333333 15.991 -1.11 9999 0.245 9999
690 104.373666667 13.5251472222 17.848 -1.013 9999 0.113 9999
691 104.529947917 13.5288875 16.784 -1.068 9999 0.173 9999
692 104.395591667 13.5287083333 18.278 -9980.72 9999 0.287 9999
693 104.4735875   13.5277263889 18.335 -1.201 9999 0.403 9999
694 104.302389583 13.5282111111 18.121 -1.022 9999 0.207 9999
695 104.377933333 13.5267138889 18.516 -9980.48 9999 0.008 9999
696 104.388077083 13.5277527778 17.453 -1.041 9999 0.304 9999
697 104.37656875  13.5316638889 18.628 0.612 9999 0.617 9999
698 104.534089583 13.5307888889 17.485 -0.828 9999 0.054 9999
699 104.388604167 13.5296166667 17.988 -9981.01 9999 0.511 9999
700 104.320002083 13.5313027778 16.789 -1.138 9999 0.233 9999
701 104.390735417 13.5372319444 19.055 -9979.94 9999 1.126 9999
702 104.40775625  13.5352638889 17.834 -1.635 9999 0.737 9999
703 104.46521875  13.5310208333 14.114 -0.936 9999 0.145 9999
704 104.482947917 13.5300263889 18.149 -0.554 9999 0.512 9999
705 104.471670833 13.5344041667 17.213 -1.095 9999 0.18 9999
706 104.404558333 13.5331222222 15.005 -0.938 9999 0.161 9999
707 104.318635417 13.5367666667 17.385 -1.042 9999 0.23 9999
708 104.358733333 13.5392625 17.611 -1.067 9999 0.365 9999
709 104.519647917 13.5364666667 17.601 -0.516 9999 0.487 9999
710 104.496335417 13.5369111111 18.198 -1.474 9999 0.251 9999
711 104.295427083 13.5367597222 18.179 -0.854 9999 0.326 9999
712 104.460191667 13.5367875 17.890 -1.323 9999 0.412 9999
713 104.471389583 13.5397333333 17.472 -1.169 9999 0.116 9999
714 104.549052083 13.5400861111 18.589 -0.794 9999 0.049 9999
715 104.422508333 13.5395819444 16.954 -1.021 9999 0.187 9999
716 104.351114583 13.5439833333 18.208 -1.118 9999 0.29 9999
717 104.465254167 13.5387819444 16.055 -0.937 9999 0.144 9999
718 104.507822917 13.5393944444 16.757 -0.887 9999 0.131 9999
719 104.389158333 13.5442333333 17.627 -0.879 9999 0.111 9999
720 104.51318125  13.5637555556 17.803 -0.943 9999 0.122 9999
721 104.332435417 13.5405944444 16.725 -0.904 9999 0.11 9999
722 104.36865625  13.5415111111 18.728 -9980.27 9999 0.012 9999
723 104.468510417 13.542725 9999.0 9983.16 9999 0 9999
724 104.477677083 13.5443541667 16.875 -1.479 9999 0.389 9999
725 104.5328375   13.5433180556 18.469 -0.741 9999 0.15 9999
726 104.36788125  13.5646458333 9999.0 9981.7 9999 0 9999
727 104.43861875  13.5640972222 16.066 -1.091 9999 0.192 9999
728 104.453945833 13.5639319444 17.700 -1.02 9999 -9981.3 9999
729 104.441222917 13.5439069444 16.690 -0.876 9999 0.153 9999
730 104.360854167 13.5449013889 17.594 -1.176 9999 0.221 9999
731 104.52994375  13.5635083333 16.938 -0.971 9999 0.188 9999
732 104.518508333 13.5477777778 9999.0 9979.39 9999 9980.68 9999
733 104.34385     13.5473097222 9999.0 9980.19 9999 0 9999
735 104.326241667 13.5480055556 18.890 -9980.11 9999 0.535 9999
736 104.4108875   13.5507972222 15.176 -1.025 9999 0.205 9999
737 104.488420833 13.5483 17.328 -1.618 9999 0.538 9999
738 104.4391625   13.5497847222 18.120 -0.803 9999 0.746 9999
739 104.366191667 13.5505777778 16.937 -1.327 9999 0.547 9999
740 104.526841667 13.5545166667 15.748 -9983.25 9999 -0.153 9999
741 104.349897917 13.5515527778 18.446 -9980.55 9999 1.708 9999
742 104.50291875  13.5543972222 9999.0 0 9999 9980.39 9999
743 104.3624375   13.5522194444 16.996 -0.95 9999 0.11 9999
744 104.410822917 13.5567416667 17.912 -1.159 9999 0.225 9999
745 104.397725    13.5544541667 16.770 -1.431 9999 -0.029 9999
746 104.357129167 13.553775 17.670 -1.996 9999 0.657 9999
747 104.3090375   13.5568375 14.622 -1.449 9999 0.367 9999
748 104.474933333 13.5556916667 17.209 0.717 9999 -9981.79 9999
749 104.508208333 13.5560388889 17.413 -1.454 9999 0.276 9999
750 104.540310417 13.5626430556 17.958 -1.336 9999 0.251 9999
751 104.399395833 13.5629527778 15.641 -9983.36 9999 -9983.36 9999
752 104.526204167 13.5575055556 15.842 -1.367 9999 0.333 9999
753 104.430210417 13.5607222222 18.858 -9980.14 9999 0.551 9999
755 104.305089583 13.5611944444 15.167 -3.543 9999 -2.281 9999
756 104.3048      13.5589708333 17.271 -1.273 9999 0.264 9999
757 104.314554167 13.5675194444 9999.0 9979.51 9999 9980.77 9999
758 104.318283333 13.5639236111 17.041 -0.963 9999 0.178 9999
759 104.45690625  13.5652069444 16.115 -0.82 9999 0.106 9999
760 104.4091625   13.5660666667 18.128 -9980.87 9999 0.484 9999
761 104.333404167 13.5698916667 16.898 -1.882 9999 1.086 9999
762 104.301352083 13.5684638889 18.642 -0.931 9999 0.021 9999
763 104.422614583 13.5671652778 17.449 -1.21 9999 0.316 9999
765 104.54791875  13.5684222222 18.463 0.429 9999 -9980.54 9999
766 104.328539583 13.4546847222 18.798 -9980.2 9999 0.192 9999
767 104.53669375  13.4542208333 17.302 -0.985 9999 0.109 9999
768 104.455275    13.5685111111 16.560 -1.078 9999 0.223 9999
769 104.5002      13.5711763889 17.233 -1.504 9999 0.44 9999
770 104.556795833 13.5696916667 17.356 -1.018 9999 0.114 9999
771 104.409635417 13.5711138889 18.011 -1.016 9999 0.143 9999
772 104.328416667 13.5721013889 18.675 -9980.33 9999 0.34 9999
773 104.379864583 13.5717472222 17.084 -1.017 9999 0.212 9999
774 104.390414583 13.5728458333 17.576 -1.403 9999 0.326 9999
776 104.397314583 13.4595166667 17.359 -1.108 9999 0.267 9999
777 104.3312625   13.5737944444 16.713 -0.958 9999 0.179 9999
778 104.315714583 13.5727291667 18.559 -9980.44 9999 0.303 9999
779 104.306777083 13.5786361111 17.782 -1.181 9999 0.17 9999
780 104.46949375  13.4516777778 18.252 -1.059 9999 0.195 9999
781 104.2940625   13.5760569444 17.779 -1.096 9999 0.141 9999
783 104.433747917 13.5769861111 18.383 -1.058 9999 0.542 9999
784 104.404404167 13.5776430556 17.778 -0.946 9999 0.068 9999
785 104.3066625   13.4561458333 9999.0 0 9999 9983.51 9999
786 104.43675     13.4516111111 18.130 -9980.87 9999 0.056 9999
787 104.42925625  13.4528916667 17.874 -0.959 9999 0.112 9999
788 104.550602083 13.5794708333 17.605 -1.034 9999 0.206 9999
789 104.3528625   13.5781347222 17.070 -0.856 9999 0.156 9999
790 104.397704167 13.4513583333 17.560 -1.921 9999 0.537 9999
791 104.446133333 13.5798166667 18.431 -9980.57 9999 0.325 9999
792 104.344929167 13.4561166667 9999.0 9980.41 9999 9982.05 9999
793 104.4656375   13.5760222222 18.622 -9980.38 9999 0.364 9999
794 104.38108125  13.4509013889 17.599 -0.963 9999 0.141 9999
796 104.470341667 13.4558944444 18.326 -9980.67 9999 -0.289 9999
798 104.486004167 13.6554638889 9999.0 9979.33 9999 9980.66 9999
803 104.3522125   13.5404597222 9999.0 0 9999 9980.65 9999
807 104.419629167 13.5644416667 18.488 -9980.51 9999 0.808 9999
810 104.369189583 13.6801833333 17.828 -0.975 9999 0.114 9999
813 104.450983333 13.5952402778 14.383 -1.068 9999 0.255 9999
815 104.38224375  13.4872069444 17.008 -9981.99 9999 -9981.99 9999
817 104.307527083 13.500925 17.342 -0.991 9999 -9981.66 9999
824 104.542275    13.6649944444 17.574 -9981.43 9999 0.113 9999
826 104.5361625   13.6058916667 16.705 -0.54 9999 0.073 9999
833 104.439520833 13.6459763889 9999.0 0 9999 9983.7 9999
835 104.450991667 13.5000166667 9999.0 9984.67 9999 9980.65 9999
837 104.426570833 13.5242013889 9999.0 9980.14 9999 9981.1 9999
853 104.367475    13.5283166667 18.491 -9980.51 9999 0.954 9999
854 104.566666667 13.5328166667 9999.0 0 9999 9985.66 9999
862 104.323508333 13.6333861111 12.386 -0.946 9999 -9986.61 9999
863 104.564666667 13.4542541667 9999.0 0 9999 9983.94 9999
864 104.5681875   13.6010944444 9999.0 0 9999 9984.6 9999
