# BEGIN CATALOG HEADER
# nfields 13
#     ra     1  0 d degrees %10.5f
#     dec    2  0 d degrees %10.5f
#     id     3  0 c INDEF %15s
#     B      4 0 r INDEF %6.2f
#     Berr   5 0 r INDEF %6.2f
#     V      6 0 r INDEF %6.2f
#     Verr   7 0 r INDEF %6.2f
#     g      8 0 r INDEF %6.2f
#     gerr   9 0 r INDEF %6.2f
#     r      10 0 r INDEF %6.2f
#     rerr   11 0 r INDEF %6.2f
#     i      12 0 r INDEF %6.2f
#     ierr   13 0 r INDEF %6.2f
# END CATALOG HEADER
#
    104.259075  13.7318944444    1   16.582  0.020   15.816  0.260   16.088  0.010   15.631  0.010   9999.000 99.990  
 104.259195833  13.4953111111    2   16.825  0.040   16.205  0.090   16.543  0.120   16.096  0.110   15.730  0.010  
 104.260383333      13.635375    3   14.777  0.030   14.521  0.050   14.593  0.070   14.555  0.030   14.875  0.430  
 104.261179167  13.6770416667    4   15.349  0.040   15.037  0.090   15.127  0.070   15.024  0.040   14.974  0.110  
   104.2621875  13.5636805556    5   16.018  0.040   15.350  0.060   15.615  0.020   15.150  0.080   14.923  0.050  
 104.262908333  13.6679666667    6   15.852  0.030   14.417  0.060   15.119  0.070   13.918  0.040   13.566  0.410  
 104.262941667  13.4233166667    7   17.257  0.080   16.680  0.110   16.833  0.040   16.477  0.090   9999.000 99.990  
 104.264670833  13.4161111111    8   17.059  0.070   16.125  0.020   16.612  0.110   15.808  0.070   15.464  0.110  
     104.26605  13.5431861111    9   15.541  0.050   14.898  0.070   15.220  0.070   14.769  0.040   14.745  0.350  
    104.268125  13.5075138889   10   16.665  0.120   15.993  0.070   16.230  0.080   15.797  0.170   15.414  0.260  
   104.2688875  13.6815055556   11   16.389  0.070   15.825  0.040   16.068  0.080   15.696  0.080   15.482  0.130  
 104.269233333  13.4698388889   12   17.323  0.010   16.422  0.010   16.738  0.030   16.184  0.050   9999.000 99.990  
 104.269516667  13.4941777778   13   14.599  0.030   14.075  0.090   14.314  0.090   14.012  0.080   14.061  0.370  
 104.270429167  13.5898055556   14   15.645  0.050   14.842  0.070   15.211  0.080   14.607  0.040   14.554  0.420  
 104.270504167  13.5749027778   15   16.644  0.090   16.113  0.090   16.340  0.110   15.994  0.140   15.875  0.060  
 104.270595833  13.6687166667   16   14.185  0.010   13.517  0.050   13.822  0.060   13.332  0.030   13.332  0.420  
 104.271233333      13.654425   17   14.604  0.030   13.840  0.040   14.195  0.070   13.637  0.040   13.664  0.460  
     104.27325  13.7038555556   18   16.554  0.070   15.953  0.100   16.255  0.060   15.831  0.040   15.597  0.010  
    104.274925  13.6182972222   19   16.768  0.110   16.088  0.050   16.381  0.030   15.932  0.110   15.600  0.100  
      104.2753  13.4808555556   20   16.301  0.110   15.638  0.020   16.002  0.080   15.446  0.060   15.608  0.620  
 104.275758333  13.4426027778   21   17.180  0.010   16.657  0.010   16.919  0.050   16.447  0.010   16.233  0.010  
 104.275966667  13.7425805556   22   15.337  0.030   14.658  0.040   14.990  0.040   14.467  0.020   14.234  0.080  
 104.276054167  13.4501944444   23   16.276  0.060   15.697  0.050   15.929  0.090   15.532  0.040   15.330  0.070  
 104.278545833  13.5288944444   24   17.010  0.160   16.266  0.040   16.627  0.060   15.981  0.240   15.720  0.010  
   104.2803625  13.5448333333   25   15.420  0.030   14.552  0.090   14.973  0.070   14.289  0.050   14.171  0.390  
 104.282391667  13.4908527778   26   16.612  0.110   15.993  0.080   16.273  0.140   15.972  0.060   15.781  0.030  
 104.282991667  13.5850277778   27   17.518  0.200   16.881  0.020   17.172  0.060   16.638  0.110   9999.000 99.990  
 104.285004167  13.5617638889   28   15.867  0.100   14.865  0.090   15.332  0.070   14.596  0.060   14.286  0.090  
 104.288591667        13.5112   29   15.090  0.030   14.545  0.030   14.802  0.070   14.399  0.040   14.243  0.070  
 104.289616667  13.5324027778   30   16.761  0.020   16.266  0.090   16.420  0.050   15.990  0.110   15.766  0.010  
   104.2898625  13.4866472222   31   15.395  0.040   14.734  0.030   15.057  0.070   14.585  0.060   14.687  0.540  
 104.290158333  13.4608333333   32   14.408  0.080   13.886  0.060   14.151  0.090   13.737  0.030   13.786  0.340  
 104.290529167  13.7105333333   33   12.592  0.030   11.998  0.030   12.275  0.060   11.846  0.020   11.852  0.420  
 104.291408333  13.6098527778   34   16.121  0.030   15.326  0.020   15.774  0.020   15.046  0.040   14.740  0.010  
   104.2919125  13.4629472222   35   14.408  0.080   13.886  0.060   14.151  0.090   13.737  0.030   13.786  0.340  
 104.292479167  13.6035277778   36   13.901  0.020   12.851  0.050   13.365  0.070   12.534  0.040   12.339  0.410  
 104.292670833  13.7349472222   37   14.910  0.020   14.571  0.050   14.688  0.060   14.598  0.040   14.635  0.060  
 104.293466667  13.4677333333   38   14.902  0.090   13.812  0.080   14.384  0.030   13.395  0.060   13.217  0.400  
 104.294979167  13.4968777778   39   16.366  0.050   15.558  0.070   15.933  0.070   15.301  0.020   15.062  0.100  
 104.295020833  13.5546583333   40   16.956  0.060   16.109  0.130   16.520  0.160   15.900  0.050   15.800  0.130  
 104.296141667  13.4130138889   41   16.093  0.060   15.442  0.050   15.734  0.080   15.224  0.050   15.027  0.070  
 104.298566667  13.5735333333   42   14.462  0.010   13.818  0.050   14.133  0.080   13.673  0.010   13.754  0.490  
   104.2991625  13.4409638889   43   17.246  0.200   16.559  0.040   16.884  0.130   16.404  0.060   16.281  0.220  
   104.2996375  13.6971222222   44   16.628  0.060   15.652  0.060   16.209  0.120   15.325  0.070   15.002  0.080  
 104.299729167  13.5421583333   45   15.968  0.040   15.360  0.030   15.630  0.070   15.186  0.050   15.319  0.530  
 104.300220833        13.5154   46   15.865  0.060   15.152  0.030   15.508  0.070   14.963  0.030   14.732  0.040  
    104.300225  13.4594527778   47   14.195  0.030   13.112  0.020   13.659  0.070   12.742  0.040   12.600  0.460  
 104.300741667  13.4764138889   48   16.373  0.080   15.489  0.020   15.922  0.080   15.191  0.030   14.867  0.040  
      104.3012  13.5645194444   49   15.689  0.060   14.709  0.030   15.177  0.080   14.398  0.030   14.366  0.530  
 104.301704167  13.6492611111   50   17.076  0.050   15.996  0.020   16.529  0.010   15.768  0.040   15.606  0.160  
 104.301820833      13.503525   51   16.753  0.030   16.283  0.080   16.464  0.090   16.131  0.060   9999.000 99.990  
 104.302945833  13.6795611111   52   16.838  0.040   16.232  0.050   16.514  0.040   16.078  0.060   15.695  0.010  
      104.3045  13.4958944444   53   15.668  0.030   14.479  0.040   15.076  0.070   14.090  0.030   13.931  0.440  
 104.305029167  13.6915611111   54   14.920  0.050   13.763  0.050   14.339  0.050   13.382  0.030   13.165  0.440  
 104.306120833  13.6038333333   55   15.558  0.040   14.893  0.020   15.209  0.070   14.730  0.030   14.558  0.020  
    104.308625  13.6151972222   56   16.624  0.050   15.996  0.160   16.274  0.040   15.815  0.030   15.959  0.330  
 104.309295833  13.4652861111   57   16.346  0.060   15.814  0.050   16.082  0.100   15.754  0.050   15.684  0.170  
    104.309375  13.6382444444   58   16.970  0.020   16.195  0.050   16.565  0.010   16.044  0.010   15.884  0.010  
 104.309745833      13.491075   59   17.009  0.010   16.113  0.080   16.587  0.070   15.641  0.040   15.285  0.110  
    104.309775  13.4440416667   60   14.759  0.040   14.186  0.050   14.468  0.080   14.053  0.030   14.124  0.490  
 104.309779167  13.5068555556   61   16.984  0.140   16.322  0.080   16.636  0.080   16.191  0.100   16.038  0.010  
 104.311104167  13.4382277778   62   17.097  0.060   16.603  0.040   17.042  0.010   16.718  0.010   9999.000 99.990  
 104.312291667  13.6268694444   63   17.354  0.130   16.698  0.010   16.965  0.010   16.290  0.060   16.114  0.010  
 104.312358333  13.6608361111   64   16.570  0.030   15.897  0.010   16.197  0.050   15.732  0.050   15.597  0.010  
 104.312716667  13.4753472222   65   16.471  0.040   15.922  0.110   16.196  0.110   15.891  0.040   15.832  0.140  
 104.312979167        13.5392   66   9999.000 99.990   16.305  0.010   9999.000 99.990   15.985  0.060   9999.000 99.990  
    104.313475  13.5938166667   67   15.981  0.010   15.534  0.010   15.882  0.010   15.576  0.010   9999.000 99.990  
   104.3136875      13.426575   68   15.640  0.070   14.949  0.040   15.289  0.070   14.772  0.020   14.774  0.400  
 104.316008333  13.5528027778   69   16.497  0.040   16.009  0.010   16.227  0.060   16.048  0.230   15.805  0.010  
     104.31655  13.4698666667   70   17.458  0.140   16.569  0.040   17.021  0.030   16.359  0.070   15.964  0.010  
      104.3167  13.4488722222   71   18.181  0.270   16.654  0.030   17.304  0.080   16.038  0.060   15.130  0.020  
 104.317033333  13.4154333333   72   15.035  0.050   14.188  0.030   14.625  0.090   13.903  0.030   13.835  0.350  
 104.319354167  13.5225166667   73   15.199  0.050   14.620  0.030   14.899  0.100   14.460  0.040   14.526  0.470  
    104.320975  13.5664333333   74   15.095  0.030   14.303  0.010   14.681  0.070   14.071  0.030   14.069  0.480  
 104.321729167  13.6235361111   75   14.478  0.030   14.143  0.030   14.266  0.070   14.136  0.010   14.120  0.010  
 104.322616667  13.4805083333   76   16.068  0.060   14.951  0.050   15.502  0.100   14.603  0.040   14.261  0.040  
 104.322620833  13.4423666667   77   15.342  0.050   14.717  0.040   15.020  0.090   14.602  0.040   14.701  0.530  
 104.323458333  13.5493611111   78   18.238  0.270   17.198  0.010   17.466  0.010   17.014  0.010   9999.000 99.990  
 104.323504167        13.6334   79   13.894  0.020   12.736  0.020   13.312  0.070   12.348  0.010   12.193  0.500  
 104.323545833      13.719525   80   16.866  0.070   16.099  0.110   16.417  0.020   15.958  0.050   15.853  0.110  
 104.323641667  13.7074583333   81   13.887  0.030   12.945  0.050   13.415  0.050   12.661  0.030   12.522  0.420  
 104.324216667      13.414825   82   14.840  0.040   14.359  0.020   14.584  0.070   14.259  0.030   14.187  0.030  
 104.325258333  13.7413666667   83   14.629  0.030   14.351  0.040   14.449  0.060   14.367  0.040   14.381  0.050  
 104.325945833  13.5073083333   84   16.469  0.050   15.910  0.110   16.180  0.050   15.886  0.030   15.792  0.280  
 104.326270833  13.6055777778   85   16.595  0.030   16.009  0.060   16.230  0.010   15.920  0.030   15.635  0.100  
 104.327429167  13.6123916667   86   16.532  0.200   16.020  0.050   16.235  0.060   15.821  0.060   15.510  0.130  
 104.327741667  13.6247666667   87   16.531  0.010   16.083  0.010   16.274  0.040   16.060  0.010   9999.000 99.990  
      104.3295  13.6761833333   88   15.827  0.030   15.262  0.070   15.560  0.020   15.096  0.070   15.258  0.330  
 104.329633333  13.5205222222   89   16.198  0.030   15.553  0.030   15.863  0.100   15.387  0.050   15.217  0.150  
   104.3297125  13.4480638889   90   13.125  0.020   12.770  0.030   12.915  0.080   12.729  0.030   12.918  0.470  
   104.3316625       13.67785   91   15.827  0.030   15.262  0.070   15.560  0.020   15.096  0.070   15.258  0.330  
 104.331866667  13.6860472222   92   17.007  0.140   16.472  0.170   16.682  0.060   16.240  0.100   16.043  0.010  
 104.332241667  13.5849083333   93   13.127  0.010   12.593  0.020   12.836  0.070   12.462  0.010   12.600  0.520  
 104.332779167  13.6042444444   94   16.131  0.050   15.536  0.070   15.853  0.110   15.375  0.050   15.216  0.120  
 104.332941667  13.4802555556   95   16.509  0.070   15.502  0.010   9999.000 99.990   15.225  0.010   16.170  0.010  
 104.334270833      13.560125   96   15.604  0.020   15.201  0.030   15.384  0.080   15.144  0.040   15.112  0.110  
   104.3343375  13.6452638889   97   15.769  0.010   14.058  0.010   14.973  0.100   13.432  0.020   12.929  0.540  
   104.3353375  13.6384166667   98   14.416  0.020   14.132  0.030   14.219  0.080   14.136  0.010   14.452  0.540  
   104.3364375  13.6562861111   99   16.110  0.030   15.529  0.030   15.775  0.020   15.393  0.060   15.275  0.040  
      104.3369  13.4346388889  100   16.951  0.090   16.370  0.050   16.581  0.040   16.094  0.060   15.969  0.380  
   104.3379125  13.4501722222  101   13.894  0.020   13.641  0.030   13.747  0.080   13.650  0.030   13.891  0.440  
 104.338454167  13.4430305556  102   17.144  0.010   16.391  0.080   16.844  0.130   16.182  0.050   16.072  0.010  
    104.338525       13.67965  103   15.047  0.030   13.899  0.020   14.456  0.070   13.519  0.010   13.410  0.510  
   104.3385375        13.4946  104   15.442  0.030   14.679  0.020   15.031  0.060   14.433  0.030   14.220  0.040  
   104.3385875  13.6006305556  105   15.856  0.020   15.350  0.050   15.561  0.050   15.230  0.050   15.163  0.130  
   104.3425125  13.4803083333  106   13.420  0.030   12.961  0.030   13.177  0.070   12.867  0.020   12.978  0.450  
 104.343058333        13.6282  107   15.679  0.050   15.284  0.040   15.419  0.010   15.314  0.040   15.232  0.050  
 104.345491667  13.7238833333  108   16.519  0.010   16.123  0.070   16.314  0.050   15.979  0.050   15.663  0.010  
 104.347329167  13.5571833333  109   16.384  0.020   15.701  0.040   16.059  0.080   15.560  0.020   15.422  0.180  
    104.347825      13.510575  110   16.859  0.120   16.010  0.080   16.429  0.100   15.784  0.050   9999.000 99.990  
 104.348045833  13.4666361111  111   15.247  0.030   14.787  0.060   15.012  0.090   14.694  0.020   14.778  0.480  
 104.348958333  13.5826194444  112   16.275  0.050   15.675  0.050   16.028  0.090   15.514  0.030   15.424  0.080  
 104.349820833  13.6279416667  113   14.166  0.020   13.530  0.030   13.831  0.070   13.366  0.020   13.476  0.490  
   104.3501625  13.6450944444  114   16.236  0.070   15.794  0.040   15.984  0.030   15.745  0.090   15.485  0.010  
 104.350958333  13.6681527778  115   13.574  0.010   13.051  0.040   13.266  0.020   12.922  0.020   13.049  0.540  
      104.3514  13.4443444444  116   16.302  0.050   15.956  0.070   16.099  0.040   16.006  0.080   16.127  0.180  
    104.351925        13.4335  117   16.571  0.070   15.955  0.030   16.273  0.100   15.895  0.030   15.766  0.010  
 104.352570833  13.7018138889  118   14.313  0.180   14.112  0.190   14.168  0.180   14.152  0.200   14.420  0.440  
 104.353554167  13.6281166667  119   17.407  0.010   16.488  0.010   17.612  0.110   15.914  0.010   9999.000 99.990  
 104.353733333  13.5359388889  120   15.899  0.020   15.357  0.030   15.626  0.110   15.214  0.040   15.179  0.510  
 104.353804167  13.4247972222  121   16.529  0.120   15.873  0.040   16.179  0.080   15.661  0.060   15.557  0.120  
 104.354104167  13.7292166667  122   15.955  0.040   15.308  0.030   15.624  0.070   15.180  0.030   14.946  0.070  
 104.355466667  13.4948166667  123   16.134  0.040   15.733  0.060   15.918  0.080   15.764  0.150   9999.000 99.990  
 104.357829167  13.5070833333  124   14.657  0.020   14.070  0.020   14.351  0.070   13.918  0.030   13.961  0.470  
 104.358204167  13.4876444444  125   16.313  0.020   15.200  0.020   15.752  0.060   14.912  0.010   14.508  0.100  
 104.358658333  13.6843972222  126   15.234  0.030   14.526  0.030   14.876  0.080   14.318  0.020   14.362  0.480  
   104.3602125  13.4474916667  127   17.621  0.090   17.258  0.090   17.446  0.070   17.058  0.090   9999.000 99.990  
 104.360379167  13.6614722222  128   15.314  0.030   14.607  0.020   14.957  0.060   14.414  0.030   14.495  0.480  
 104.360466667  13.4353805556  129   15.748  0.030   15.314  0.060   15.523  0.080   15.242  0.040   15.182  0.110  
 104.362395833  13.4276583333  130   15.298  0.020   14.960  0.040   15.093  0.070   14.936  0.030   15.252  0.660  
   104.3630125        13.4785  131   14.826  0.040   14.022  0.040   14.431  0.080   13.789  0.030   13.745  0.510  
 104.363254167  13.5549305556  132   15.432  0.030   14.921  0.030   15.174  0.080   14.838  0.030   15.100  0.860  
   104.3636875  13.7231388889  133   16.815  0.040   16.177  0.040   16.499  0.030   15.954  0.100   15.741  0.060  
 104.364416667  13.5846861111  134   14.541  0.020   14.099  0.050   14.290  0.090   13.994  0.020   14.197  0.500  
 104.364945833       13.66725  135   15.393  0.010   14.385  0.040   14.886  0.050   14.075  0.020   13.957  0.450  
   104.3653875  13.4698416667  136   15.073  0.040   14.856  0.060   14.902  0.060   14.891  0.030   15.146  0.440  
     104.36785  13.6994527778  137   16.921  0.010   16.346  0.140   16.565  0.110   16.038  0.060   9999.000 99.990  
    104.367975  13.4388694444  138   16.594  0.090   15.938  0.070   16.375  0.020   15.905  0.080   9999.000 99.990  
   104.3700375      13.660975  139   16.362  0.060   15.681  0.090   15.953  0.010   15.396  0.020   15.213  0.090  
 104.370095833      13.499425  140   17.421  0.140   16.715  0.010   17.136  0.010   16.437  0.010   9999.000 99.990  
   104.3707375  13.5280694444  141   16.252  0.040   15.689  0.070   15.966  0.060   15.568  0.020   15.345  0.010  
     104.37085  13.5496111111  142   16.182  0.030   15.615  0.040   15.931  0.060   15.452  0.060   15.238  0.100  
 104.371541667  13.7247861111  143   13.766  0.020   13.027  0.020   13.386  0.060   12.797  0.010   12.854  0.510  
 104.373208333  13.5376166667  144   15.570  0.040   15.054  0.040   15.304  0.070   14.921  0.040   14.745  0.040  
   104.3734125  13.6496972222  145   16.616  0.050   16.074  0.040   16.277  0.050   16.080  0.020   15.887  0.060  
 104.373704167  13.4870388889  146   13.275  0.020   12.675  0.040   12.971  0.070   12.504  0.030   12.517  0.460  
 104.373866667       13.62265  147   16.718  0.030   16.072  0.050   16.407  0.050   15.953  0.030   16.270  0.770  
 104.373995833       13.70225  148   15.708  0.020   14.377  0.030   15.032  0.060   13.924  0.010   13.760  0.490  
 104.375454167  13.6629722222  149   15.763  0.030   15.175  0.030   15.445  0.050   15.044  0.050   15.205  0.640  
    104.375625  13.5666833333  150   13.435  0.010   12.922  0.020   13.144  0.070   12.806  0.010   12.952  0.520  
 104.375783333  13.5962222222  151   17.025  0.010   16.621  0.010   16.801  0.020   16.316  0.100   16.002  0.010  
   104.3759375  13.7345555556  152   15.823  0.020   15.085  0.040   15.423  0.070   14.877  0.020   14.684  0.040  
 104.376483333  13.4679388889  153   16.022  0.060   15.046  0.040   15.556  0.100   14.744  0.030   14.387  0.040  
 104.376645833      13.420675  154   13.809  0.010   13.467  0.040   13.643  0.010   13.419  0.010   13.357  0.010  
 104.377116667  13.7201611111  155   9999.000 99.990   14.996  0.030   15.356  0.010   14.986  0.010   9999.000 99.990  
 104.378704167  13.4423138889  156   16.419  0.050   15.306  0.060   15.911  0.090   14.946  0.030   14.629  0.080  
     104.38055  13.6526888889  157   14.801  0.020   13.682  0.030   14.220  0.060   13.334  0.010   13.221  0.520  
 104.380958333  13.6795777778  158   16.958  0.130   16.323  0.010   16.516  0.080   16.227  0.040   9999.000 99.990  
 104.382270833  13.5426027778  159   17.137  0.110   16.301  0.100   16.687  0.030   15.992  0.100   15.857  0.050  
   104.3825125  13.5875083333  160   15.301  0.030   14.654  0.010   14.928  0.010   14.514  0.010   9999.000 99.990  
 104.382516667  13.6172388889  161   16.722  0.070   15.975  0.010   16.406  0.010   15.725  0.010   15.750  0.010  
 104.382970833  13.4798027778  162   17.217  0.080   16.551  0.030   16.821  0.110   16.278  0.120   9999.000 99.990  
 104.383141667  13.4370277778  163   17.014  0.010   16.307  0.010   16.568  0.060   16.126  0.010   16.127  0.010  
 104.383141667  13.6983444444  164   17.521  0.370   16.936  0.140   17.265  0.010   16.479  0.010   9999.000 99.990  
 104.384616667  13.5169944444  165   15.525  0.050   15.181  0.040   15.305  0.090   15.170  0.050   15.341  0.270  
 104.385545833      13.504275  166   17.262  0.110   16.825  0.010   16.963  0.010   16.628  0.010   9999.000 99.990  
 104.386504167  13.6676472222  167   16.074  0.030   15.434  0.040   15.761  0.060   15.301  0.010   15.134  0.030  
    104.387575  13.4314638889  168   15.505  0.110   15.137  0.070   15.222  0.020   15.182  0.060   15.042  0.070  
   104.3880125  13.7286472222  169   15.808  0.020   15.265  0.020   15.503  0.020   15.122  0.030   15.288  0.550  
 104.388229167  13.6518222222  170   15.778  0.050   15.311  0.050   15.535  0.090   15.216  0.050   15.103  0.070  
 104.388345833  13.7446138889  171   15.066  0.040   14.052  0.020   14.542  0.070   13.717  0.020   13.363  0.010  
 104.390516667  13.4786111111  172   14.994  0.030   14.788  0.020   14.836  0.080   14.841  0.020   14.943  0.060  
    104.393025  13.7070027778  173   17.057  0.020   16.448  0.070   16.713  0.010   16.379  0.060   9999.000 99.990  
 104.393354167  13.4333972222  174   14.822  0.010   14.201  0.030   14.498  0.070   14.020  0.040   14.063  0.520  
   104.3940875  13.5786416667  175   14.719  0.030   14.053  0.040   14.367  0.060   13.864  0.010   13.932  0.490  
 104.394479167      13.591125  176   14.980  0.020   13.901  0.020   14.432  0.070   13.559  0.010   13.455  0.530  
 104.395195833  13.6781194444  177   17.517  0.010   16.818  0.010   17.243  0.060   16.350  0.020   16.186  0.010  
 104.396845833  13.6516083333  178   15.634  0.030   14.490  0.010   15.090  0.070   14.125  0.010   14.008  0.530  
   104.3972375  13.5240166667  179   16.355  0.130   15.189  0.050   15.844  0.100   14.708  0.040   14.551  0.530  
 104.398116667  13.4472027778  180   14.279  0.040   13.660  0.040   13.975  0.090   13.504  0.020   13.541  0.470  
 104.398229167  13.6390777778  181   15.776  0.030   15.247  0.050   15.430  0.010   15.139  0.010   15.241  0.490  
 104.398383333  13.5961111111  182   15.428  0.060   14.721  0.020   15.077  0.010   14.532  0.010   14.634  0.610  
 104.398854167        13.6676  183   16.755  0.050   16.277  0.100   16.443  0.040   16.125  0.030   15.972  0.190  
 104.399433333  13.5629888889  184   16.157  0.130   15.596  0.040   15.895  0.100   15.435  0.030   15.254  0.060  
      104.4002  13.4376638889  185   14.819  0.060   14.236  0.030   14.514  0.070   14.118  0.020   14.191  0.510  
 104.400966667  13.7379277778  186   15.463  0.020   14.816  0.030   15.144  0.010   14.596  0.030   14.427  0.100  
 104.402108333  13.4275583333  187   16.081  0.020   15.752  0.060   15.835  0.080   15.716  0.040   15.789  0.120  
 104.402491667  13.7359638889  188   15.463  0.020   14.816  0.030   15.144  0.010   14.596  0.030   14.427  0.100  
 104.402670833  13.4880638889  189   12.200  0.020   12.155  0.030   12.113  0.070   12.279  0.030   12.665  0.470  
 104.403795833  13.6602972222  190   15.841  0.020   15.486  0.050   15.658  0.080   15.528  0.020   15.568  0.010  
 104.405083333  13.6231194444  191   15.996  0.040   15.337  0.020   15.629  0.020   15.074  0.000   14.814  0.020  
 104.405333333  13.5085083333  192   17.541  0.140   16.844  0.010   17.293  0.010   16.997  0.010   9999.000 99.990  
 104.405708333  13.6058861111  193   16.313  0.070   15.688  0.090   16.010  0.080   15.593  0.050   15.389  0.140  
 104.407458333  13.6723694444  194   16.316  0.030   15.800  0.050   15.961  0.020   15.730  0.110   9999.000 99.990  
 104.407595833  13.5606444444  195   15.384  0.020   14.144  0.020   14.764  0.080   13.737  0.010   13.543  0.380  
 104.408379167  13.4208027778  196   15.377  0.040   14.821  0.050   15.094  0.090   14.714  0.030   14.783  0.490  
 104.408391667  13.6593361111  197   17.401  0.010   16.650  0.010   17.041  0.050   16.321  0.110   16.176  0.180  
 104.409520833  13.6489666667  198   15.326  0.030   14.820  0.030   15.052  0.080   14.650  0.010   14.764  0.510  
 104.409833333  13.6188305556  199   15.944  0.030   15.387  0.030   15.632  0.010   15.193  0.030   9999.000 99.990  
 104.409854167  13.4588555556  200   15.886  0.050   15.305  0.070   15.587  0.080   15.149  0.040   15.004  0.090  
 104.410054167  13.4388527778  201   14.359  0.030   13.300  0.020   13.820  0.070   12.965  0.020   12.815  0.460  
 104.410916667  13.4900888889  202   16.435  0.110   15.758  0.030   16.054  0.050   15.601  0.090   15.315  0.210  
 104.412341667  13.5208027778  203   13.742  0.020   13.366  0.040   13.533  0.070   13.330  0.030   13.488  0.490  
 104.413908333  13.6796166667  204   16.555  0.090   15.798  0.010   16.218  0.020   15.549  0.000   9999.000 99.990  
   104.4141125  13.6741805556  205   13.718  0.020   13.123  0.030   13.400  0.060   12.987  0.020   13.084  0.520  
 104.414133333  13.5287833333  206   14.398  0.030   13.511  0.030   13.953  0.070   13.227  0.040   13.203  0.490  
   104.4141375  13.6951833333  207   14.371  0.010   14.196  0.010   14.228  0.070   14.237  0.010   14.574  0.450  
 104.414279167  13.7169305556  208   17.294  0.050   16.803  0.150   17.005  0.110   16.627  0.010   17.004  0.010  
 104.415120833  13.5475277778  209   15.784  0.040   14.387  0.150   14.925  0.050   14.032  0.040   13.834  0.430  
   104.4156125  13.4318888889  210   15.222  0.040   14.631  0.030   14.920  0.080   14.515  0.030   14.569  0.540  
 104.415804167  13.6180833333  211   14.515  0.030   13.443  0.030   13.958  0.070   13.086  0.010   12.971  0.520  
 104.415916667  13.6288166667  212   13.886  0.010   13.272  0.020   13.554  0.060   13.117  0.010   13.228  0.510  
 104.416329167      13.562325  213   17.559  0.010   16.223  0.010   16.960  0.070   15.748  0.020   15.312  0.130  
 104.416491667  13.4649361111  214   15.783  0.040   15.110  0.030   15.469  0.100   14.920  0.050   14.749  0.030  
 104.417804167      13.457925  215   17.348  0.090   16.659  0.100   17.067  0.050   16.611  0.020   9999.000 99.990  
 104.419579167  13.4486138889  216   16.277  0.030   15.313  0.080   15.807  0.130   15.021  0.040   14.946  0.490  
   104.4212875  13.6648972222  217   16.340  0.050   15.236  0.050   15.777  0.080   14.883  0.020   14.474  0.000  
 104.421370833  13.4915166667  218   17.017  0.060   16.368  0.140   16.711  0.090   16.173  0.110   15.972  0.010  
    104.424475  13.4444472222  219   16.769  0.040   15.919  0.090   16.430  0.140   15.685  0.040   15.330  0.260  
 104.424604167  13.5484583333  220   15.294  0.030   14.820  0.030   15.072  0.080   14.766  0.030   14.606  0.150  
 104.424641667  13.6966583333  221   16.688  0.050   16.166  0.030   16.326  0.020   15.932  0.070   15.625  0.190  
 104.424816667  13.6852083333  222   15.432  0.030   14.582  0.020   15.004  0.070   14.280  0.010   14.238  0.510  
      104.4249  13.7119361111  223   13.193  0.020   12.689  0.030   12.923  0.070   12.568  0.010   12.695  0.480  
 104.425229167  13.6089527778  224   15.225  0.110   14.225  0.020   14.735  0.070   13.901  0.010   13.846  0.540  
   104.4260625      13.735775  225   16.248  0.050   15.759  0.040   16.001  0.090   15.614  0.030   15.470  0.230  
 104.426079167  13.6477361111  226   17.249  0.080   16.479  0.020   16.899  0.090   16.318  0.030   16.307  0.200  
 104.426904167       13.50425  227   17.369  0.120   16.530  0.010   17.067  0.010   16.290  0.010   16.001  0.010  
 104.427166667  13.4342583333  228   14.892  0.010   14.286  0.030   14.572  0.070   14.130  0.020   14.181  0.540  
   104.4279125  13.7254666667  229   16.948  0.060   16.393  0.080   16.574  0.060   16.278  0.040   15.977  0.250  
 104.428004167      13.485725  230   15.288  0.020   14.636  0.040   14.956  0.070   14.468  0.040   14.474  0.500  
 104.428633333  13.6202027778  231   15.408  0.030   14.308  0.030   14.844  0.090   13.962  0.010   13.850  0.500  
 104.429320833        13.6714  232   15.167  0.020   14.182  0.020   14.653  0.070   13.859  0.020   13.800  0.520  
 104.429991667  13.6156472222  233   16.243  0.100   15.626  0.100   15.997  0.060   15.422  0.090   15.189  0.010  
 104.430208333  13.6136972222  234   16.243  0.100   15.626  0.100   15.997  0.060   15.422  0.090   15.189  0.010  
 104.430933333  13.5355722222  235   16.032  0.050   15.537  0.010   9999.000 99.990   15.351  0.010   15.072  0.010  
 104.431491667  13.5383416667  236   16.307  0.010   15.259  0.040   15.769  0.010   15.091  0.010   15.429  0.010  
    104.433325  13.6797083333  237   16.387  0.110   15.654  0.090   16.025  0.070   15.469  0.030   15.291  0.060  
     104.43335  13.5652277778  238   15.307  0.080   14.729  0.060   15.011  0.190   14.579  0.080   14.759  0.660  
 104.433695833  13.5545444444  239   16.006  0.020   15.691  0.060   15.798  0.040   15.624  0.020   15.576  0.010  
 104.434679167  13.6997694444  240   14.558  0.020   13.346  0.010   13.950  0.080   12.933  0.010   12.748  0.500  
 104.434729167  13.7339888889  241   16.486  0.010   16.016  0.080   16.344  0.120   15.822  0.020   9999.000 99.990  
 104.434733333  13.4489722222  242   15.206  0.050   14.306  0.050   14.756  0.070   14.011  0.020   13.960  0.480  
    104.434975  13.4719611111  243   15.867  0.040   15.162  0.050   15.523  0.070   14.972  0.030   14.770  0.030  
   104.4365875  13.5161333333  244   18.096  0.260   17.229  0.070   17.557  0.070   17.066  0.020   16.425  0.100  
 104.437016667  13.5293805556  245   16.380  0.040   15.794  0.070   16.047  0.080   15.717  0.030   15.542  0.060  
 104.437145833  13.5199861111  246   14.396  0.030   13.951  0.020   14.152  0.060   13.868  0.020   13.790  0.070  
 104.438254167  13.5752777778  247   16.182  0.040   15.596  0.040   15.847  0.090   15.440  0.030   15.300  0.050  
 104.438508333      13.441225  248   16.673  0.040   15.998  0.070   16.318  0.120   15.839  0.020   15.662  0.060  
 104.439395833  13.4871888889  249   13.075  0.020   12.620  0.030   12.826  0.070   12.520  0.040   12.646  0.480  
 104.439508333  13.6460361111  250   16.844  0.070   15.890  0.080   16.369  0.010   15.566  0.060   15.277  0.170  
 104.440733333      13.430425  251   15.834  0.030   15.163  0.030   15.484  0.080   14.969  0.030   14.740  0.070  
      104.4418  13.7049166667  252   12.345  0.020   11.860  0.020   12.075  0.070   11.753  0.010   11.890  0.490  
     104.44285  13.7103555556  253   14.693  0.010   14.062  0.040   14.347  0.040   13.965  0.050   13.762  0.010  
 104.446179167  13.5627694444  254   14.149  0.020   13.079  0.020   13.598  0.070   12.734  0.010   12.638  0.500  
 104.446370833  13.4991333333  255   14.638  0.040   14.118  0.030   14.355  0.060   14.008  0.040   14.089  0.480  
 104.448941667  13.4831777778  256   12.762  0.020   12.369  0.020   12.543  0.070   12.316  0.030   12.470  0.470  
   104.4503875  13.4634666667  257   17.014  0.090   16.293  0.010   16.484  0.010   16.014  0.010   15.769  0.140  
 104.450979167  13.5952416667  258   15.982  0.060   14.775  0.010   15.384  0.070   14.373  0.020   14.235  0.630  
   104.4512125  13.5340694444  259   16.369  0.090   15.807  0.020   16.048  0.070   15.746  0.080   15.566  0.150  
 104.452641667  13.5116583333  260   14.192  0.030   13.532  0.030   13.847  0.070   13.346  0.030   13.359  0.480  
 104.453233333  13.5496555556  261   15.670  0.020   14.978  0.040   15.308  0.080   14.761  0.040   14.586  0.090  
 104.453870833       13.64245  262   16.745  0.060   16.077  0.060   16.413  0.000   15.934  0.050   15.690  0.010  
     104.45425  13.5414027778  263   16.867  0.020   16.283  0.100   16.561  0.060   16.165  0.080   16.265  0.200  
     104.45455  13.4314972222  264   17.020  0.080   16.430  0.120   16.736  0.150   16.318  0.110   9999.000 99.990  
 104.455270833  13.6363777778  265   17.617  0.020   16.857  0.080   17.224  0.230   16.752  0.250   9999.000 99.990  
 104.461291667  13.5113916667  266   18.279  0.270   16.972  0.010   17.366  0.010   16.524  0.010   9999.000 99.990  
    104.461625  13.5493138889  267   16.269  0.030   15.584  0.030   15.906  0.100   15.411  0.030   15.105  0.150  
     104.46165  13.5613833333  268   15.978  0.040   15.271  0.040   15.588  0.040   15.092  0.030   14.930  0.040  
 104.461816667  13.4932027778  269   17.419  0.160   17.010  0.010   17.396  0.040   17.063  0.090   9999.000 99.990  
    104.461975  13.4377194444  270   17.333  0.120   16.268  0.070   16.779  0.090   15.884  0.080   15.617  0.120  
   104.4620875  13.4542111111  271   14.642  0.040   14.193  0.030   14.398  0.080   14.101  0.030   14.206  0.460  
 104.462483333  13.5959722222  272   16.812  0.050   16.150  0.080   16.509  0.110   16.026  0.030   9999.000 99.990  
 104.463129167  13.4184694444  273   15.342  0.040   14.949  0.030   15.126  0.070   14.920  0.020   15.103  0.470  
 104.463620833  13.4703527778  274   16.058  0.110   15.426  0.050   15.739  0.100   15.283  0.060   15.411  0.510  
    104.463975  13.4683777778  275   16.058  0.110   15.426  0.050   15.739  0.100   15.283  0.060   15.411  0.510  
 104.466220833  13.4280416667  276   14.774  0.040   14.156  0.030   14.450  0.080   13.993  0.020   14.011  0.450  
 104.468508333  13.6512611111  277   14.387  0.020   13.996  0.030   14.170  0.060   13.922  0.010   14.098  0.490  
 104.468816667  13.4173333333  278   16.361  0.040   15.482  0.040   15.919  0.100   15.203  0.020   15.001  0.040  
 104.468858333  13.7352388889  279   17.548  0.300   16.357  0.050   17.012  0.010   15.770  0.030   9999.000 99.990  
 104.469370833      13.487075  280   13.084  0.010   12.501  0.030   12.781  0.080   12.357  0.030   12.416  0.480  
 104.470558333  13.4659833333  281   15.740  0.040   15.338  0.060   15.535  0.060   15.327  0.030   15.307  0.090  
 104.470879167  13.7124972222  282   16.161  0.040   15.641  0.010   15.827  0.000   15.442  0.080   15.391  0.010  
 104.471179167  13.4483583333  283   17.079  0.110   16.276  0.130   16.716  0.130   16.128  0.050   16.145  0.010  
 104.472429167  13.6312722222  284   11.737  0.020   11.368  0.030   11.523  0.070   11.325  0.010   11.549  0.490  
 104.472458333  13.4230916667  285   17.472  0.160   16.529  0.010   17.079  0.010   16.319  0.010   15.912  0.010  
 104.475329167  13.6123333333  286   14.615  0.040   13.097  0.020   13.854  0.070   12.550  0.010   12.246  0.540  
 104.475441667  13.6208361111  287   14.378  0.020   13.977  0.030   14.144  0.070   13.923  0.040   14.138  0.490  
 104.476041667  13.5583638889  288   15.287  0.060   14.517  0.050   14.931  0.040   14.269  0.040   14.013  0.010  
   104.4765875  13.6666055556  289   14.988  0.010   14.507  0.030   14.729  0.080   14.418  0.010   14.537  0.470  
 104.476733333  13.6461527778  290   15.049  0.020   14.659  0.030   14.829  0.080   14.624  0.050   14.857  0.640  
 104.477220833      13.682725  291   16.122  0.040   15.772  0.030   15.936  0.090   15.737  0.040   15.599  0.110  
 104.477433333  13.6318444444  292   15.754  0.030   15.185  0.010   15.221  0.010   14.810  0.010   14.376  0.010  
   104.4798375  13.4596583333  293   14.510  0.030   14.066  0.040   14.291  0.090   13.967  0.040   14.047  0.440  
 104.480158333  13.5641444444  294   16.613  0.120   16.033  0.040   16.296  0.070   15.851  0.090   15.806  0.080  
 104.480954167  13.5736138889  295   17.397  0.200   16.580  0.050   16.922  0.010   16.272  0.010   15.919  0.010  
 104.483216667  13.7003027778  296   16.446  0.050   15.963  0.070   16.176  0.090   15.794  0.070   15.671  0.150  
    104.483975  13.4180777778  297   15.833  0.030   15.316  0.040   15.570  0.080   15.140  0.040   15.004  0.120  
   104.4863375  13.4991666667  298   16.123  0.010   15.599  0.010   15.987  0.010   15.412  0.150   15.626  0.450  
 104.486654167      13.630275  299   14.067  0.020   13.428  0.020   13.731  0.080   13.258  0.020   13.315  0.490  
    104.487075  13.5387222222  300   16.435  0.060   15.954  0.100   16.185  0.130   15.891  0.090   15.767  0.100  
 104.487604167  13.5689638889  301   16.328  0.050   15.679  0.060   15.952  0.020   15.419  0.040   15.246  0.070  
 104.488004167  13.5172416667  302   16.499  0.050   15.831  0.090   16.326  0.110   15.688  0.060   15.504  0.050  
      104.4884  13.5626555556  303   14.614  0.020   13.291  0.010   13.956  0.070   12.816  0.010   12.534  0.480  
   104.4887125        13.5662  304   16.328  0.050   15.679  0.060   15.952  0.020   15.419  0.040   15.246  0.070  
 104.490029167      13.684075  305   15.541  0.040   14.935  0.030   15.212  0.080   14.798  0.020   14.710  0.050  
 104.492941667  13.5558611111  306   16.927  0.120   15.741  0.020   16.348  0.070   15.430  0.040   15.025  0.040  
 104.493595833  13.5325777778  307   16.313  0.110   15.614  0.070   15.972  0.070   15.482  0.070   15.364  0.210  
 104.493679167  13.5738777778  308   13.733  0.020   12.490  0.010   13.106  0.070   12.077  0.010   11.909  0.530  
   104.4943625  13.4808861111  309   15.656  0.130   15.002  0.100   15.342  0.010   14.789  0.010   14.726  0.090  
   104.4981375  13.4641194444  310   16.738  0.070   16.022  0.060   16.287  0.050   15.809  0.040   15.548  0.090  
      104.5021       13.42845  311   15.446  0.050   15.021  0.040   15.211  0.110   14.940  0.020   14.775  0.010  
 104.502316667  13.6719333333  312   14.972  0.050   13.950  0.010   14.454  0.070   13.614  0.010   13.522  0.470  
 104.502441667  13.5350694444  313   16.745  0.060   16.058  0.050   16.441  0.070   15.972  0.090   15.538  0.010  
 104.504854167  13.6111805556  314   17.406  0.010   16.915  0.010   17.144  0.010   16.543  0.120   9999.000 99.990  
 104.505295833  13.5943416667  315   15.600  0.010   14.949  0.030   15.245  0.080   14.777  0.010   14.638  0.050  
 104.508916667  13.7350972222  316   17.346  0.130   16.569  0.010   17.028  0.010   16.519  0.010   16.051  0.010  
 104.509533333  13.4262222222  317   14.740  0.040   13.006  0.020   13.890  0.080   12.365  0.010   11.627  0.490  
 104.509808333  13.7231333333  318   16.240  0.060   15.552  0.040   15.894  0.090   15.403  0.040   15.244  0.100  
 104.511420833  13.5508138889  319   17.159  0.160   16.243  0.020   16.676  0.030   15.912  0.050   15.583  0.300  
 104.512204167  13.7177944444  320   17.002  0.090   16.042  0.010   9999.000 99.990   15.900  0.010   15.601  0.010  
 104.513529167  13.5915388889  321   16.998  0.060   16.197  0.050   16.562  0.040   15.880  0.050   15.582  0.080  
 104.513758333  13.5605888889  322   17.470  0.060   16.429  0.080   16.935  0.020   16.198  0.080   16.077  0.050  
     104.51385  13.7109055556  323   15.053  0.010   14.390  0.030   14.739  0.100   14.207  0.030   13.987  0.020  
      104.5159  13.7307305556  324   15.712  0.060   15.042  0.040   15.394  0.090   14.888  0.050   14.723  0.020  
   104.5164875  13.6487166667  325   16.687  0.020   16.168  0.030   16.417  0.060   15.978  0.060   15.942  0.130  
 104.517466667  13.5309527778  326   14.406  0.030   13.419  0.050   13.894  0.050   13.087  0.050   12.969  0.470  
   104.5175625  13.4200416667  327   16.008  0.040   15.450  0.040   15.729  0.100   15.314  0.060   15.181  0.130  
   104.5175875      13.702675  328   14.830  0.020   14.293  0.010   14.556  0.070   14.150  0.020   14.212  0.400  
 104.518320833  13.4761027778  329   17.368  0.050   16.690  0.090   17.071  0.020   16.484  0.050   9999.000 99.990  
 104.519154167       13.57035  330   17.301  0.010   16.535  0.010   16.865  0.160   16.373  0.130   16.149  0.010  
 104.522004167  13.7365388889  331   14.888  0.030   14.354  0.040   14.622  0.080   14.210  0.010   14.116  0.030  
 104.522079167  13.5323916667  332   15.722  0.030   15.183  0.010   16.179  0.010   14.849  0.010   14.773  0.010  
   104.5225125  13.6301666667  333   17.543  0.010   16.617  0.010   17.018  0.030   16.480  0.150   16.281  0.010  
    104.523125  13.7151666667  334   17.055  0.070   16.322  0.100   16.636  0.020   16.138  0.020   16.097  0.300  
    104.525725  13.6514888889  335   15.783  0.050   15.135  0.040   15.443  0.090   15.013  0.020   14.825  0.040  
 104.526445833  13.5445055556  336   15.654  0.020   15.096  0.030   15.361  0.070   14.948  0.060   14.804  0.040  
 104.528729167      13.605275  337   16.057  0.030   15.472  0.060   15.714  0.070   15.308  0.040   15.177  0.080  
    104.530925  13.6704583333  338   15.006  0.020   13.871  0.020   14.433  0.090   13.498  0.010   13.401  0.530  
   104.5316875  13.6424055556  339   13.067  0.020   12.635  0.030   12.828  0.060   12.555  0.010   12.740  0.510  
      104.5327  13.7431972222  340   15.917  0.030   15.279  0.020   15.578  0.070   15.030  0.030   14.910  0.040  
 104.534054167  13.5750138889  341   16.536  0.030   16.082  0.070   16.271  0.110   15.885  0.050   15.664  0.080  
 104.534379167  13.6332694444  342   13.661  0.020   12.476  0.020   13.053  0.070   12.083  0.010   11.945  0.500  
 104.535220833      13.513575  343   14.599  0.020   13.295  0.030   13.949  0.070   12.871  0.030   12.637  0.480  
 104.536091667  13.7259805556  344   15.035  0.040   14.043  0.020   14.534  0.060   13.734  0.010   13.390  0.000  
 104.536166667  13.6058944444  345   17.584  0.120   16.884  0.110   17.099  0.010   16.724  0.010   9999.000 99.990  
 104.537141667  13.4211305556  346   16.628  0.120   15.985  0.040   16.290  0.080   15.874  0.050   15.870  0.030  
 104.537754167  13.4327083333  347   12.902  0.020   12.061  0.040   12.485  0.070   11.805  0.030   11.748  0.470  
 104.538116667  13.5479833333  348   17.123  0.100   16.386  0.130   16.720  0.050   16.275  0.050   16.211  0.010  
 104.538554167        13.6683  349   11.583  0.020   11.219  0.030   11.368  0.070   11.182  0.020   11.417  0.500  
     104.54065  13.5948805556  350   17.261  0.010   16.441  0.010   16.806  0.040   16.024  0.070   15.690  0.010  
 104.541454167  13.7317305556  351   16.192  0.060   15.691  0.040   15.886  0.040   15.523  0.070   15.381  0.030  
 104.543320833       13.55755  352   14.101  0.020   12.958  0.020   13.516  0.070   12.586  0.010   12.474  0.470  
 104.546408333  13.5711944444  353   14.519  0.030   13.404  0.020   13.952  0.070   13.028  0.010   12.917  0.530  
 104.547041667  13.6981861111  354   16.490  0.040   15.700  0.010   16.099  0.120   15.561  0.030   15.398  0.010  
 104.547566667  13.6827277778  355   15.519  0.050   14.938  0.040   15.214  0.070   14.765  0.040   14.645  0.020  
    104.548425  13.5128805556  356   15.409  0.010   14.312  0.010   15.022  0.150   13.887  0.030   13.744  0.530  
 104.548766667  13.7071833333  357   15.366  0.030   14.770  0.030   15.014  0.020   14.586  0.030   14.425  0.000  
 104.550141667  13.5360388889  358   15.785  0.040   15.138  0.030   15.455  0.090   14.924  0.030   14.766  0.110  
 104.553066667  13.5715916667  359   16.317  0.020   15.148  0.080   15.705  0.060   14.808  0.040   14.686  0.500  
 104.553370833  13.6491361111  360   16.693  0.030   16.114  0.060   16.404  0.070   15.944  0.040   9999.000 99.990  
 104.554295833  13.6708277778  361   12.583  0.020   11.991  0.020   12.266  0.060   11.838  0.010   11.936  0.500  
   104.5547125       13.60865  362   15.954  0.040   15.317  0.030   15.621  0.120   15.214  0.040   15.322  0.500  
 104.554783333  13.6247666667  363   17.113  0.220   15.975  0.010   16.545  0.110   15.727  0.040   15.473  0.090  
 104.554991667  13.5584833333  364   15.126  0.030   14.876  0.030   14.962  0.070   14.926  0.030   15.001  0.030  
 104.557441667  13.5990361111  365   15.864  0.170   15.399  0.020   15.659  0.070   15.266  0.020   15.411  0.530  
 104.557866667  13.6165277778  366   15.301  0.030   14.437  0.020   14.848  0.060   14.183  0.020   14.143  0.480  
 104.558433333  13.7395805556  367   15.019  0.010   14.713  0.030   14.861  0.080   14.662  0.050   14.691  0.080  
    104.560225       13.58125  368   15.721  0.040   15.255  0.030   15.476  0.080   15.177  0.040   15.315  0.450  
 104.560791667  13.6978916667  369   16.376  0.100   15.576  0.050   15.972  0.070   15.357  0.030   15.115  0.090  
 104.560995833       13.65955  370   16.441  0.120   15.896  0.050   16.133  0.110   15.675  0.030   15.548  0.160  
   104.5614125  13.4664277778  371   14.241  0.050   13.429  0.030   13.828  0.080   13.175  0.020   13.155  0.480  
 104.561595833  13.6445388889  372   14.725  0.030   13.674  0.020   14.189  0.070   13.344  0.010   13.258  0.520  
 104.562483333  13.5095083333  373   14.983  0.030   13.952  0.030   14.463  0.080   13.622  0.030   13.468  0.450  
 104.564695833  13.4542583333  374   16.979  0.160   15.885  0.070   16.399  0.020   15.390  0.010   14.959  0.070  
 104.565354167  13.7223444444  375   14.373  0.030   13.598  0.020   13.972  0.060   13.355  0.020   13.080  0.010  
 104.566141667  13.7092472222  376   16.369  0.110   15.749  0.050   16.029  0.000   15.493  0.010   15.449  0.010  
   104.5666625  13.4348305556  377   15.952  0.050   14.812  0.050   15.367  0.090   14.466  0.050   14.068  0.040  
      104.5667  13.5328111111  378   14.776  0.030   13.842  0.020   14.320  0.070   13.571  0.050   13.489  0.460  
      104.5673  13.7346861111  379   14.658  0.040   14.132  0.020   14.366  0.060   13.990  0.010   13.874  0.030  
     104.56825  13.6011194444  380   16.020  0.040   15.124  0.060   15.586  0.080   14.834  0.090   14.963  0.760  
    104.569075  13.6862611111  381   15.247  0.010   14.289  0.010   14.763  0.070   13.967  0.010   13.966  0.540  
 104.569591667  13.4827277778  382   15.155  0.030   14.078  0.040   14.612  0.070   13.747  0.030   13.609  0.490  
      104.5706  13.5725888889  383   16.348  0.070   15.328  0.090   15.844  0.060   14.950  0.040   14.668  0.020  
 104.570920833  13.6259888889  384   16.494  0.050   15.614  0.070   16.041  0.070   15.339  0.020   15.385  0.340  
   104.5709375  13.5627083333  385   15.113  0.040   14.782  0.040   14.919  0.080   14.779  0.020   14.779  0.020  
 104.571854167  13.5378111111  386   14.510  0.040   13.345  0.030   13.936  0.070   12.974  0.040   12.802  0.470  
 104.572666667      13.743575  387   16.146  0.020   15.734  0.060   15.905  0.050   15.573  0.030   15.277  0.350  
 104.574845833  13.7029638889  388   15.742  0.060   14.967  0.040   15.331  0.050   14.757  0.030   14.547  0.030  
 104.576591667  13.4985472222  389   17.306  0.290   16.682  0.040   16.966  0.100   16.373  0.020   16.472  0.010  
 104.576741667  13.5689611111  390   14.580  0.020   13.806  0.050   14.205  0.060   13.548  0.020   13.652  0.580  
   104.5770875  13.5780305556  391   13.500  0.020   12.417  0.030   12.951  0.080   12.073  0.010   12.004  0.530  
    104.577575  13.6905166667  392   11.363  0.010   10.833  0.020   11.082  0.070   10.719  0.010   10.869  0.500  
 104.578658333  13.5818111111  393   15.739  0.200   15.145  0.210   15.637  0.010   15.104  0.010   9999.000 99.990  
     104.57945  13.5872444444  394   16.513  0.090   15.791  0.010   16.041  0.050   15.561  0.040   15.376  0.170  
 104.584816667  13.6367166667  395   17.663  0.160   16.472  0.010   17.001  0.010   16.203  0.010   9999.000 99.990  
 104.584958333  13.6110138889  396   17.149  0.080   16.679  0.090   16.913  0.040   16.438  0.100   9999.000 99.990  
    104.586275  13.5314138889  397   13.636  0.020   13.008  0.030   13.319  0.070   12.852  0.040   12.867  0.470  
   104.5863125  13.6601111111  398   16.562  0.030   15.945  0.040   16.201  0.050   15.733  0.020   9999.000 99.990  
 104.588304167      13.492225  399   16.572  0.090   15.358  0.020   16.075  0.090   14.826  0.020   14.508  0.460  
   104.5889125  13.5029166667  400   16.755  0.050   16.200  0.040   16.472  0.100   16.057  0.070   9999.000 99.990  
 104.590058333        13.5046  401   16.755  0.050   16.200  0.040   16.472  0.100   16.057  0.070   9999.000 99.990  
 104.590720833  13.6556694444  402   16.001  0.070   15.316  0.030   15.645  0.030   15.156  0.020   14.994  0.110  
 104.590916667  13.7331972222  403   17.167  0.060   16.416  0.150   16.805  0.110   16.006  0.080   15.763  0.160  
 104.591266667  13.6428055556  404   16.936  0.010   16.160  0.010   16.676  0.120   15.981  0.010   9999.000 99.990  
 104.591520833      13.671975  405   13.305  0.020   12.676  0.020   12.972  0.060   12.515  0.010   12.642  0.510  
   104.5915375  13.5658833333  406   15.536  0.040   14.694  0.030   15.103  0.060   14.448  0.030   14.201  0.020  
 104.591558333  13.6998333333  407   15.840  0.030   15.295  0.020   15.518  0.090   15.148  0.040   15.046  0.050  
 104.592616667  13.5882527778  408   12.474  0.010   11.979  0.030   12.202  0.070   11.873  0.010   12.030  0.500  
      104.5971  13.6374333333  409   17.208  0.010   16.775  0.010   16.826  0.050   16.628  0.010   9999.000 99.990  
    104.598325  13.6702527778  410   15.758  0.020   15.124  0.020   15.468  0.090   14.929  0.050   15.397  0.900  
 104.598708333  13.6179638889  411   16.226  0.070   15.259  0.060   15.974  0.170   15.022  0.200   14.592  0.040  
 104.599404167  13.5177472222  412   16.475  0.080   15.419  0.080   15.990  0.060   15.019  0.080   14.740  0.450  
 104.599516667  13.6155694444  413   16.274  0.000   15.250  0.090   15.746  0.050   14.902  0.000   14.632  0.010  
 104.600233333  13.6771972222  414   16.417  0.070   15.268  0.050   15.853  0.090   14.882  0.010   14.618  0.440  
 104.600329167  13.6415638889  415   16.636  0.060   15.996  0.050   16.367  0.050   15.845  0.060   15.764  0.350  
