# BEGIN CATALOG HEADER
# nfields 11
#     id 1 0 c INDEF %15s
#     ra 2 0 d degrees %10.5f
#     dec 3 0 d degrees %10.5f
#     magr  4 0 r INDEF %6.2f
#     maggr 5 0 r INDEF %6.2f
#     magug 6 0 r INDEF %6.2f
#     magri 7 0 r INDEF %6.2f
#     magiz 8 0 r INDEF %6.2f
# END CATALOG HEADER
#
1  40.426112 -0.061155 13.289 0.863 9999 0.086 9999
2  40.436675 0.111371  12.811 0.386 9999 -0.025 9999
3  40.440511 0.075043  13.890 0.53  9999 -0.037 9999
4  40.442938 -0.090722 16.043 0.437 9999 -9982.96 9999
5  40.445261 -0.1214   14.440 0.517 9999 0.251 9999
6  40.446182 0.228684  16.297 0.414 9999 0.274 9999
7  40.455011 0.124401  15.065 0.444 9999 -0.105 9999
8  40.456012 0.058666  15.301 0.738 9999 0.377 9999
9  40.457886 0.214577  14.886 0.539 9999 0.261 9999
10 40.461578 0.080577  14.613 0.459 9999 0.062 9999
11 40.463745 -0.110883 15.244 0.525 9999 0.294 9999
12 40.470506 0.036787  15.833 1.055 9999 0.141 9999
13 40.485635 -0.201556 15.127 0.613 9999 0.241 9999
14 40.492013 0.119979  12.761 0.404 9999 -0.041 9999
15 40.499792 -0.015383 14.732 0.992 9999 0.191 9999
16 40.50685 -0.21794   15.235 1.338 9999 0.692 9999
17 40.523184 0.020281  14.827 0.461 9999 0.102 9999
18 40.52593 0.232618   15.670 0.509 9999 0.313 9999
19 40.530698 -0.244161 16.149 0.74 9999 0.115 9999
20 40.534582 -0.127155 13.837 1.259 9999 0.689 9999
21 40.537306 -0.092481 12.902 0.417 9999 -0.025 9999
22 40.538104 0.098829  11.515 0.662 9999 0.112 9999
23 40.53922 -0.245745  14.344 0.431 9999 0.104 9999
24 40.543427 0.175937  14.774 1.176 9999 0.418 9999
25 40.552421 -0.126177 13.538 0.442 9999 0.153 9999
26 40.559698 -0.252474 14.886 0.934 9999 0.38 9999
27 40.563813 0.006326  15.322 0.991 9999 0.355 9999
28 40.568133 0.22265   16.325 0.636 9999 -9982.67 9999
29 40.574542 0.12581   15.742 0.693 9999 0.484 9999
30 40.576171 -0.136174 14.334 0.445 9999 -0.018 9999
31 40.580069 0.130933  14.640 0.555 9999 0.189 9999
32 40.587112 -0.106443 13.855 0.384 9999 -0.096 9999
33 40.594797 0.1682    14.773 0.603 9999 0.13 9999
34 40.601113 0.107916  13.499 0.695 9999 0.062 9999
35 40.609459 0.108696  13.877 0.45 9999 -0.01 9999
36 40.613413 -0.043621 14.211 0.508 9999 0.019 9999
37 40.616752 0.172142  13.705 0.434 9999 0.116 9999
38 40.618086 -0.223913 12.085 0.687 9999 0.091 9999
39 40.620215 0.140877  13.642 1.014 9999 0.357 9999
40 40.636152 -0.006538 15.717 1.077 9999 0.426 9999
41 40.639863 -0.170502 14.006 0.525 9999 -0.119 9999
42 40.645471 0.10108   14.146 0.486 9999 0.17 9999
43 40.651465 -0.208892 15.159 0.51 9999 0.194 9999
44 40.654103 -0.122556 11.857 0.98 9999 0.197 9999
45 40.667906 -0.225114 13.875 0.699 9999 0.05 9999
46 40.669625 -0.185468 14.513 0.802 9999 0.256 9999
47 40.670262 0.088287  15.703 1.348 9999 0.652 9999
48 40.67709 0.158614   14.679 0.646 9999 0.23 9999
49 40.679194 -0.187748 14.095 0.66 9999 0.217 9999
50 40.680098 -0.115068 14.750 0.789 9999 0.268 9999
51 40.685147 -0.109353 12.049 0.772 9999 0.16 9999
52 40.690172 0.051699 12.943 0.365 9999 -0.03 9999
53 40.691598 -0.023247 10.644 0.42 9999 -0.053 9999
54 40.692451 -0.20572 11.861 0.465 9999 -0.041 9999
55 40.719835 0.132193 15.516 0.775 9999 0.307 9999
56 40.726522 -0.054322 13.986 0.506 9999 0.193 9999
57 40.736922 -0.111921 15.264 0.835 9999 0.342 9999
58 40.738041 -0.025826 14.014 0.484 9999 0.014 9999
59 40.743061 -0.088781 12.949 0.596 9999 -0.013 9999
60 40.744554 0.184497 15.520 0.125 9999 0.1 9999
61 40.745853 -0.125595 13.964 0.493 9999 0.145 9999
62 40.747942 -0.015831 11.968 0.569 9999 0.004 9999
63 40.751565 -0.206428 12.678 0.404 9999 -0.039 9999
64 40.768663 -0.174441 15.102 0.466 9999 0.257 9999
65 40.769079 0.218175 12.553 0.537 9999 0.166 9999
66 40.774709 -0.103318 11.071 0.432 9999 -0.033 9999
67 40.782199 -0.154577 16.100 0.426 9999 -9982.9 9999
68 40.791033 0.215451 12.008 -0.062 9999 -0.13 9999
69 40.794863 0.15228 14.120 0.436 9999 0.147 9999
70 40.796231 0.138883 14.783 0.577 9999 0.239 9999
71 40.800547 -0.16129 15.868 0.705 9999 0.407 9999
72 40.801184 0.040981 15.731 0.948 9999 0.436 9999
73 40.804479 -0.19228 14.592 0.469 9999 0.172 9999
74 40.80513 -0.197637 15.503 0.753 9999 0.234 9999
75 40.818565 -0.036635 12.750 0.664 9999 0.08 9999
76 40.840048 0.077745 11.631 1.119 9999 0.461 9999
77 40.842733 -0.081319 14.648 0.969 9999 0.342 9999
78 40.847402 0.159378 14.733 1.179 9999 0.533 9999
79 40.860184 0.054601 11.183 0.198 9999 -0.147 9999
80 40.861627 0.216095 14.636 0.54 9999 0.177 9999
81 40.866889 -0.148905 14.500 0.257 9999 -0.135 9999
82 40.86701 -0.148925 14.506 0.318 9999 0.066 9999
83 40.868611 -0.219537 13.754 0.495 9999 -0.057 9999
84 40.872061 -0.256637 14.406 0.732 9999 0.28 9999
85 40.894947 -0.237183 15.110 0.609 9999 0.169 9999
86 40.895354 0.222729 14.675 0.454 9999 0.113 9999
87 40.910142 0.164682 15.529 0.564 9999 0.295 9999
88 40.910377 0.093879 14.283 0.543 9999 0.188 9999
89 40.916014 -0.061752 15.450 0.441 9999 -0.06 9999
90 40.916426 0.134287 15.496 0.587 9999 0.118 9999
91 40.917484 0.238595 10.872 0.38 9999 0.091 9999
