1140.33 10.80777    10
1140.92 10.83462    10
1141.5 10.84651    10
1142.09 10.83195    10
1142.67 10.82741    10
1143.26 10.82278    10
1143.84 10.81837    10
1144.42 10.80352    10
1145.01 10.79202    10
1145.59 10.79287    10
1146.18 10.79219    10
1146.76 10.77788    10
1147.34 10.77172    10
1147.93 10.77652    10
1148.51 10.78672    10
1149.1 10.79258    10
1149.68 10.80305    10
1150.26 10.80347    10
1150.85 10.80907    10
1151.43 10.81757    10
1152.02 10.81623    10
1152.6 10.81548    10
1153.18 10.81273    10
1153.77 10.81657    10
1154.35 10.81393    10
1154.94 10.81118    10
1155.52 10.81116    10
1156.11 10.8118    10
1156.69 10.81136    10
1157.27 10.81219    10
1157.86 10.81326    10
1158.44 10.81466    10
1159.03 10.81696    10
1159.61 10.8117    10
1160.19 10.81459    10
1160.78 10.81599    10
1161.36 10.81807    10
1161.95 10.82365    10
1162.53 10.82738    10
1163.11 10.82439    10
1163.7 10.82067    10
1164.28 10.81907    10
1164.87 10.82356    10
1165.45 10.83224    10
1166.03 10.83612    10
1166.62 10.84232    10
1167.2 10.8508    10
1167.79 10.85328    10
1168.37 10.85313    10
1168.95 10.85101    10
1169.54 10.85188    10
1170.12 10.85846    10
1170.71 10.86171    10
1171.29 10.85764    10
1171.88 10.85519    10
1172.46 10.85063    10
1173.04 10.84992    10
1173.63 10.84985    10
1174.21 10.84437    10
1174.8 10.84783    10
1175.38 10.85026    10
1175.96 10.8572    10
1176.55 10.85526    10
1177.13 10.86272    10
1177.72 10.86547    10
1178.3 10.87016    10
1178.88 10.8759    10
1179.47 10.88305    10
1180.05 10.88709    10
1180.64 10.8883    10
1181.22 10.88891    10
1181.8 10.89338    10
1182.39 10.88957    10
1182.97 10.90156    10
1183.56 10.90429    10
1184.14 10.90584    10
1184.72 10.90952    10
1185.31 10.91314    10
1185.89 10.91504    10
1186.48 10.92249    10
1187.06 10.92334    10
1187.65 10.92728    10
1188.23 10.92909    10
1188.81 10.93335    10
1189.4 10.93993    10
1189.98 10.94735    10
1190.57 10.95428    10
1191.15 10.96146    10
1191.73 10.96229    10
1192.32 10.97192    10
1192.9 10.97309    10
1193.49 10.98895    10
1194.07 10.99822    10
1194.65 11.00896    10
1195.24 11.02139    10
1195.82 11.02696    10
1196.41 11.03485    10
1196.99 11.04258    10
1197.57 11.06565    10
1198.16 11.09015    10
1198.74 11.11325    10
1199.33 11.13161    10
1199.91 11.15984    10
1200.49 11.17406    10
1201.08 11.18476    10
1201.66 11.20143    10
1202.25 11.22476    10
1202.83 11.25595    10
1203.41 11.27809    10
1204. 11.30481    10
1204.58 11.34358    10
1205.17 11.38468    10
1205.75 11.42255    10
1206.33 11.46337    10
1206.92 11.50877    10
1207.5 11.55748    10
1208.09 11.61177    10
1208.67 11.67375    10
1209.25 11.73664    10
1209.84 11.80529    10
1210.42 11.88122    10
1211.01 11.96273    10
1211.59 12.04846    10
1212.17 12.14183    10
1212.76 12.2431    10
1213.34 12.35455    10
1213.93 12.47107    10
1214.51 12.60069    10
1215.09 12.72403    10
1215.68 12.77276    10
1216.26 12.721    10
1216.85 12.59795    10
1217.43 12.47794    10
1218.02 12.36966    10
1218.6 12.25817    10
1219.18 12.15781    10
1219.77 12.06551    10
1220.35 11.9802    10
1220.94 11.89925    10
1221.52 11.82211    10
1222.1 11.76439    10
1222.69 11.70337    10
1223.27 11.64238    10
1223.86 11.59103    10
1224.44 11.54788    10
1225.02 11.49919    10
1225.61 11.45638    10
1226.19 11.42034    10
1226.78 11.38125    10
1227.36 11.3499    10
1227.94 11.31537    10
1228.53 11.29149    10
1229.11 11.26355    10
1229.7 11.24394    10
1230.28 11.21728    10
1230.86 11.2003    10
1231.45 11.16887    10
1232.03 11.14937    10
1232.62 11.12968    10
1233.2 11.11485    10
1233.78 11.10199    10
1234.37 11.08465    10
1234.95 11.07124    10
1235.54 11.05645    10
1236.12 11.04824    10
1236.7 11.03248    10
1237.29 11.01643    10
1237.87 11.01055    10
1238.46 11.00944    10
1239.04 11.00633    10
1239.62 10.99327    10
1240.21 10.98298    10
1240.79 10.9784    10
1241.38 10.97375    10
1241.96 10.97285    10
1242.54 10.96672    10
1243.13 10.95988    10
1243.71 10.95839    10
1244.3 10.95713    10
1244.88 10.95351    10
1245.46 10.95717    10
1246.05 10.95058    10
1246.63 10.95356    10
1247.22 10.94384    10
1247.8 10.95174    10
1248.38 10.945    10
1248.97 10.94031    10
1249.55 10.94349    10
1250.14 10.94247    10
1250.72 10.93727    10
1251.3 10.93441    10
1251.89 10.93631    10
1252.47 10.93824    10
1253.06 10.93195    10
1253.64 10.9266    10
1254.22 10.93172    10
1254.81 10.93541    10
1255.39 10.94115    10
1255.98 10.93476    10
1256.56 10.93331    10
1257.14 10.92504    10
1257.73 10.93921    10
1258.31 10.93443    10
1258.9 10.93869    10
1259.48 10.9348    10
1260.06 10.94797    10
1260.65 10.93245    10
1261.23 10.93835    10
1261.82 10.92704    10
1262.4 10.93202    10
1262.98 10.92359    10
1263.57 10.92847    10
1264.15 10.9255    10
1264.74 10.92373    10
1265.32 10.92881    10
1265.9 10.93354    10
1266.49 10.93381    10
1267.07 10.93278    10
1267.66 10.92905    10
1268.24 10.93357    10
1268.82 10.93039    10
1269.41 10.93059    10
1269.99 10.92869    10
1270.57 10.93365    10
1271.16 10.92344    10
1271.74 10.93078    10
1272.33 10.92628    10
1272.91 10.9358    10
1273.49 10.93061    10
1274.08 10.93052    10
1274.66 10.92831    10
1275.25 10.93174    10
1275.83 10.93589    10
1276.41 10.93652    10
1277. 10.93609    10
1277.58 10.93881    10
1278.17 10.9321    10
1278.75 10.93938    10
1279.33 10.93858    10
1279.92 10.9331    10
1280.5 10.94231    10
1281.09 10.93719    10
1281.67 10.93947    10
1282.25 10.93935    10
1282.84 10.94057    10
1283.42 10.93305    10
1284.01 10.93116    10
1284.59 10.93586    10
1285.17 10.93402    10
1285.76 10.92875    10
1286.34 10.93403    10
1286.93 10.93671    10
1287.51 10.94217    10
1288.09 10.93573    10
1288.68 10.9347    10
1289.26 10.93961    10
1289.85 10.94197    10
1290.43 10.94333    10
1291.01 10.94422    10
1291.6 10.94247    10
1292.18 10.9434    10
1292.77 10.94783    10
1293.35 10.9439    10
1293.93 10.9474    10
1294.52 10.94693    10
1295.1 10.95353    10
1295.69 10.94564    10
1296.27 10.94892    10
1296.85 10.94142    10
1297.44 10.95381    10
1298.02 10.9385    10
1298.6 10.9492    10
1299.19 10.94171    10
1299.77 10.94613    10
1300.36 10.943    10
1300.94 10.95254    10
1301.52 10.95113    10
1302.11 10.96583    10
1302.69 10.95662    10
1303.28 10.95552    10
1303.86 10.95068    10
1304.44 10.95318    10
1305.03 10.95052    10
1305.61 10.95491    10
1306.2 10.94585    10
1306.78 10.95346    10
1307.36 10.9511    10
1307.95 10.95451    10
1308.53 10.95668    10
1309.12 10.96444    10
1309.7 10.95937    10
1310.28 10.96659    10
1310.87 10.96645    10
1311.45 10.96778    10
1312.04 10.96597    10
1312.62 10.96714    10
1313.2 10.96422    10
1313.79 10.9692    10
1314.37 10.96593    10
1314.96 10.96332    10
1315.54 10.96664    10
1316.12 10.96749    10
1316.71 10.96227    10
1317.29 10.96392    10
1317.87 10.95898    10
1318.46 10.96427    10
1319.04 10.96737    10
1319.63 10.96762    10
1320.21 10.97504    10
1320.79 10.96711    10
1321.38 10.97667    10
1321.96 10.97524    10
1322.55 10.9724    10
1323.13 10.96608    10
1323.71 10.9761    10
1324.3 10.9781    10
1324.88 10.97153    10
1325.47 10.97446    10
1326.05 10.97338    10
1326.63 10.97636    10
1327.22 10.98197    10
1327.8 10.97224    10
1328.39 10.9693    10
1328.97 10.98045    10
1329.55 10.9756    10
1330.14 10.98006    10
1330.72 10.97712    10
1331.3 10.97869    10
1331.89 10.98341    10
1332.47 10.99094    10
1333.06 10.99631    10
1333.64 10.99977    10
1334.22 11.01286    10
1334.81 11.01203    10
1335.39 10.99309    10
1335.98 10.99587    10
1336.56 10.98663    10
1337.14 10.99443    10
1337.73 10.98265    10
1338.31 10.98897    10
1338.9 10.98628    10
1339.48 10.98659    10
1340.06 10.98006    10
1340.65 10.99401    10
1341.23 10.99244    10
1341.82 10.99113    10
1342.4 10.98756    10
1342.98 10.99576    10
1343.57 10.9913    10
1344.15 10.99626    10
1344.73 10.99051    10
1345.32 10.99091    10
1345.9 10.99335    10
1346.49 10.9933    10
1347.07 10.98943    10
1347.65 10.99228    10
1348.24 10.99459    10
1348.82 10.99629    10
1349.41 10.9998    10
1349.99 10.9975    10
1350.57 10.99461    10
1351.16 11.00027    10
1351.74 10.99971    10
1352.33 11.00197    10
1352.91 11.00113    10
1353.49 11.0031    10
1354.08 11.00169    10
1354.66 11.0032    10
1355.24 11.00287    10
1355.83 11.00174    10
1356.41 11.00123    10
1357. 11.00278    10
1357.58 11.00148    10
1358.16 11.00162    10
1358.75 11.00127    10
1359.33 11.00411    10
1359.92 11.00936    10
1360.5 11.00029    10
1361.08 11.00718    10
1361.67 11.00896    10
1362.25 11.00766    10
1362.84 11.00316    10
1363.42 11.00603    10
1364. 11.00989    10
1364.59 11.01424    10
1365.17 11.01492    10
1365.75 11.01178    10
1366.34 11.00956    10
1366.92 11.01645    10
1367.51 11.01324    10
1368.09 11.01455    10
1368.67 11.01144    10
1369.26 11.01999    10
1369.84 11.02094    10
1370.43 11.0179    10
1371.01 11.01487    10
1371.59 11.01888    10
1372.18 11.02011    10
1372.76 11.0217    10
1373.35 11.02608    10
1373.93 11.02042    10
1374.51 11.02318    10
1375.1 11.01372    10
1375.68 11.02647    10
1376.26 11.01954    10
1376.85 11.02103    10
1377.43 11.02181    10
1378.02 11.02735    10
1378.6 11.02986    10
1379.18 11.02592    10
1379.77 11.02031    10
1380.35 11.03265    10
1380.94 11.02578    10
1381.52 11.02948    10
1382.1 11.02582    10
1382.69 11.02456    10
1383.27 11.02423    10
1383.85 11.03357    10
1384.44 11.03393    10
1385.02 11.03247    10
1385.61 11.03313    10
1386.19 11.03367    10
1386.77 11.03127    10
1387.36 11.03228    10
1387.94 11.03073    10
1388.53 11.03673    10
1389.11 11.03153    10
1389.69 11.03407    10
1390.28 11.03815    10
1390.86 11.03704    10
1391.44 11.03423    10
1392.03 11.03547    10
1392.61 11.03753    10
1393.2 11.04535    10
1393.78 11.03791    10
1394.36 11.04329    10
1394.95 11.04404    10
1395.53 11.04273    10
1396.12 11.04024    10
1396.7 11.04401    10
1397.28 11.04469    10
1397.87 11.03716    10
1398.45 11.03844    10
1399.04 11.04012    10
1399.62 11.04417    10
1400.2 11.03924    10
1400.79 11.04552    10
1401.37 11.04519    10
1401.95 11.0445    10
1402.54 11.042    10
1403.12 11.04546    10
1403.71 11.0463    10
1404.29 11.04448    10
1404.87 11.04874    10
1405.46 11.0484    10
1406.04 11.05045    10
1406.62 11.05622    10
1407.21 11.05479    10
1407.79 11.05233    10
1408.38 11.05293    10
1408.96 11.04886    10
1409.54 11.05511    10
1410.13 11.05065    10
1410.71 11.04997    10
1411.3 11.04828    10
1411.88 11.04864    10
1412.46 11.05251    10
1413.05 11.05376    10
1413.63 11.05392    10
1414.21 11.05366    10
1414.8 11.05323    10
1415.38 11.05788    10
1415.97 11.06    10
1416.55 11.06214    10
1417.13 11.05822    10
1417.72 11.06088    10
1418.3 11.06373    10
1418.89 11.06443    10
1419.47 11.06135    10
1420.05 11.06979    10
1420.64 11.069    10
1421.22 11.07227    10
1421.8 11.07138    10
1422.39 11.0752    10
1422.97 11.07535    10
1423.56 11.07064    10
1424.14 11.07389    10
1424.72 11.07165    10
1425.31 11.06993    10
1425.89 11.07046    10
1426.48 11.06474    10
1427.06 11.06917    10
1427.64 11.0703    10
1428.23 11.07027    10
1428.81 11.06863    10
1429.39 11.0708    10
1429.98 11.07056    10
1430.56 11.07533    10
1431.15 11.07504    10
1431.73 11.07636    10
1432.31 11.0746    10
1432.9 11.07293    10
1433.48 11.07984    10
1434.06 11.07913    10
1434.65 11.07619    10
1435.23 11.07266    10
1435.82 11.07641    10
1436.4 11.07859    10
1436.98 11.07955    10
1437.57 11.07793    10
1438.15 11.078    10
1438.74 11.08124    10
1439.32 11.08727    10
1439.9 11.08083    10
1440.49 11.08691    10
1441.07 11.08508    10
1441.65 11.08155    10
1442.24 11.08601    10
1442.82 11.0825    10
1443.41 11.08217    10
1443.99 11.08389    10
1444.57 11.08517    10
1445.16 11.07914    10
1445.74 11.08476    10
1446.32 11.08872    10
1446.91 11.0863    10
1447.49 11.08197    10
1448.08 11.08921    10
1448.66 11.08942    10
1449.24 11.08975    10
1449.83 11.08699    10
1450.41 11.09333    10
1451. 11.09279    10
1451.58 11.09146    10
1452.16 11.09151    10
1452.75 11.09058    10
1453.33 11.08954    10
1453.91 11.09109    10
1454.5 11.09402    10
1455.08 11.10267    10
1455.67 11.09766    10
1456.25 11.09988    10
1456.83 11.09534    10
1457.42 11.09988    10
1458. 11.09855    10
1458.58 11.10026    10
1459.17 11.09815    10
1459.75 11.10203    10
1460.34 11.10062    10
1460.92 11.10428    10
1461.5 11.11033    10
1462.09 11.10697    10
1462.67 11.10151    10
1463.25 11.10082    10
1463.84 11.10165    10
1464.42 11.09944    10
1465.01 11.10577    10
1465.59 11.10503    10
1466.17 11.10329    10
1466.76 11.10306    10
1467.34 11.10368    10
1467.93 11.10484    10
1468.51 11.1032    10
1469.09 11.10503    10
1469.68 11.10522    10
1470.26 11.10622    10
1470.84 11.10638    10
1471.43 11.10898    10
1472.01 11.1107    10
1472.6 11.10924    10
1473.18 11.11253    10
1473.76 11.11633    10
1474.35 11.11443    10
1474.93 11.11316    10
1475.51 11.1123    10
1476.1 11.11732    10
1476.68 11.11951    10
1477.27 11.11208    10
1477.85 11.11238    10
1478.43 11.1156    10
1479.02 11.11735    10
1479.6 11.11412    10
1480.18 11.11468    10
1480.77 11.11168    10
1481.35 11.11938    10
1481.94 11.12178    10
1482.52 11.11613    10
1483.1 11.11909    10
1483.69 11.11669    10
1484.27 11.11707    10
1484.85 11.1158    10
1485.44 11.12276    10
1486.02 11.12807    10
1486.61 11.12733    10
1487.19 11.1258    10
1487.77 11.13013    10
1488.36 11.12733    10
1488.94 11.12449    10
1489.52 11.12451    10
1490.11 11.12677    10
1490.69 11.12893    10
1491.28 11.13455    10
1491.86 11.13699    10
1492.44 11.13628    10
1493.03 11.1382    10
1493.61 11.13622    10
1494.19 11.13045    10
1494.78 11.13294    10
1495.36 11.13438    10
1495.95 11.13606    10
1496.53 11.13369    10
1497.11 11.13495    10
1497.7 11.13288    10
1498.28 11.14072    10
1498.86 11.13547    10
1499.45 11.13346    10
1500.03 11.13179    10
1500.62 11.13438    10
1501.2 11.13706    10
1501.78 11.13828    10
1502.37 11.1389    10
1502.95 11.14386    10
1503.53 11.14788    10
1504.12 11.14314    10
1504.7 11.14341    10
1505.29 11.15081    10
1505.87 11.14945    10
1506.45 11.1479    10
1507.04 11.15174    10
1507.62 11.14315    10
1508.2 11.14225    10
1508.79 11.14413    10
1509.37 11.14141    10
1509.96 11.14578    10
1510.54 11.14488    10
1511.12 11.14352    10
1511.71 11.14202    10
1512.29 11.14282    10
1512.87 11.14219    10
1513.46 11.1454    10
1514.04 11.14326    10
1514.63 11.14405    10
1515.21 11.14709    10
1515.79 11.14857    10
1516.38 11.14806    10
1516.96 11.15352    10
1517.54 11.15309    10
1518.13 11.14999    10
1518.71 11.15115    10
1519.3 11.15556    10
1519.88 11.15347    10
1520.46 11.15485    10
1521.05 11.1536    10
1521.63 11.15464    10
1522.21 11.16059    10
1522.8 11.1605    10
1523.38 11.1551    10
1523.97 11.15809    10
1524.55 11.15941    10
1525.13 11.15953    10
1525.72 11.16458    10
1526.3 11.16084    10
1526.88 11.16477    10
1527.47 11.16053    10
1528.05 11.16107    10
1528.64 11.16526    10
1529.22 11.16178    10
1529.8 11.16211    10
1530.39 11.16701    10
1530.97 11.17009    10
1531.55 11.16955    10
1532.14 11.16741    10
1532.72 11.16906    10
1533.3 11.16955    10
1533.89 11.16541    10
1534.47 11.16761    10
1535.06 11.1696    10
1535.64 11.17259    10
1536.22 11.16852    10
1536.81 11.17406    10
1537.39 11.17567    10
1537.97 11.17325    10
1538.56 11.17263    10
1539.14 11.17229    10
1539.73 11.17411    10
1540.31 11.18106    10
1540.89 11.18602    10
1541.48 11.17934    10
1542.06 11.17698    10
1542.64 11.17848    10
1543.23 11.17659    10
1543.81 11.17396    10
1544.4 11.17383    10
1544.98 11.17575    10
1545.56 11.17072    10
1546.15 11.17516    10
1546.73 11.17653    10
1547.31 11.17805    10
1547.9 11.1964    10
1548.48 11.19516    10
1549.07 11.18988    10
1549.65 11.18621    10
1550.23 11.19098    10
1550.82 11.19772    10
1551.4 11.19294    10
1551.98 11.19111    10
1552.57 11.18383    10
1553.15 11.18589    10
1553.73 11.18536    10
1554.32 11.18662    10
1554.9 11.17993    10
1555.49 11.18851    10
1556.07 11.18908    10
1556.65 11.19363    10
1557.24 11.18449    10
1557.82 11.18138    10
1558.4 11.18713    10
1558.99 11.18688    10
1559.57 11.18398    10
1560.16 11.18699    10
1560.74 11.19521    10
1561.32 11.19353    10
1561.91 11.19125    10
1562.49 11.19336    10
1563.07 11.19555    10
1563.66 11.1902    10
1564.24 11.19451    10
1564.82 11.19694    10
1565.41 11.19531    10
1565.99 11.19981    10
1566.58 11.19914    10
1567.16 11.20568    10
1567.74 11.19724    10
1568.33 11.20309    10
1568.91 11.19466    10
1569.49 11.19652    10
1570.08 11.20052    10
1570.66 11.20441    10
1571.25 11.19779    10
1571.83 11.19439    10
1572.41 11.20356    10
1573. 11.20446    10
1573.58 11.19755    10
1574.16 11.19734    10
1574.75 11.19608    10
1575.33 11.21178    10
1575.91 11.20872    10
1576.5 11.20835    10
1577.08 11.21247    10
1577.67 11.20584    10
1578.25 11.20995    10
1578.83 11.20938    10
1579.42 11.21085    10
1580. 11.21423    10
1580.58 11.21229    10
1581.17 11.20488    10
1581.75 11.20787    10
1582.34 11.20691    10
1582.92 11.21053    10
1583.5 11.22531    10
1584.09 11.21503    10
1584.67 11.21348    10
1585.25 11.21306    10
1585.84 11.21502    10
1586.42 11.21738    10
1587. 11.21404    10
1587.59 11.21124    10
1588.17 11.21877    10
1588.76 11.2185    10
1589.34 11.21354    10
1589.92 11.21684    10
1590.51 11.21743    10
1591.09 11.21146    10
1591.67 11.21251    10
1592.26 11.21109    10
1592.84 11.21937    10
1593.42 11.22006    10
1594.01 11.2241    10
1594.59 11.22573    10
1595.18 11.21984    10
1595.76 11.21812    10
1596.34 11.22029    10
1596.93 11.22239    10
1597.51 11.22427    10
1598.09 11.2238    10
1598.68 11.23145    10
1599.26 11.22623    10
1599.84 11.22963    10
1600.43 11.23121    10
1601.01 11.22575    10
1601.6 11.22511    10
1602.18 11.23298    10
1602.76 11.23626    10
1603.35 11.23939    10
1603.93 11.2358    10
1604.51 11.22926    10
1605.1 11.23943    10
1605.68 11.24074    10
1606.27 11.23874    10
1606.85 11.24078    10
1607.43 11.23532    10
1608.02 11.23936    10
1608.6 11.23109    10
1609.18 11.23103    10
1609.77 11.23595    10
1610.35 11.2375    10
1610.93 11.2368    10
1611.52 11.24763    10
1612.1 11.24596    10
1612.69 11.23597    10
1613.27 11.23357    10
1613.85 11.23635    10
1614.44 11.23515    10
1615.02 11.23203    10
1615.6 11.23856    10
1616.19 11.22682    10
1616.77 11.22572    10
1617.35 11.23027    10
1617.94 11.24137    10
1618.52 11.24635    10
1619.11 11.24629    10
1619.69 11.2447    10
1620.27 11.25027    10
1620.86 11.25547    10
1621.44 11.25378    10
1622.02 11.25009    10
1622.61 11.25229    10
1623.19 11.25293    10
1623.77 11.2534    10
1624.36 11.24945    10
1624.94 11.25418    10
1625.53 11.25039    10
1626.11 11.24263    10
1626.69 11.24285    10
1627.28 11.2438    10
1627.86 11.2512    10
1628.44 11.24375    10
1629.03 11.24421    10
1629.61 11.24761    10
1630.19 11.24659    10
1630.78 11.2453    10
1631.36 11.24837    10
1631.94 11.25307    10
1632.53 11.26244    10
1633.11 11.25912    10
1633.7 11.258    10
1634.28 11.25257    10
1634.86 11.25739    10
1635.45 11.26001    10
1636.03 11.26342    10
1636.61 11.26171    10
1637.2 11.26092    10
1637.78 11.25445    10
1638.36 11.25751    10
1638.95 11.25656    10
1639.53 11.26083    10
1640.12 11.25543    10
1640.7 11.26237    10
1641.28 11.25774    10
1641.87 11.25628    10
1642.45 11.26006    10
1643.03 11.26161    10
1643.62 11.25397    10
1644.2 11.25946    10
1644.78 11.25355    10
1645.37 11.26603    10
1645.95 11.27039    10
1646.54 11.26857    10
1647.12 11.26719    10
1647.7 11.26974    10
1648.29 11.27272    10
1648.87 11.26012    10
1649.45 11.26691    10
1650.04 11.27374    10
1650.62 11.27473    10
1651.2 11.27397    10
1651.79 11.2739    10
1652.37 11.2691    10
1652.95 11.26729    10
1653.54 11.26582    10
1654.12 11.27076    10
1654.71 11.26673    10
1655.29 11.27151    10
1655.87 11.27163    10
1656.46 11.27227    10
1657.04 11.26131    10
1657.62 11.26766    10
1658.21 11.27547    10
1658.79 11.27284    10
1659.37 11.27368    10
1659.96 11.27736    10
1660.54 11.27642    10
1661.13 11.28478    10
1661.71 11.28555    10
1662.29 11.28254    10
1662.88 11.27846    10
1663.46 11.28362    10
1664.04 11.28584    10
1664.63 11.27967    10
1665.21 11.28386    10
1665.79 11.29353    10
1666.38 11.28117    10
1666.96 11.28068    10
1667.54 11.27893    10
1668.13 11.28422    10
1668.71 11.29183    10
1669.3 11.27854    10
1669.88 11.2863    10
1670.46 11.285    10
1671.05 11.28187    10
1671.63 11.28248    10
1672.21 11.28582    10
1672.8 11.28487    10
1673.38 11.29447    10
1673.96 11.29326    10
1674.55 11.28644    10
1675.13 11.2957    10
1675.71 11.30087    10
1676.3 11.29834    10
1676.88 11.30429    10
1677.47 11.29971    10
1678.84 11.28933    10
1680.21 11.28839    10
1681.58 11.29384    10
1682.95 11.29365    10
1684.32 11.29729    10
1685.69 11.30124    10
1687.06 11.30324    10
1688.44 11.30015    10
1689.81 11.29952    10
1691.18 11.29993    10
1692.55 11.30699    10
1693.92 11.31115    10
1695.29 11.307    10
1696.66 11.30898    10
1698.03 11.30752    10
1699.4 11.31125    10
1700.78 11.30968    10
1702.15 11.31102    10
1703.52 11.31189    10
1704.89 11.31082    10
1706.26 11.3149    10
1707.63 11.30627    10
1709. 11.3123    10
1710.37 11.31997    10
1711.75 11.32216    10
1713.12 11.3218    10
1714.49 11.32195    10
1715.86 11.32091    10
1717.23 11.32146    10
1718.6 11.32122    10
1719.97 11.32607    10
1721.35 11.33046    10
1722.72 11.32561    10
1724.09 11.32891    10
1725.46 11.33305    10
1726.83 11.33235    10
1728.2 11.335    10
1729.57 11.33531    10
1730.95 11.33317    10
1732.32 11.3337    10
1733.69 11.33393    10
1735.06 11.3354    10
1736.43 11.33862    10
1737.8 11.34198    10
1739.18 11.34472    10
1740.55 11.34354    10
1741.92 11.33995    10
1743.29 11.34158    10
1744.66 11.34909    10
1746.03 11.35002    10
1747.41 11.35338    10
1748.78 11.3538    10
1750.15 11.34701    10
1751.52 11.34732    10
1752.89 11.35242    10
1754.26 11.35724    10
1755.64 11.35671    10
1757.01 11.35245    10
1758.38 11.36172    10
1759.75 11.35917    10
1761.12 11.35877    10
1762.5 11.36032    10
1763.87 11.36069    10
1765.24 11.3628    10
1766.61 11.3642    10
1767.98 11.36102    10
1769.36 11.36636    10
1770.73 11.37029    10
1772.1 11.3683    10
1773.47 11.37385    10
1774.84 11.37379    10
1776.21 11.37143    10
1777.59 11.37219    10
1778.96 11.37582    10
1780.33 11.37593    10
1781.7 11.37593    10
1783.08 11.37579    10
1784.45 11.37904    10
1785.82 11.38306    10
1787.19 11.38228    10
1788.56 11.38506    10
1789.94 11.38824    10
1791.31 11.38511    10
1792.68 11.38916    10
1794.05 11.39024    10
1795.42 11.38888    10
1796.8 11.38878    10
1798.17 11.38892    10
1799.54 11.39153    10
1800.91 11.39068    10
1802.29 11.38889    10
1803.66 11.3901    10
1805.03 11.39104    10
1806.4 11.39689    10
1807.77 11.40344    10
1809.15 11.40227    10
1810.52 11.40203    10
1811.89 11.40057    10
1813.26 11.40629    10
1814.64 11.40408    10
1816.01 11.40416    10
1817.38 11.4062    10
1818.75 11.40618    10
1820.12 11.40488    10
1821.5 11.40404    10
1822.87 11.40623    10
1824.24 11.40622    10
1825.61 11.40799    10
1826.99 11.40939    10
1828.36 11.41351    10
1829.73 11.41319    10
1831.1 11.41389    10
1832.48 11.41617    10
1833.85 11.41561    10
1835.22 11.41715    10
1836.59 11.41974    10
1837.97 11.4218    10
1839.34 11.42006    10
1840.71 11.42128    10
1842.08 11.42713    10
1843.46 11.41988    10
1844.83 11.4202    10
1846.2 11.42304    10
1847.57 11.42255    10
1848.95 11.4235    10
1850.32 11.42525    10
1851.69 11.43473    10
1853.07 11.44137    10
1854.44 11.44345    10
1855.81 11.44146    10
1857.18 11.43863    10
1858.56 11.44095    10
1859.93 11.44029    10
1861.3 11.4464    10
1862.67 11.45108    10
1864.05 11.44515    10
1865.42 11.44055    10
1866.79 11.4437    10
1868.17 11.44217    10
1869.54 11.44388    10
1870.91 11.4461    10
1872.28 11.44866    10
1873.66 11.4502    10
1875.03 11.44669    10
1876.4 11.45003    10
1877.77 11.45236    10
1879.15 11.45657    10
1880.52 11.45843    10
1881.89 11.45577    10
1883.27 11.45735    10
1884.64 11.45561    10
1886.01 11.45529    10
1887.38 11.45494    10
1888.76 11.45338    10
1890.13 11.45353    10
1891.5 11.45645    10
1892.88 11.45715    10
1894.25 11.46227    10
1895.62 11.46569    10
1897. 11.46565    10
1898.37 11.46497    10
1899.74 11.46829    10
1901.11 11.47191    10
1902.49 11.47499    10
1903.86 11.47115    10
1905.23 11.47067    10
1906.61 11.4691    10
1907.98 11.47049    10
1909.35 11.46861    10
1910.73 11.47152    10
1912.1 11.47523    10
1913.47 11.47706    10
1914.84 11.47601    10
1916.22 11.47462    10
1917.59 11.4798    10
1918.96 11.47841    10
1920.34 11.48058    10
1921.71 11.48525    10
1923.08 11.49239    10
1924.46 11.49222    10
1925.83 11.49075    10
1927.2 11.4911    10
1928.58 11.48692    10
1929.95 11.49057    10
1931.32 11.4921    10
1932.7 11.49264    10
1934.07 11.49294    10
1935.44 11.49495    10
1936.82 11.4954    10
1938.19 11.49276    10
1939.56 11.49323    10
1940.94 11.49678    10
1942.31 11.49857    10
1943.68 11.4988    10
1945.06 11.50134    10
1946.43 11.50506    10
1947.8 11.50755    10
1949.18 11.50668    10
1950.55 11.50622    10
1951.92 11.50787    10
1953.3 11.5046    10
1954.67 11.50521    10
1956.04 11.50983    10
1957.42 11.51446    10
1958.79 11.51284    10
1960.16 11.51256    10
1961.54 11.51307    10
1962.91 11.51603    10
1964.28 11.51605    10
1965.66 11.51279    10
1967.03 11.51493    10
1968.4 11.51841    10
1969.78 11.52137    10
1971.15 11.52379    10
1972.52 11.524    10
1973.9 11.52031    10
1975.27 11.51648    10
1976.64 11.52145    10
1978.02 11.52594    10
1979.39 11.52605    10
1980.76 11.52892    10
1982.14 11.52972    10
1983.51 11.52644    10
1984.88 11.52953    10
1986.26 11.53356    10
1987.63 11.5311    10
1989.01 11.53393    10
1990.38 11.53602    10
1991.75 11.5384    10
1993.13 11.53941    10
1994.5 11.53974    10
1995.87 11.53938    10
1997.25 11.54212    10
1998.62 11.54028    10
1999.99 11.5392    10
2001.37 11.53843    10
2002.74 11.54232    10
2004.12 11.54429    10
2005.49 11.54512    10
2006.86 11.54762    10
2008.24 11.54807    10
2009.61 11.54508    10
2010.98 11.54847    10
2012.36 11.55508    10
2013.73 11.55595    10
2015.1 11.55151    10
2016.48 11.55479    10
2017.85 11.55683    10
2019.23 11.55766    10
2020.6 11.55849    10
2021.97 11.55645    10
2023.35 11.5581    10
2024.72 11.56104    10
2026.09 11.56049    10
2027.47 11.56255    10
2028.84 11.56825    10
2030.22 11.56593    10
2031.59 11.5648    10
2032.96 11.56493    10
2034.34 11.56529    10
2035.71 11.5669    10
2037.08 11.57253    10
2038.46 11.57493    10
2039.83 11.5749    10
2041.21 11.57607    10
2042.58 11.57109    10
2043.95 11.57229    10
2045.33 11.57407    10
2046.7 11.57444    10
2048.08 11.57713    10
2049.45 11.5749    10
2050.82 11.57571    10
2052.2 11.58408    10
2053.57 11.58292    10
2054.95 11.58455    10
2056.32 11.58423    10
2057.69 11.58525    10
2059.07 11.58562    10
2060.44 11.58709    10
2061.81 11.58523    10
2063.19 11.58418    10
2064.56 11.58462    10
2065.94 11.58877    10
2067.31 11.59029    10
2068.68 11.59527    10
2070.06 11.59553    10
2071.43 11.5956    10
2072.81 11.59602    10
2074.18 11.59296    10
2075.55 11.59563    10
2076.93 11.59471    10
2078.3 11.5977    10
2079.68 11.5984    10
2081.05 11.60176    10
2082.42 11.60123    10
2083.8 11.60497    10
2085.17 11.60521    10
2086.55 11.60273    10
2087.92 11.60399    10
2089.29 11.60767    10
2090.67 11.60987    10
2092.04 11.61288    10
2093.42 11.61297    10
2094.79 11.61255    10
2096.16 11.61177    10
2097.54 11.60964    10
2098.91 11.61322    10
2100.29 11.61448    10
2101.66 11.61677    10
2103.04 11.61673    10
2104.41 11.61354    10
2105.78 11.61643    10
2107.16 11.61905    10
2108.53 11.62123    10
2109.91 11.62305    10
2111.28 11.61966    10
2112.65 11.61734    10
2114.03 11.62024    10
2115.4 11.62203    10
2116.78 11.6257    10
2118.15 11.62763    10
2119.52 11.62699    10
2120.9 11.62477    10
2122.27 11.62572    10
2123.65 11.63142    10
2125.02 11.63047    10
2126.4 11.631    10
2127.77 11.63649    10
2129.14 11.63487    10
2130.52 11.6356    10
2131.89 11.63582    10
2133.27 11.63923    10
2134.64 11.63732    10
2136.02 11.63576    10
2137.39 11.6385    10
2138.76 11.64117    10
2140.14 11.63986    10
2141.51 11.64197    10
2142.89 11.6465    10
2144.26 11.64455    10
2145.63 11.64156    10
2147.01 11.64367    10
2148.38 11.64563    10
2149.76 11.64565    10
2151.13 11.64514    10
2152.51 11.64865    10
2153.88 11.64869    10
2155.25 11.65277    10
2156.63 11.65291    10
2158. 11.65406    10
2159.38 11.65855    10
2160.75 11.66046    10
2162.13 11.66045    10
2163.5 11.6606    10
2164.87 11.65613    10
2166.25 11.65612    10
2167.62 11.65839    10
2169. 11.66023    10
2170.37 11.65948    10
2171.75 11.65974    10
2173.12 11.65882    10
2174.49 11.66163    10
2175.87 11.66287    10
2177.24 11.66104    10
2178.62 11.66989    10
2179.99 11.67216    10
2181.37 11.67172    10
2182.74 11.66782    10
2184.11 11.67146    10
2185.49 11.67384    10
2186.86 11.67584    10
2188.24 11.67302    10
2189.61 11.67026    10
2190.99 11.67418    10
2192.36 11.67752    10
2193.74 11.67741    10
2195.11 11.67796    10
2196.48 11.67998    10
2197.86 11.67906    10
2199.23 11.68184    10
2200.61 11.6843    10
2201.98 11.68653    10
2203.36 11.67974    10
2204.73 11.67973    10
2206.1 11.68288    10
2207.48 11.68429    10
2208.85 11.68754    10
2210.23 11.68563    10
2211.6 11.69122    10
2212.98 11.68891    10
2214.35 11.69179    10
2215.73 11.68874    10
2217.1 11.69002    10
2218.47 11.68731    10
2219.85 11.68898    10
2221.22 11.69545    10
2222.6 11.69908    10
2223.97 11.69716    10
2225.35 11.6935    10
2226.72 11.6969    10
2228.1 11.70157    10
2229.47 11.70178    10
2230.84 11.70227    10
2232.22 11.70356    10
2233.59 11.70502    10
2234.97 11.70571    10
2236.34 11.70743    10
2237.72 11.71166    10
2239.09 11.71525    10
2240.47 11.711    10
2241.84 11.70752    10
2243.21 11.71019    10
2244.59 11.71087    10
2245.96 11.713    10
2247.34 11.71349    10
2248.71 11.71361    10
2250.09 11.71372    10
2251.46 11.71456    10
2252.84 11.71733    10
2254.21 11.71655    10
2255.58 11.71494    10
2256.96 11.71649    10
2258.33 11.71619    10
2259.71 11.71893    10
2261.08 11.72223    10
2262.46 11.72345    10
2263.83 11.72361    10
2265.21 11.72194    10
2266.58 11.72152    10
2267.95 11.72347    10
2269.33 11.72554    10
2270.7 11.72594    10
2272.08 11.72861    10
2273.45 11.73212    10
2274.83 11.73284    10
2276.2 11.7336    10
2277.58 11.73182    10
2278.95 11.73499    10
2280.32 11.73315    10
2281.7 11.73345    10
2283.07 11.73919    10
2284.45 11.73901    10
2285.82 11.73745    10
2287.2 11.73958    10
2288.57 11.74147    10
2289.95 11.74469    10
2291.32 11.74473    10
2292.7 11.74569    10
2294.07 11.74466    10
2295.44 11.7459    10
2296.82 11.7482    10
2298.19 11.74936    10
2299.57 11.75117    10
2300.94 11.74874    10
2302.32 11.74974    10
2303.69 11.74744    10
2305.07 11.7459    10
2306.44 11.74814    10
2307.81 11.75153    10
2309.19 11.75122    10
2310.56 11.75023    10
2311.94 11.75257    10
2313.31 11.75504    10
2314.69 11.75557    10
2316.06 11.75801    10
2317.44 11.76064    10
2318.81 11.76047    10
2320.19 11.76056    10
2321.56 11.75988    10
2322.93 11.76274    10
2324.31 11.76421    10
2325.68 11.7666    10
2327.06 11.76515    10
2328.43 11.76514    10
2329.81 11.76685    10
2331.18 11.76875    10
2332.56 11.77156    10
2333.93 11.77195    10
2335.3 11.77101    10
2336.68 11.76984    10
2338.05 11.77168    10
2339.43 11.76912    10
2340.8 11.76696    10
2342.18 11.77095    10
2343.55 11.77658    10
2344.93 11.77778    10
2346.3 11.78084    10
2347.68 11.78004    10
2349.05 11.77242    10
2350.42 11.77319    10
2351.8 11.7776    10
2353.17 11.78076    10
2354.55 11.78217    10
2355.92 11.78225    10
2357.3 11.78347    10
2358.67 11.78824    10
2360.05 11.7891    10
2361.42 11.7864    10
2362.79 11.78664    10
2364.17 11.78656    10
2365.54 11.78472    10
2366.92 11.78669    10
2368.29 11.78918    10
2369.67 11.79223    10
2371.04 11.792    10
2372.42 11.79375    10
2373.79 11.79314    10
2375.16 11.79497    10
2376.54 11.79341    10
2377.91 11.79345    10
2379.29 11.79676    10
2380.66 11.80215    10
2382.04 11.80631    10
2383.41 11.80659    10
2384.79 11.80154    10
2386.16 11.8005    10
2387.54 11.80331    10
2388.91 11.80642    10
2390.28 11.80289    10
2391.66 11.80352    10
2393.03 11.8049    10
2394.41 11.80962    10
2395.78 11.80996    10
2397.16 11.81008    10
2398.53 11.81504    10
2399.91 11.81465    10
2401.28 11.81094    10
2402.65 11.80873    10
2404.03 11.81224    10
2405.4 11.81468    10
2406.78 11.81562    10
2408.15 11.81635    10
2409.53 11.81912    10
2410.9 11.82065    10
2412.27 11.82183    10
2413.65 11.81979    10
2415.02 11.82235    10
2416.4 11.82567    10
2417.77 11.82472    10
2419.15 11.82282    10
2420.52 11.82375    10
2421.9 11.82368    10
2423.27 11.82405    10
2424.64 11.82922    10
2426.02 11.82669    10
2427.39 11.82648    10
2428.77 11.83076    10
2430.14 11.83036    10
2431.52 11.83091    10
2432.89 11.82879    10
2434.27 11.83164    10
2435.64 11.83269    10
2437.01 11.83718    10
2438.39 11.83637    10
2439.76 11.83457    10
2441.14 11.83501    10
2442.51 11.83528    10
2443.89 11.83441    10
2445.26 11.83571    10
2446.63 11.83767    10
2448.01 11.84051    10
2449.38 11.84053    10
2450.76 11.84395    10
2452.13 11.8493    10
2453.51 11.84891    10
2454.88 11.8472    10
2456.26 11.84819    10
2457.63 11.84559    10
2459. 11.85007    10
2460.38 11.84882    10
2461.75 11.85046    10
2463.13 11.84948    10
2464.5 11.8513    10
2465.88 11.85252    10
2467.25 11.8557    10
2468.62 11.85795    10
2470. 11.85573    10
2471.37 11.8584    10
2472.75 11.85654    10
2474.12 11.85831    10
2475.5 11.86086    10
2476.87 11.85783    10
2478.24 11.85579    10
2479.62 11.85695    10
2480.99 11.86095    10
2482.37 11.86131    10
2483.74 11.86237    10
2485.12 11.86109    10
2486.49 11.86366    10
2487.86 11.86481    10
2489.24 11.86367    10
2490.61 11.86544    10
2491.99 11.86887    10
2493.36 11.87281    10
2494.74 11.8714    10
2496.11 11.87091    10
2497.48 11.86951    10
2498.86 11.87154    10
2500.23 11.87148    10
2501.61 11.87466    10
2502.98 11.87754    10
2504.35 11.87752    10
2505.73 11.87752    10
2507.1 11.87478    10
2508.48 11.8756    10
2509.85 11.87576    10
2511.23 11.87644    10
2512.6 11.88115    10
2513.97 11.88029    10
2515.35 11.87977    10
2516.72 11.87902    10
2518.1 11.87911    10
2519.47 11.88355    10
2520.85 11.88218    10
2522.22 11.88441    10
2523.59 11.89035    10
2524.97 11.89123    10
2526.34 11.8938    10
2527.72 11.89152    10
2529.09 11.88791    10
2530.46 11.89099    10
2531.84 11.89148    10
2533.21 11.89152    10
2534.59 11.89505    10
2535.96 11.89778    10
2537.33 11.89938    10
2538.71 11.89967    10
2540.08 11.89558    10
2541.46 11.89558    10
2542.83 11.89648    10
2544.21 11.89512    10
2545.58 11.89911    10
2546.95 11.8982    10
2548.33 11.90171    10
2549.7 11.90279    10
2551.08 11.90472    10
2552.45 11.90683    10
2553.82 11.90401    10
2555.2 11.90731    10
2556.57 11.90732    10
2557.95 11.91024    10
2559.32 11.90786    10
2560.69 11.90701    10
2562.07 11.90837    10
2563.44 11.90923    10
2564.82 11.91409    10
2566.19 11.91587    10
2567.56 11.91437    10
2568.94 11.91344    10
2570.31 11.9135    10
2571.69 11.91699    10
2573.06 11.92206    10
2574.43 11.91819    10
2575.81 11.91684    10
2577.18 11.91894    10
2578.55 11.91876    10
2579.93 11.92059    10
2581.3 11.92349    10
2582.68 11.92628    10
2584.05 11.9229    10
2585.42 11.92398    10
2586.8 11.92475    10
2588.17 11.92552    10
2589.55 11.92346    10
2590.92 11.92645    10
2592.29 11.92404    10
2593.67 11.92609    10
2595.04 11.92874    10
2596.42 11.92854    10
2597.79 11.93197    10
2599.16 11.93671    10
2600.54 11.93648    10
2601.91 11.93033    10
2603.28 11.93211    10
2604.66 11.93521    10
2606.03 11.93919    10
2607.41 11.938    10
2608.78 11.93917    10
2610.15 11.93932    10
2611.53 11.93724    10
2612.9 11.93675    10
2614.27 11.93919    10
2615.65 11.93926    10
2617.02 11.93585    10
2618.4 11.93803    10
2619.77 11.94279    10
2621.14 11.94629    10
2622.52 11.94569    10
2623.89 11.94426    10
2625.26 11.94634    10
2626.64 11.94785    10
2628.01 11.9497    10
2629.39 11.95039    10
2630.76 11.95159    10
2632.13 11.94875    10
2633.51 11.95082    10
2634.88 11.95261    10
2636.25 11.95778    10
2637.63 11.95858    10
2639. 11.95341    10
2640.38 11.95589    10
2641.75 11.95468    10
2643.12 11.95769    10
2644.5 11.96224    10
2645.87 11.96205    10
2647.24 11.9594    10
2648.62 11.95903    10
2649.99 11.96021    10
2651.36 11.95951    10
2652.74 11.96145    10
2654.11 11.96286    10
2655.48 11.9665    10
2656.86 11.964    10
2658.23 11.96391    10
2659.6 11.96486    10
2660.98 11.96447    10
2662.35 11.96654    10
2663.73 11.97258    10
2665.1 11.96994    10
2666.47 11.97104    10
2667.85 11.97158    10
2669.22 11.97243    10
2670.59 11.97578    10
2671.97 11.97347    10
2673.34 11.9743    10
2674.71 11.97811    10
2676.09 11.98336    10
2677.46 11.98381    10
2678.83 11.97195    10
2680.21 11.97321    10
2681.58 11.97608    10
2682.95 11.9767    10
2684.33 11.98239    10
2685.7 11.98338    10
2687.07 11.98339    10
2688.45 11.9799    10
2689.82 11.97996    10
2691.19 11.9819    10
2692.57 11.98249    10
2693.94 11.98516    10
2695.31 11.98478    10
2696.69 11.98443    10
2698.06 11.98722    10
2699.43 11.99047    10
2700.81 11.99219    10
2702.18 11.99076    10
2703.55 11.99286    10
2704.93 11.99047    10
2706.3 11.99458    10
2707.67 11.99546    10
2709.05 11.99762    10
2710.42 11.99883    10
2711.79 11.99621    10
2713.17 11.99797    10
2714.54 11.99831    10
2715.91 11.99897    10
2717.28 12.00062    10
2718.66 12.00017    10
2720.03 11.99819    10
2721.4 11.99845    10
2722.78 12.00019    10
2724.15 11.99975    10
2725.52 12.00559    10
2726.9 12.00604    10
2728.27 12.001    10
2729.64 12.00334    10
2731.02 12.00757    10
2732.39 12.00559    10
2733.76 12.00686    10
2735.14 12.00894    10
2736.51 12.008    10
2737.88 12.01014    10
2739.25 12.01015    10
2740.63 12.01508    10
2742. 12.01702    10
2743.37 12.01431    10
2744.75 12.01158    10
2746.12 12.01646    10
2747.49 12.01817    10
2748.86 12.02004    10
2750.24 12.02298    10
2751.61 12.02296    10
2752.98 12.0216    10
2754.36 12.01768    10
2755.73 12.01996    10
2757.1 12.02268    10
2758.48 12.02013    10
2759.85 12.01964    10
2761.22 12.02759    10
2762.59 12.027    10
2763.97 12.02744    10
2765.34 12.02607    10
2766.71 12.02613    10
2768.08 12.02866    10
2769.46 12.02912    10
2770.83 12.02973    10
2772.2 12.0309    10
2773.58 12.02763    10
2774.95 12.03033    10
2776.32 12.03641    10
2777.69 12.03534    10
2779.07 12.03316    10
2780.44 12.03204    10
2781.81 12.03247    10
2783.18 12.03492    10
2784.56 12.03455    10
2785.93 12.03525    10
2787.3 12.03782    10
2788.68 12.03923    10
2790.05 12.04136    10
2791.42 12.04427    10
2792.79 12.0452    10
2794.17 12.05183    10
2795.54 12.0642    10
2796.91 12.06256    10
2798.28 12.04833    10
2799.66 12.04392    10
2801.03 12.05132    10
2802.4 12.06196    10
2803.77 12.05923    10
2805.15 12.05102    10
2806.52 12.04805    10
2807.89 12.04564    10
2809.26 12.05102    10
2810.64 12.05329    10
2812.01 12.05904    10
2813.38 12.05872    10
2814.75 12.05645    10
2816.13 12.05986    10
2817.5 12.05538    10
2818.87 12.05453    10
2820.24 12.05522    10
2821.61 12.054    10
2822.99 12.05679    10
2824.36 12.0578    10
2825.73 12.05543    10
2827.1 12.05189    10
2828.48 12.05803    10
2829.85 12.06525    10
2831.22 12.06452    10
2832.59 12.06523    10
2833.97 12.0703    10
2835.34 12.06856    10
2836.71 12.06471    10
2838.08 12.06807    10
2839.45 12.07211    10
2840.83 12.07111    10
2842.2 12.0692    10
2843.57 12.06826    10
2844.94 12.06922    10
2846.32 12.07116    10
2847.69 12.07541    10
2849.06 12.07518    10
2850.43 12.07616    10
2851.8 12.07331    10
2853.18 12.07402    10
2854.55 12.07451    10
2855.92 12.07705    10
2857.29 12.07843    10
2858.66 12.08404    10
2860.04 12.08405    10
2861.41 12.08167    10
2862.78 12.08092    10
2864.15 12.07743    10
2865.52 12.07961    10
2866.9 12.08537    10
2868.27 12.08389    10
2869.64 12.08268    10
2871.01 12.08591    10
2872.38 12.08712    10
2873.76 12.08816    10
2875.13 12.08775    10
2876.5 12.0848    10
2877.87 12.08884    10
2879.24 12.0903    10
2880.61 12.09029    10
2881.99 12.09021    10
2883.36 12.09665    10
2884.73 12.09727    10
2886.1 12.09958    10
2887.47 12.0971    10
2888.85 12.09303    10
2890.22 12.09487    10
2891.59 12.09338    10
2892.96 12.09528    10
2894.33 12.0988    10
2895.7 12.09772    10
2897.08 12.09807    10
2898.45 12.0975    10
2899.82 12.09984    10
2901.19 12.09875    10
2902.56 12.09773    10
2903.93 12.09416    10
2905.31 12.09852    10
2906.68 12.10187    10
2908.05 12.10447    10
2909.42 12.10146    10
2910.79 12.10278    10
2912.16 12.10805    10
2913.53 12.10626    10
2914.91 12.10942    10
2916.28 12.10947    10
2917.65 12.10461    10
2919.02 12.11003    10
2920.39 12.11122    10
2921.76 12.11455    10
2923.13 12.11341    10
2924.51 12.11465    10
2925.88 12.11496    10
2927.25 12.117    10
2928.62 12.11382    10
2929.99 12.11568    10
2931.36 12.11606    10
2932.73 12.12114    10
2934.11 12.11776    10
2935.48 12.11747    10
2936.85 12.12057    10
2938.22 12.12096    10
2939.59 12.11976    10
2940.96 12.12209    10
2942.33 12.12352    10
2943.7 12.1205    10
2945.08 12.12315    10
2946.45 12.12489    10
2947.82 12.13002    10
2949.19 12.12963    10
2950.56 12.12949    10
2951.93 12.12817    10
2953.3 12.13063    10
2954.67 12.12937    10
2956.04 12.12762    10
2957.42 12.1276    10
2958.79 12.12988    10
2960.16 12.1318    10
2961.53 12.13191    10
2962.9 12.13172    10
2964.27 12.13372    10
2965.64 12.13384    10
2967.01 12.13528    10
2968.38 12.13912    10
2969.75 12.1385    10
2971.12 12.13762    10
2972.5 12.13643    10
2973.87 12.14226    10
2975.24 12.14341    10
2976.61 12.14203    10
2977.98 12.14294    10
2979.35 12.14673    10
2980.72 12.15208    10
2982.09 12.14659    10
2983.46 12.14367    10
2984.83 12.14389    10
2986.2 12.14379    10
2987.57 12.14382    10
2988.94 12.14604    10
2990.32 12.14548    10
2991.69 12.14797    10
2993.06 12.14995    10
2994.43 12.14941    10
2995.8 12.1499    10
2997.17 12.15281    10
2998.54 12.15097    10
2999.91 12.14985    10
3001.28 12.15382    10
3002.65 12.15524    10
3004.02 12.15373    10
3005.39 12.15359    10
3006.76 12.15542    10
3008.13 12.15983    10
3009.5 12.16267    10
3010.87 12.16069    10
3012.24 12.1599    10
3013.61 12.15508    10
3014.98 12.1564    10
3016.36 12.15971    10
3017.73 12.16092    10
3019.1 12.1604    10
3020.47 12.16368    10
3021.84 12.16417    10
3023.21 12.16693    10
3024.58 12.16434    10
3025.95 12.16597    10
3027.32 12.16579    10
3028.69 12.16434    10
3030.06 12.1676    10
3031.43 12.16756    10
3032.8 12.17057    10
3034.17 12.17203    10
3035.54 12.1769    10
3036.91 12.17306    10
3038.28 12.17406    10
3039.65 12.17629    10
3041.02 12.17353    10
3042.39 12.17515    10
3043.76 12.1809    10
3045.13 12.17566    10
3046.5 12.17744    10
3047.87 12.17742    10
3049.24 12.17858    10
3050.61 12.17885    10
3051.98 12.18251    10
3053.35 12.18237    10
3054.72 12.18153    10
3056.09 12.18369    10
3057.46 12.18753    10
3058.83 12.18509    10
3060.2 12.18579    10
3061.57 12.18854    10
3062.94 12.18694    10
3064.31 12.18323    10
3065.55 12.1767    10
3068.29 12.18153    10
3071.04 12.19418    10
3073.78 12.18623    10
3076.53 12.184    10
3079.28 12.19498    10
3082.02 12.19177    10
3084.77 12.19319    10
3087.51 12.19887    10
3090.26 12.19918    10
3093.01 12.19659    10
3095.75 12.20235    10
3098.5 12.2002    10
3101.25 12.20228    10
3103.99 12.20445    10
3106.74 12.20767    10
3109.48 12.21484    10
3112.23 12.2118    10
3114.98 12.20656    10
3117.72 12.20798    10
3120.47 12.21596    10
3123.22 12.21494    10
3125.96 12.21402    10
3128.71 12.21555    10
3131.46 12.2199    10
3134.2 12.22338    10
3136.95 12.22125    10
3139.7 12.22758    10
3142.44 12.23359    10
3145.19 12.22731    10
3147.94 12.22918    10
3150.68 12.22914    10
3153.43 12.23452    10
3156.18 12.24066    10
3158.92 12.22997    10
3161.67 12.22707    10
3164.42 12.22557    10
3167.16 12.23054    10
3169.91 12.23783    10
3172.66 12.24099    10
3175.4 12.24555    10
3178.15 12.24949    10
3180.9 12.24746    10
3183.64 12.252    10
3186.39 12.24852    10
3189.14 12.25422    10
3191.88 12.24953    10
3194.63 12.25024    10
3197.38 12.25202    10
3200.13 12.24772    10
3202.87 12.25122    10
3205.62 12.24928    10
3208.37 12.25895    10
3211.11 12.26171    10
3213.86 12.26275    10
3216.61 12.26504    10
3219.35 12.2671    10
3222.1 12.2701    10
3224.85 12.26783    10
3227.6 12.27093    10
3230.34 12.26472    10
3233.09 12.26985    10
3235.84 12.2675    10
3238.59 12.26836    10
3241.33 12.27219    10
3244.08 12.27316    10
3246.83 12.27893    10
3249.57 12.27778    10
3252.32 12.28257    10
3255.07 12.28845    10
3257.82 12.28453    10
3260.56 12.28367    10
3263.31 12.28741    10
3266.06 12.28759    10
3268.81 12.2905    10
3271.55 12.29547    10
3274.3 12.28852    10
3277.05 12.29129    10
3279.8 12.29585    10
3282.54 12.29751    10
3285.29 12.30016    10
3288.04 12.29628    10
3290.79 12.30083    10
3293.53 12.2975    10
3296.28 12.30362    10
3299.03 12.30253    10
3301.78 12.30399    10
3304.52 12.30555    10
3307.27 12.3186    10
3310.02 12.31274    10
3312.77 12.30928    10
3315.52 12.30775    10
3318.26 12.31453    10
3321.01 12.32437    10
3323.76 12.31604    10
3326.51 12.31573    10
3329.25 12.31358    10
3332. 12.31664    10
3334.75 12.3232    10
3337.5 12.31887    10
3340.25 12.32217    10
3342.99 12.32607    10
3345.74 12.32666    10
3348.49 12.32478    10
3351.24 12.33477    10
3353.99 12.33011    10
3356.73 12.32661    10
3359.48 12.32838    10
3362.23 12.34005    10
3364.98 12.34559    10
3367.73 12.34216    10
3370.47 12.33532    10
3373.22 12.33696    10
3375.97 12.33685    10
3378.72 12.33401    10
3381.47 12.33714    10
3384.21 12.34    10
3386.96 12.34239    10
3389.71 12.34608    10
3392.46 12.34601    10
3395.21 12.35426    10
3397.96 12.3528    10
3400.7 12.35468    10
3403.45 12.35142    10
3406.2 12.35117    10
3408.95 12.35417    10
3411.7 12.35546    10
3414.44 12.35749    10
3417.19 12.35942    10
3419.94 12.36373    10
3422.69 12.36291    10
3425.44 12.3685    10
3428.19 12.36479    10
3430.93 12.36627    10
3433.68 12.36754    10
3436.43 12.36529    10
3439.18 12.36573    10
3441.93 12.364    10
3444.68 12.37633    10
3447.43 12.38233    10
3450.17 12.38508    10
3452.92 12.37802    10
3455.67 12.38322    10
3458.42 12.38022    10
3461.17 12.38589    10
3463.92 12.38546    10
3466.66 12.38633    10
3469.41 12.38547    10
3472.16 12.38818    10
3474.91 12.38918    10
3477.66 12.38745    10
3480.41 12.3939    10
3483.16 12.39017    10
3485.9 12.39514    10
3488.65 12.40204    10
3491.4 12.40755    10
3494.15 12.41005    10
3496.9 12.41618    10
3499.65 12.4124    10
3502.4 12.40986    10
3505.15 12.4166    10
3507.89 12.421    10
3510.64 12.4196    10
3513.39 12.4179    10
3516.14 12.41782    10
3518.89 12.41224    10
3521.64 12.40812    10
3524.39 12.4192    10
3527.14 12.41016    10
3529.88 12.41394    10
3532.63 12.41943    10
3535.38 12.42337    10
3538.13 12.41746    10
3540.88 12.42069    10
3543.63 12.42405    10
3546.38 12.42062    10
3549.13 12.42125    10
3551.88 12.42699    10
3554.62 12.42794    10
3557.37 12.42807    10
3560.12 12.42668    10
3562.87 12.42741    10
3565.62 12.42701    10
3568.37 12.43204    10
3571.12 12.43018    10
3573.87 12.43335    10
3576.62 12.43507    10
3579.36 12.43961    10
3582.11 12.439    10
3584.86 12.44165    10
3587.61 12.44376    10
3590.36 12.44345    10
3593.11 12.43999    10
3595.86 12.44512    10
3598.61 12.44595    10
3601.36 12.44596    10
3604.11 12.44876    10
3606.86 12.45101    10
3609.6 12.44992    10
3612.35 12.45724    10
3615.1 12.45474    10
3617.85 12.45898    10
3620.6 12.46724    10
3623.35 12.46028    10
3626.1 12.46056    10
3628.85 12.45847    10
3631.6 12.45783    10
3634.35 12.46439    10
3637.1 12.46192    10
3639.85 12.46511    10
3642.59 12.47066    10
3645.34 12.47491    10
3648.09 12.46682    10
3650.84 12.47004    10
3653.59 12.46558    10
3656.34 12.47297    10
3659.09 12.47351    10
3661.84 12.47119    10
3664.59 12.4789    10
3667.34 12.48493    10
3670.09 12.47901    10
3672.84 12.47873    10
3675.59 12.47563    10
3678.34 12.48271    10
3681.08 12.47645    10
3683.83 12.4821    10
3686.58 12.48547    10
3689.33 12.48639    10
3692.08 12.48674    10
3694.83 12.49374    10
3697.58 12.49294    10
3700.33 12.49339    10
3703.08 12.49976    10
3705.83 12.50228    10
3708.58 12.50626    10
3711.33 12.50415    10
3714.08 12.4954    10
3716.83 12.49314    10
3719.58 12.49654    10
3722.33 12.49775    10
3725.08 12.50172    10
3727.82 12.50595    10
3730.57 12.51718    10
3733.32 12.51067    10
3736.07 12.50842    10
3738.82 12.50987    10
3741.57 12.51334    10
3744.32 12.51962    10
3747.07 12.51888    10
3749.82 12.51529    10
3752.57 12.51172    10
3755.32 12.52019    10
3758.07 12.51448    10
3760.82 12.51695    10
3763.57 12.52694    10
3766.32 12.53295    10
3769.07 12.52824    10
3771.82 12.52839    10
3774.57 12.52995    10
3777.32 12.53269    10
3780.07 12.53167    10
3782.82 12.53191    10
3785.56 12.52402    10
3788.31 12.52549    10
3791.06 12.5287    10
3793.81 12.53386    10
3796.56 12.53896    10
3799.31 12.54426    10
3802.06 12.54321    10
3804.81 12.53576    10
3807.56 12.53572    10
3810.31 12.54386    10
3813.06 12.53704    10
3815.81 12.54162    10
3818.56 12.54831    10
3821.31 12.54877    10
3824.06 12.55305    10
3826.81 12.55929    10
3829.56 12.56611    10
3832.31 12.56767    10
3835.06 12.56074    10
3837.81 12.56271    10
3840.56 12.55997    10
3843.31 12.5531    10
3846.06 12.54945    10
3848.81 12.55455    10
3851.56 12.54528    10
3854.31 12.53838    10
3857.06 12.54301    10
3859.81 12.54639    10
3862.56 12.54588    10
3865.3 12.54708    10
3868.05 12.55305    10
3870.8 12.55445    10
3873.55 12.56509    10
3876.3 12.57146    10
3879.05 12.58562    10
3881.8 12.59574    10
3884.55 12.60888    10
3887.3 12.61921    10
3890.05 12.63096    10
3892.8 12.6172    10
3895.55 12.60302    10
3898.3 12.59219    10
3901.05 12.58541    10
3903.8 12.57391    10
3906.55 12.56837    10
3909.3 12.5549    10
3912.05 12.54755    10
3914.8 12.54124    10
3917.55 12.5378    10
3920.3 12.53619    10
3923.05 12.52998    10
3925.8 12.53776    10
3928.55 12.5344    10
3931.3 12.53427    10
3934.05 12.54029    10
3936.8 12.54182    10
3939.55 12.54674    10
3942.3 12.55294    10
3945.05 12.56593    10
3947.8 12.58379    10
3950.55 12.59337    10
3953.3 12.60944    10
3956.05 12.62831    10
3958.8 12.64918    10
3961.55 12.67174    10
3964.3 12.70116    10
3967.05 12.71503    10
3969.8 12.73629    10
3972.55 12.73897    10
3975.3 12.71674    10
3978.05 12.69252    10
3980.8 12.67059    10
3983.54 12.64763    10
3986.29 12.63337    10
3989.04 12.62005    10
3991.79 12.60706    10
3994.54 12.59026    10
3997.29 12.57908    10
4000.04 12.56489    10
4002.79 12.55646    10
4005.54 12.55429    10
4008.29 12.54176    10
4011.04 12.53644    10
4013.79 12.53396    10
4016.54 12.52825    10
4019.29 12.5237    10
4022.04 12.52111    10
4024.79 12.51965    10
4027.54 12.51912    10
4030.29 12.51643    10
4033.04 12.51833    10
4035.79 12.52556    10
4038.54 12.53131    10
4041.29 12.5255    10
4044.04 12.52753    10
4046.79 12.52877    10
4049.54 12.54054    10
4052.29 12.54203    10
4055.04 12.54468    10
4057.79 12.55034    10
4060.54 12.55562    10
4063.29 12.5639    10
4066.04 12.58207    10
4068.79 12.59068    10
4071.54 12.60064    10
4074.29 12.61284    10
4077.04 12.62454    10
4079.79 12.64771    10
4082.54 12.66687    10
4085.29 12.68845    10
4088.04 12.71278    10
4090.79 12.74061    10
4093.54 12.77613    10
4096.29 12.81284    10
4099.04 12.85461    10
4101.79 12.87877    10
4104.54 12.87476    10
4107.29 12.84612    10
4110.04 12.8139    10
4112.79 12.78348    10
4115.54 12.74855    10
4118.29 12.71762    10
4121.03 12.69195    10
4123.78 12.67117    10
4126.53 12.65292    10
4129.28 12.64344    10
4132.03 12.62387    10
4134.78 12.60693    10
4137.53 12.59757    10
4140.28 12.59354    10
4143.03 12.59267    10
4145.78 12.58361    10
4148.53 12.57641    10
4151.28 12.56964    10
4154.03 12.56638    10
4156.78 12.56646    10
4159.53 12.56647    10
4162.28 12.56152    10
4165.03 12.55277    10
4167.78 12.55352    10
4170.53 12.54933    10
4173.28 12.5484    10
4176.03 12.54683    10
4178.78 12.55376    10
4181.53 12.55476    10
4184.28 12.54964    10
4187.03 12.54546    10
4189.78 12.54736    10
4192.53 12.55122    10
4195.28 12.55173    10
4198.03 12.55362    10
4200.78 12.55379    10
4203.53 12.54984    10
4206.28 12.5523    10
4209.03 12.55559    10
4211.77 12.55528    10
4214.52 12.55735    10
4217.27 12.55799    10
4220.02 12.5604    10
4222.77 12.56478    10
4225.52 12.56313    10
4228.27 12.56198    10
4231.02 12.56263    10
4233.77 12.5665    10
4236.52 12.57148    10
4239.27 12.56959    10
4242.02 12.5652    10
4244.77 12.56527    10
4247.52 12.57172    10
4250.27 12.57948    10
4253.02 12.5851    10
4255.77 12.58624    10
4258.52 12.58616    10
4261.27 12.57981    10
4264.02 12.58096    10
4266.77 12.58498    10
4269.52 12.58506    10
4272.27 12.58991    10
4275.02 12.59863    10
4277.76 12.60031    10
4280.51 12.6047    10
4283.26 12.60889    10
4286.01 12.61789    10
4288.76 12.62383    10
4291.51 12.62629    10
4294.26 12.63142    10
4297.01 12.64174    10
4299.76 12.64975    10
4302.51 12.65588    10
4305.26 12.6701    10
4308.01 12.68348    10
4310.76 12.69657    10
4313.51 12.71597    10
4316.26 12.7292    10
4319.01 12.74952    10
4321.76 12.77586    10
4324.51 12.7968    10
4327.25 12.82925    10
4330. 12.87206    10
4332.75 12.90986    10
4335.5 12.95076    10
4338.25 13.00017    10
4341. 13.04009    10
4343.75 13.02094    10
4346.5 12.98047    10
4349.25 12.93346    10
4352. 12.89514    10
4354.75 12.86012    10
4357.5 12.82715    10
4360.25 12.80548    10
4363. 12.78038    10
4365.75 12.75492    10
4368.49 12.73927    10
4371.24 12.73204    10
4373.99 12.71773    10
4376.74 12.71059    10
4379.49 12.6982    10
4382.24 12.69294    10
4384.99 12.68428    10
4387.74 12.67768    10
4390.49 12.66249    10
4393.24 12.66727    10
4395.99 12.66266    10
4398.74 12.66162    10
4401.48 12.65417    10
4404.23 12.65469    10
4406.98 12.64716    10
4409.73 12.64854    10
4412.48 12.64495    10
4415.23 12.63786    10
4417.98 12.64335    10
4420.73 12.64543    10
4423.48 12.64537    10
4426.23 12.6431    10
4428.98 12.63889    10
4431.73 12.64537    10
4434.47 12.64333    10
4437.22 12.65326    10
4439.97 12.65112    10
4442.72 12.64489    10
4445.47 12.64206    10
4448.22 12.63675    10
4450.97 12.63969    10
4453.72 12.64082    10
4456.47 12.64658    10
4459.21 12.64765    10
4461.96 12.64649    10
4464.71 12.64916    10
4467.46 12.65057    10
4470.21 12.65561    10
4472.96 12.65149    10
4475.71 12.65158    10
4478.46 12.65462    10
4481.21 12.65916    10
4483.96 12.6595    10
4486.7 12.66076    10
4489.45 12.65661    10
4492.2 12.65282    10
4494.95 12.65458    10
4497.7 12.6599    10
4500.45 12.66042    10
4503.2 12.6632    10
4505.95 12.66571    10
4508.69 12.67011    10
4511.44 12.66772    10
4514.19 12.66965    10
4516.94 12.6608    10
4519.69 12.65985    10
4522.44 12.65844    10
4525.19 12.6665    10
4527.94 12.66473    10
4530.68 12.67181    10
4533.43 12.66991    10
4536.18 12.67263    10
4538.93 12.67074    10
4541.68 12.6726    10
4544.43 12.6777    10
4547.18 12.68523    10
4549.92 12.68524    10
4552.67 12.68327    10
4555.42 12.68404    10
4558.17 12.6772    10
4560.92 12.68609    10
4563.67 12.68382    10
4566.42 12.68357    10
4569.16 12.68887    10
4571.91 12.68563    10
4574.66 12.68717    10
4577.41 12.68924    10
4580.16 12.68921    10
4582.91 12.69032    10
4585.65 12.69395    10
4588.4 12.69361    10
4591.15 12.69301    10
4593.9 12.69818    10
4596.65 12.69524    10
4599.4 12.69647    10
4602.14 12.70012    10
4604.89 12.70088    10
4607.64 12.70203    10
4610.39 12.71168    10
4613.14 12.71661    10
4615.89 12.71348    10
4618.63 12.70646    10
4621.38 12.70009    10
4624.13 12.7071    10
4626.88 12.708    10
4629.63 12.71099    10
4632.38 12.71441    10
4635.12 12.71039    10
4637.87 12.71231    10
4640.62 12.71136    10
4643.37 12.71078    10
4646.12 12.71688    10
4648.86 12.71808    10
4651.61 12.71532    10
4654.36 12.72408    10
4657.11 12.72416    10
4659.86 12.73016    10
4662.6 12.73178    10
4665.35 12.7287    10
4668.1 12.73611    10
4670.85 12.73052    10
4673.6 12.73626    10
4676.34 12.73137    10
4679.09 12.73507    10
4681.84 12.73816    10
4684.59 12.73198    10
4687.34 12.732    10
4690.08 12.73478    10
4692.83 12.74232    10
4695.58 12.74556    10
4698.33 12.7439    10
4701.07 12.73993    10
4703.82 12.74456    10
4706.57 12.74881    10
4709.32 12.75443    10
4712.07 12.74769    10
4714.81 12.74432    10
4717.56 12.74745    10
4720.31 12.75649    10
4723.06 12.75935    10
4725.8 12.75995    10
4728.55 12.75767    10
4731.3 12.75828    10
4734.05 12.75925    10
4736.79 12.75783    10
4739.54 12.7591    10
4742.29 12.76323    10
4745.04 12.76643    10
4747.78 12.76719    10
4750.53 12.76568    10
4753.28 12.76883    10
4756.03 12.77217    10
4758.77 12.77787    10
4761.52 12.77819    10
4764.27 12.77353    10
4767.02 12.78149    10
4769.76 12.78065    10
4772.51 12.78592    10
4775.26 12.8015    10
4778.01 12.79851    10
4780.75 12.79496    10
4783.5 12.80052    10
4786.25 12.80018    10
4788.99 12.79918    10
4791.74 12.80682    10
4794.49 12.8077    10
4797.24 12.81945    10
4799.98 12.82392    10
4802.73 12.82153    10
4805.48 12.8354    10
4808.23 12.8378    10
4810.97 12.83965    10
4813.72 12.84531    10
4816.47 12.84924    10
4819.21 12.85292    10
4821.96 12.86112    10
4824.71 12.86917    10
4827.45 12.88196    10
4830.2 12.89229    10
4832.95 12.90355    10
4835.69 12.92137    10
4838.44 12.93837    10
4841.19 12.95832    10
4843.94 12.98336    10
4846.68 13.00283    10
4849.43 13.03571    10
4852.18 13.0773    10
4854.92 13.11696    10
4857.67 13.16155    10
4860.42 13.20202    10
4863.16 13.22173    10
4865.91 13.1886    10
4868.66 13.14996    10
4871.4 13.1094    10
4874.15 13.07729    10
4876.9 13.04259    10
4879.64 13.01686    10
4882.39 12.99058    10
4885.14 12.97308    10
4887.88 12.95651    10
4890.63 12.9384    10
4893.38 12.92503    10
4896.12 12.91541    10
4898.87 12.90845    10
4901.61 12.89832    10
4904.36 12.8879    10
4907.11 12.88548    10
4909.85 12.88061    10
4912.6 12.87847    10
4915.35 12.8728    10
4918.09 12.86904    10
4920.84 12.86124    10
4923.59 12.86384    10
4926.33 12.86456    10
4929.08 12.85741    10
4931.82 12.86269    10
4934.57 12.86402    10
4937.32 12.85806    10
4940.06 12.85416    10
4942.81 12.85393    10
4945.56 12.85245    10
4948.3 12.85084    10
4951.05 12.85312    10
4953.79 12.85056    10
4956.54 12.84953    10
4959.29 12.8548    10
4962.03 12.85711    10
4964.78 12.85587    10
4967.52 12.85307    10
4970.27 12.85126    10
4973.01 12.84829    10
4975.76 12.85572    10
4978.51 12.85686    10
4981.25 12.85962    10
4984. 12.85759    10
4986.74 12.85785    10
4989.49 12.85744    10
4992.24 12.85825    10
4994.98 12.86264    10
4997.73 12.86117    10
5000.47 12.85502    10
5003.22 12.85774    10
5005.96 12.85909    10
5008.71 12.86194    10
5011.45 12.86278    10
5014.2 12.86759    10
5016.95 12.86792    10
5019.69 12.86061    10
5022.44 12.86192    10
5025.18 12.87064    10
5027.93 12.86995    10
5030.67 12.87026    10
5033.42 12.86797    10
5036.16 12.8658    10
5038.91 12.87055    10
5041.65 12.87047    10
5044.4 12.8773    10
5047.14 12.88366    10
5049.89 12.87682    10
5052.64 12.87379    10
5055.38 12.87838    10
5058.13 12.88351    10
5060.87 12.88062    10
5063.62 12.8837    10
5066.36 12.88296    10
5069.11 12.882    10
5071.85 12.87701    10
5074.6 12.88297    10
5077.34 12.88158    10
5080.09 12.88029    10
5082.83 12.89151    10
5085.58 12.89597    10
5088.32 12.89587    10
5091.07 12.89548    10
5093.81 12.88671    10
5096.55 12.8891    10
5099.3 12.89305    10
5102.04 12.90139    10
5104.79 12.90301    10
5107.53 12.89691    10
5110.28 12.89227    10
5113.02 12.8905    10
5115.77 12.90053    10
5118.51 12.90084    10
5121.26 12.90482    10
5124. 12.8993    10
5126.75 12.89769    10
5129.49 12.89989    10
5132.23 12.90456    10
5134.98 12.90347    10
5137.72 12.90384    10
5140.47 12.9057    10
5143.21 12.91003    10
5145.96 12.91053    10
5148.7 12.91486    10
5151.45 12.90879    10
5154.19 12.90671    10
5156.93 12.91504    10
5159.68 12.91396    10
5162.42 12.91436    10
5165.17 12.92672    10
5167.91 12.92731    10
5170.65 12.92001    10
5173.4 12.91709    10
5176.14 12.9179    10
5178.89 12.91577    10
5181.63 12.92072    10
5184.37 12.92857    10
5187.12 12.92973    10
5189.86 12.92905    10
5192.61 12.92563    10
5195.35 12.93224    10
5198.09 12.92342    10
5200.84 12.92954    10
5203.58 12.92848    10
5206.33 12.92773    10
5209.07 12.93057    10
5211.81 12.93366    10
5214.56 12.9305    10
5217.3 12.92947    10
5220.04 12.93875    10
5222.79 12.94709    10
5225.53 12.9374    10
5228.27 12.94125    10
5231.02 12.94738    10
5233.76 12.94385    10
5236.5 12.93591    10
5239.25 12.94215    10
5241.99 12.95144    10
5244.73 12.94947    10
5247.48 12.94684    10
5250.22 12.94587    10
5252.96 12.95093    10
5255.71 12.95293    10
5258.45 12.95422    10
5261.19 12.95376    10
5263.94 12.95535    10
5266.68 12.9544    10
5269.42 12.95293    10
5272.17 12.95226    10
5274.91 12.95509    10
5277.65 12.96197    10
5280.4 12.96441    10
5283.14 12.96838    10
5285.88 12.96067    10
5288.62 12.95937    10
5291.37 12.95991    10
5294.11 12.96186    10
5296.85 12.97512    10
5299.6 12.96708    10
5302.34 12.95964    10
5305.08 12.96268    10
5307.82 12.96838    10
5310.57 12.97511    10
5313.31 12.96691    10
5316.05 12.96965    10
5318.79 12.97223    10
5321.54 12.97924    10
5324.28 12.97668    10
5327.02 12.97965    10
5329.76 12.97849    10
5332.51 12.98116    10
5335.25 12.98581    10
5337.99 12.97853    10
5340.73 12.97367    10
5343.48 12.9752    10
5346.22 12.97532    10
5348.96 12.98241    10
5351.7 12.99244    10
5354.44 12.97979    10
5357.19 12.98299    10
5359.93 12.98448    10
5362.67 12.98993    10
5365.41 12.99098    10
5368.15 12.98308    10
5370.9 12.98772    10
5373.64 12.9849    10
5376.38 12.99343    10
5379.12 12.9966    10
5381.86 12.99458    10
5384.61 12.99356    10
5387.35 12.99565    10
5390.09 12.99876    10
5392.83 13.00014    10
5395.57 12.99596    10
5398.31 12.99284    10
5401.06 12.99894    10
5403.8 13.00158    10
5406.54 13.00261    10
5409.28 13.00564    10
5412.02 13.00813    10
5414.76 13.00703    10
5417.5 13.00364    10
5420.25 13.00534    10
5422.99 13.01451    10
5425.73 13.0105    10
5428.47 13.0169    10
5431.21 13.01632    10
5433.95 13.00679    10
5436.69 13.01437    10
5439.43 13.01347    10
5442.18 13.01649    10
5444.92 13.0107    10
5447.66 13.01113    10
5453.46 13.02266    10
5458.33 13.02307    10
5463.2 13.0274    10
5468.07 13.02518    10
5472.94 13.02436    10
5477.81 13.02767    10
5482.68 13.03018    10
5487.55 13.02679    10
5492.42 13.03181    10
5497.3 13.03205    10
5502.17 13.0355    10
5507.04 13.03695    10
5511.91 13.03846    10
5516.78 13.03843    10
5521.65 13.04211    10
5526.52 13.04406    10
5531.39 13.04315    10
5536.27 13.04381    10
5541.14 13.04696    10
5546.01 13.05024    10
5550.88 13.05486    10
5555.75 13.05173    10
5560.62 13.05316    10
5565.5 13.05635    10
5570.37 13.06009    10
5575.24 13.06386    10
5580.11 13.06311    10
5584.98 13.0676    10
5589.86 13.06549    10
5594.73 13.06623    10
5599.6 13.0722    10
5604.47 13.07387    10
5609.34 13.07667    10
5614.22 13.07681    10
5619.09 13.07471    10
5623.96 13.07809    10
5628.83 13.07863    10
5633.71 13.0746    10
5638.58 13.08369    10
5643.45 13.0885    10
5648.32 13.08527    10
5653.2 13.08804    10
5658.07 13.08881    10
5662.94 13.09095    10
5667.82 13.09229    10
5672.69 13.09253    10
5677.56 13.09566    10
5682.43 13.0953    10
5687.31 13.0955    10
5692.18 13.09924    10
5697.05 13.10612    10
5701.93 13.10584    10
5706.8 13.10359    10
5711.67 13.10696    10
5716.55 13.10939    10
5721.42 13.1104    10
5726.29 13.1128    10
5731.17 13.11509    10
5736.04 13.1125    10
5740.91 13.11349    10
5745.79 13.11431    10
5750.66 13.11688    10
5755.54 13.11965    10
5760.41 13.12656    10
5765.28 13.12597    10
5770.16 13.13141    10
5775.03 13.12786    10
5779.91 13.13084    10
5784.78 13.12889    10
5789.65 13.13154    10
5794.53 13.13451    10
5799.4 13.13412    10
5804.28 13.13543    10
5809.15 13.13875    10
5814.02 13.14058    10
5818.9 13.14375    10
5823.77 13.14053    10
5828.65 13.14428    10
5833.52 13.14683    10
5838.4 13.15045    10
5843.27 13.15497    10
5848.15 13.15359    10
5853.02 13.15409    10
5857.9 13.1544    10
5862.77 13.15517    10
5867.65 13.15619    10
5872.52 13.16031    10
5877.4 13.15762    10
5882.27 13.16254    10
5887.15 13.165    10
5892.02 13.16314    10
5896.9 13.16928    10
5901.77 13.17045    10
5906.65 13.17304    10
5911.52 13.17566    10
5916.4 13.17329    10
5921.27 13.17468    10
5926.15 13.17505    10
5931.02 13.17712    10
5935.9 13.18282    10
5940.77 13.18626    10
5945.65 13.18461    10
5950.53 13.18628    10
5955.4 13.18577    10
5960.28 13.18879    10
5965.15 13.19096    10
5970.03 13.19161    10
5974.9 13.19031    10
5979.78 13.19521    10
5984.66 13.19805    10
5989.53 13.20065    10
5994.41 13.20654    10
5999.28 13.19909    10
6004.16 13.2039    10
6009.04 13.20435    10
6013.91 13.20894    10
6018.79 13.21079    10
6023.67 13.20687    10
6028.54 13.20818    10
6033.42 13.21565    10
6038.29 13.21692    10
6043.17 13.21362    10
6048.05 13.21553    10
6052.92 13.21597    10
6057.8 13.2211    10
6062.68 13.2175    10
6067.55 13.22281    10
6072.43 13.22492    10
6077.31 13.2267    10
6082.18 13.22647    10
6087.06 13.22899    10
6091.94 13.23117    10
6096.81 13.23627    10
6101.69 13.23534    10
6106.57 13.2347    10
6111.45 13.23465    10
6116.32 13.23946    10
6121.2 13.24098    10
6126.08 13.24147    10
6130.95 13.2413    10
6135.83 13.24069    10
6140.71 13.24417    10
6145.59 13.24484    10
6150.46 13.24792    10
6155.34 13.24981    10
6160.22 13.25096    10
6165.1 13.25083    10
6169.97 13.25542    10
6174.85 13.2595    10
6179.73 13.26131    10
6184.61 13.26398    10
6189.48 13.26251    10
6194.36 13.26242    10
6199.24 13.26272    10
6204.12 13.26326    10
6209. 13.26987    10
6213.87 13.2681    10
6218.75 13.27156    10
6223.63 13.27103    10
6228.51 13.27004    10
6233.38 13.27378    10
6238.26 13.27565    10
6243.14 13.27657    10
6248.02 13.27934    10
6252.9 13.28196    10
6257.78 13.28227    10
6262.65 13.28436    10
6267.53 13.28792    10
6272.41 13.29199    10
6277.29 13.28705    10
6282.17 13.28407    10
6287.05 13.28807    10
6291.92 13.29366    10
6296.8 13.29461    10
6301.68 13.29145    10
6306.56 13.28902    10
6311.44 13.29179    10
6316.32 13.30421    10
6321.2 13.30872    10
6326.07 13.31802    10
6330.95 13.324    10
6335.83 13.3225    10
6340.71 13.32194    10
6345.59 13.32078    10
6350.47 13.32125    10
6355.35 13.31625    10
6360.23 13.31903    10
6365.11 13.31788    10
6369.98 13.31863    10
6374.86 13.32188    10
6379.74 13.32212    10
6384.62 13.32627    10
6389.5 13.32951    10
6394.38 13.33091    10
6399.26 13.32961    10
6404.14 13.33076    10
6409.02 13.33519    10
6413.9 13.33717    10
6418.78 13.33818    10
6423.66 13.3384    10
6428.54 13.33907    10
6433.42 13.34216    10
6438.29 13.34871    10
6443.17 13.34869    10
6448.05 13.34651    10
6452.93 13.34649    10
6457.81 13.35157    10
6462.69 13.35395    10
6467.57 13.36076    10
6472.45 13.36393    10
6477.33 13.36266    10
6482.21 13.36707    10
6487.09 13.37469    10
6491.97 13.37663    10
6496.85 13.37246    10
6501.73 13.38065    10
6506.61 13.38721    10
6511.49 13.39548    10
6516.37 13.40774    10
6521.25 13.41949    10
6526.13 13.4305    10
6531.01 13.44685    10
6535.89 13.46328    10
6540.77 13.4796    10
6545.65 13.51175    10
6550.53 13.54547    10
6555.41 13.58836    10
6560.29 13.63123    10
6565.17 13.65342    10
6570.05 13.62469    10
6574.93 13.59058    10
6579.81 13.55103    10
6584.7 13.51859    10
6589.58 13.49846    10
6594.46 13.47519    10
6599.34 13.45374    10
6604.22 13.44588    10
6609.1 13.43651    10
6613.98 13.43521    10
6618.86 13.42621    10
6623.74 13.42184    10
6628.62 13.4228    10
6633.5 13.42171    10
6638.38 13.41961    10
6643.26 13.41965    10
6648.14 13.4198    10
6653.03 13.41965    10
6657.91 13.41898    10
6662.79 13.41708    10
6667.67 13.41714    10
6672.55 13.41422    10
6677.43 13.41779    10
6682.31 13.41672    10
6687.19 13.4194    10
6692.07 13.41927    10
6696.95 13.41883    10
6701.84 13.42268    10
6706.72 13.4211    10
6711.6 13.42393    10
6716.48 13.42457    10
6721.36 13.42183    10
6726.24 13.42522    10
6731.12 13.43011    10
6736. 13.43024    10
6740.89 13.43434    10
6745.77 13.4333    10
6750.65 13.42905    10
6755.53 13.43177    10
6760.41 13.4371    10
6765.29 13.43888    10
6770.17 13.43884    10
6775.06 13.43889    10
6779.94 13.44033    10
6784.82 13.44331    10
6789.7 13.44136    10
6794.58 13.44491    10
6799.46 13.45148    10
6804.35 13.45215    10
6809.23 13.4485    10
6814.11 13.44836    10
6818.99 13.45223    10
6823.87 13.4528    10
6828.75 13.45535    10
6833.64 13.4547    10
6838.52 13.45883    10
6843.4 13.45879    10
6848.28 13.46255    10
6853.16 13.46151    10
6858.05 13.46355    10
6862.93 13.46948    10
6867.81 13.47115    10
6872.69 13.47029    10
6877.57 13.46917    10
6882.46 13.47129    10
6887.34 13.46834    10
6892.22 13.47102    10
6897.1 13.47087    10
6901.98 13.47268    10
6906.87 13.47493    10
6911.75 13.47558    10
6916.63 13.47928    10
6921.51 13.47851    10
6926.4 13.47963    10
6931.28 13.48231    10
6936.16 13.48335    10
6941.04 13.48272    10
6945.92 13.48656    10
6950.81 13.49181    10
6955.69 13.48965    10
6960.57 13.49236    10
6965.45 13.49238    10
6970.34 13.49182    10
6975.22 13.48672    10
6980.1 13.49205    10
6984.98 13.49359    10
6989.87 13.49665    10
6994.75 13.4995    10
6999.63 13.50101    10
7004.51 13.50122    10
7009.4 13.50868    10
7014.28 13.51125    10
7019.16 13.51094    10
7024.05 13.51138    10
7028.93 13.51317    10
7033.81 13.51085    10
7038.69 13.51382    10
7043.58 13.51279    10
7048.46 13.5117    10
7053.34 13.51157    10
7058.22 13.51873    10
7063.11 13.51633    10
7067.99 13.52007    10
7072.87 13.51982    10
7077.76 13.5217    10
7082.64 13.52708    10
7087.52 13.52767    10
7092.41 13.52798    10
7097.29 13.52904    10
7102.17 13.53148    10
7107.05 13.52631    10
7111.94 13.5328    10
7116.82 13.53133    10
7121.7 13.53469    10
7126.59 13.53655    10
7131.47 13.54005    10
7136.35 13.53873    10
7141.24 13.54076    10
7146.12 13.54092    10
7151. 13.54054    10
7155.88 13.54279    10
7160.77 13.54462    10
7165.65 13.54535    10
7170.53 13.54488    10
7175.42 13.55112    10
7180.3 13.55031    10
7185.18 13.55374    10
7190.07 13.55315    10
7194.95 13.55296    10
7199.83 13.558    10
7204.72 13.56015    10
7209.6 13.55841    10
7214.48 13.56022    10
7219.37 13.55786    10
7224.25 13.56149    10
7229.13 13.56885    10
7234.02 13.56721    10
7238.9 13.56723    10
7243.78 13.56704    10
7248.67 13.56126    10
7253.55 13.56916    10
7258.44 13.57881    10
7263.32 13.5767    10
7268.2 13.57253    10
7273.09 13.57699    10
7277.97 13.5772    10
7282.85 13.57571    10
7287.74 13.58075    10
7292.62 13.58327    10
7297.5 13.58742    10
7302.39 13.58281    10
7307.27 13.586    10
7312.15 13.58972    10
7317.04 13.58927    10
7321.92 13.59147    10
7326.81 13.58876    10
7331.69 13.59071    10
7336.57 13.59148    10
7341.46 13.59689    10
7346.34 13.5975    10
7351.22 13.59475    10
7356.11 13.5994    10
7360.99 13.59961    10
7365.88 13.60253    10
7370.76 13.60303    10
7375.64 13.60088    10
7380.53 13.59989    10
7385.41 13.60435    10
7390.29 13.60381    10
7395.18 13.60812    10
7400.06 13.61544    10
7404.95 13.61343    10
7409.83 13.61245    10
7414.71 13.61678    10
7419.6 13.61869    10
7424.48 13.61828    10
7429.37 13.61684    10
7434.25 13.61737    10
7439.13 13.61857    10
7444.02 13.6233    10
7448.9 13.62763    10
7453.79 13.62717    10
7458.67 13.62499    10
7463.55 13.62538    10
7468.44 13.62005    10
7473.32 13.62609    10
7478.21 13.63287    10
7483.09 13.63452    10
7487.97 13.63478    10
7492.86 13.63919    10
7497.74 13.64243    10
7502.63 13.64179    10
7507.51 13.64138    10
7512.39 13.63866    10
7517.28 13.63685    10
7522.16 13.63908    10
7527.05 13.64408    10
7531.93 13.64838    10
7536.81 13.65187    10
7541.7 13.64919    10
7546.58 13.64708    10
7551.47 13.64687    10
7556.35 13.65148    10
7561.23 13.65316    10
7566.12 13.65118    10
7571. 13.65844    10
7575.89 13.6592    10
7580.77 13.65849    10
7585.66 13.66106    10
7590.54 13.66356    10
7595.42 13.66288    10
7600.31 13.66439    10
7605.19 13.66407    10
7610.08 13.6633    10
7614.96 13.66849    10
7619.84 13.67189    10
7624.73 13.67116    10
7629.61 13.67022    10
7634.5 13.67601    10
7639.38 13.67881    10
7644.27 13.68148    10
7649.15 13.67087    10
7654.03 13.6716    10
7658.92 13.67678    10
7663.8 13.68051    10
7668.69 13.68298    10
7673.57 13.6839    10
7678.46 13.68018    10
7683.34 13.68124    10
7688.22 13.68209    10
7693.11 13.68882    10
7697.99 13.68699    10
7702.88 13.68895    10
7707.76 13.69318    10
7712.65 13.69191    10
7717.53 13.69059    10
7722.41 13.69397    10
7727.3 13.6948    10
7732.18 13.693    10
7737.07 13.69704    10
7741.95 13.70099    10
7746.84 13.70064    10
7751.72 13.70202    10
7756.6 13.70447    10
7761.49 13.70139    10
7766.37 13.70792    10
7771.26 13.70083    10
7776.14 13.70583    10
7781.03 13.70663    10
7785.91 13.7061    10
7790.79 13.71526    10
7795.68 13.71413    10
7800.56 13.71281    10
7805.45 13.71528    10
7810.33 13.71349    10
7815.22 13.71745    10
7820.1 13.7152    10
7824.99 13.72298    10
7829.87 13.71861    10
7834.75 13.71997    10
7839.64 13.72099    10
7844.52 13.72408    10
7849.41 13.72953    10
7854.29 13.72818    10
7859.18 13.73186    10
7864.06 13.7277    10
7868.94 13.73158    10
7873.83 13.72912    10
7878.71 13.73067    10
7883.6 13.74013    10
7888.48 13.74229    10
7893.37 13.73244    10
7898.25 13.73534    10
7903.14 13.73793    10
7908.02 13.7439    10
7912.9 13.74286    10
7917.79 13.74738    10
7922.67 13.74859    10
7927.56 13.75101    10
7932.44 13.75277    10
7937.33 13.75349    10
7942.21 13.7474    10
7947.09 13.74923    10
7951.98 13.75598    10
7956.86 13.75365    10
7961.75 13.75021    10
7966.63 13.75663    10
7971.52 13.76144    10
7976.4 13.76289    10
7981.28 13.75548    10
7986.17 13.75486    10
7991.05 13.76311    10
7995.94 13.77345    10
8000.82 13.77266    10
8005.71 13.77259    10
8010.59 13.76577    10
8015.47 13.76494    10
8020.36 13.76175    10
8025.24 13.76598    10
8030.13 13.76336    10
8035.01 13.77442    10
8039.9 13.77389    10
8044.78 13.77786    10
8049.66 13.78339    10
8054.55 13.78368    10
8059.43 13.7831    10
8064.32 13.78033    10
8069.2 13.77961    10
8074.09 13.78152    10
8078.97 13.78622    10
8083.85 13.79195    10
8088.74 13.78957    10
8093.62 13.78634    10
8098.51 13.78865    10
8103.39 13.7912    10
8108.28 13.79464    10
8113.16 13.79469    10
8118.04 13.79546    10
8122.93 13.79929    10
8127.81 13.79909    10
8132.7 13.80086    10
8137.58 13.79967    10
8142.46 13.80192    10
8147.35 13.80004    10
8152.23 13.80111    10
8157.12 13.79698    10
8162. 13.79913    10
8166.89 13.79851    10
8171.77 13.80204    10
8176.65 13.80773    10
8181.54 13.81686    10
8186.42 13.81625    10
8191.31 13.81641    10
8196.19 13.8182    10
8201.07 13.81974    10
8205.96 13.81835    10
8210.84 13.81652    10
8215.73 13.81364    10
8220.61 13.81701    10
8225.49 13.82075    10
8230.38 13.82808    10
8235.26 13.83236    10
8240.15 13.82856    10
8245.03 13.82479    10
8249.91 13.82723    10
8254.8 13.82512    10
8259.68 13.83004    10
8264.57 13.8311    10
8269.45 13.83524    10
8274.33 13.83452    10
8279.22 13.83121    10
8284.1 13.83341    10
8288.99 13.83693    10
8293.87 13.83857    10
8298.75 13.84296    10
8303.64 13.84959    10
8308.52 13.84564    10
8313.41 13.84332    10
8318.29 13.84174    10
8323.17 13.83802    10
8328.06 13.84533    10
8332.94 13.84389    10
8337.82 13.84539    10
8342.71 13.85447    10
8347.59 13.85085    10
8352.48 13.86166    10
8357.36 13.86279    10
8362.24 13.85266    10
8367.13 13.85199    10
8372.01 13.85323    10
8376.89 13.85484    10
8381.78 13.85721    10
8386.66 13.85709    10
8391.55 13.86111    10
8396.43 13.8675    10
8401.31 13.87247    10
8406.2 13.87518    10
8411.08 13.86791    10
8415.96 13.87489    10
8420.85 13.86915    10
8425.73 13.87149    10
8430.61 13.87932    10
8435.5 13.86938    10
8440.38 13.87412    10
8445.26 13.87828    10
8450.15 13.8977    10
8455.03 13.89024    10
8459.92 13.88653    10
8464.8 13.87648    10
8469.68 13.87155    10
8474.57 13.87598    10
8479.45 13.88013    10
8484.33 13.88091    10
8489.22 13.88371    10
8494.1 13.87611    10
8498.98 13.88501    10
8503.87 13.89124    10
8508.75 13.8959    10
8513.63 13.89685    10
8518.52 13.89755    10
8523.4 13.90193    10
8528.28 13.8969    10
8533.17 13.89981    10
8538.05 13.89873    10
8542.93 13.90259    10
8547.82 13.8987    10
8552.7 13.9039    10
8557.58 13.90599    10
8562.47 13.90174    10
8567.35 13.8944    10
8572.23 13.89598    10
8577.11 13.8995    10
8582. 13.9055    10
8586.88 13.9077    10
8591.76 13.92295    10
8596.65 13.93354    10
8601.53 13.92787    10
8606.41 13.92001    10
8611.3 13.91654    10
8616.18 13.92349    10
8621.06 13.91108    10
8625.95 13.91785    10
8630.83 13.9144    10
8635.71 13.92006    10
8640.59 13.92112    10
8645.48 13.92232    10
8650.36 13.93346    10
8655.24 13.93584    10
8660.12 13.93303    10
8665.01 13.94218    10
8669.89 13.93549    10
8674.77 13.92849    10
8679.66 13.93164    10
8684.54 13.92722    10
8689.42 13.93619    10
8694.3 13.93045    10
8699.19 13.93202    10
8704.07 13.92815    10
8708.95 13.931    10
8713.83 13.93983    10
8718.72 13.93867    10
8723.6 13.93806    10
8728.48 13.94544    10
8733.37 13.94618    10
8738.25 13.93968    10
8743.13 13.94627    10
8748.01 13.94309    10
8752.89 13.94064    10
8757.78 13.94145    10
8762.66 13.94521    10
8767.54 13.94685    10
8772.42 13.94785    10
8777.31 13.95377    10
8782.19 13.95715    10
8787.07 13.96342    10
8791.95 13.96032    10
8796.84 13.96591    10
8801.72 13.96039    10
8806.6 13.95451    10
8811.48 13.95322    10
8816.36 13.96008    10
8821.25 13.96485    10
8826.13 13.97236    10
8831.01 13.97113    10
8835.89 13.96881    10
8840.78 13.96241    10
8845.66 13.95646    10
8850.54 13.96356    10
8855.42 13.96546    10
8860.3 13.9665    10
8865.18 13.97878    10
8870.07 13.9719    10
8874.95 13.97495    10
8879.83 13.98454    10
8884.71 13.974    10
8889.59 13.97302    10
8894.48 13.98034    10
8899.36 13.98292    10
8904.24 13.98238    10
8909.12 13.97967    10
8914. 13.98074    10
8918.88 13.9769    10
8923.77 13.98032    10
8928.65 13.98368    10
8933.53 13.99144    10
8938.41 13.99657    10
8943.29 13.99643    10
8948.17 13.99249    10
8953.06 13.99273    10
8957.94 13.99215    10
8962.82 13.99839    10
8967.7 13.99104    10
8972.58 14.0062    10
8977.46 14.00579    10
8982.34 14.00124    10
8987.22 14.00266    10
8992.11 13.99888    10
8996.99 13.99684    10
9001.87 14.00713    10
9006.75 14.01464    10
9011.63 14.01072    10
9016.51 13.99914    10
9021.39 14.01    10
9026.27 14.00508    10
9031.16 14.00063    10
9036.04 14.0087    10
9040.92 14.01605    10
9045.8 14.01736    10
9050.68 14.02208    10
9055.56 14.01786    10
9060.44 14.01527    10
9065.32 14.00701    10
9070.2 14.00762    10
9075.08 14.00494    10
9079.96 14.01886    10
9084.84 14.01446    10
9089.73 14.02139    10
9094.61 14.0208    10
9099.49 14.02363    10
9104.37 14.02613    10
9109.25 14.02571    10
9114.13 14.02637    10
9119.01 14.03141    10
9123.89 14.03195    10
9128.77 14.0312    10
9133.65 14.0366    10
9138.53 14.03516    10
9143.41 14.02775    10
9148.29 14.02703    10
9153.17 14.03011    10
9158.05 14.04272    10
9162.93 14.04448    10
9167.81 14.04945    10
9172.69 14.05338    10
9177.57 14.04945    10
9182.45 14.04763    10
9187.33 14.04278    10
9192.21 14.04092    10
9197.09 14.04008    10
9201.97 14.04768    10
9206.85 14.05217    10
9211.73 14.06159    10
9216.61 14.06749    10
9221.49 14.07012    10
9226.37 14.06789    10
9231.25 14.05796    10
9236.13 14.05467    10
9241.01 14.06189    10
9245.89 14.06488    10
9250.77 14.06898    10
9255.65 14.06015    10
9260.53 14.06332    10
9265.41 14.06174    10
9270.29 14.05772    10
9275.17 14.06797    10
9280.05 14.07406    10
9284.93 14.07105    10
9289.81 14.08244    10
9294.69 14.07235    10
9299.57 14.04656    10
9304.45 14.05728    10
9309.33 14.06217    10
9314.21 14.06604    10
9319.08 14.07524    10
9323.96 14.07237    10
9328.84 14.07471    10
9333.72 14.07183    10
9338.6 14.06392    10
9343.48 14.06997    10
9348.36 14.06932    10
9353.24 14.06948    10
9358.12 14.07072    10
9363. 14.07335    10
9367.88 14.08631    10
9372.75 14.07257    10
9377.63 14.06776    10
9382.51 14.0647    10
9387.39 14.07135    10
9392.27 14.0821    10
9397.15 14.08017    10
9402.03 14.07618    10
9406.91 14.09378    10
9411.78 14.09093    10
9416.66 14.09061    10
9421.54 14.08903    10
9426.42 14.103    10
9431.3 14.09642    10
9436.18 14.09518    10
9441.05 14.09592    10
9445.93 14.09005    10
9450.81 14.0998    10
9455.69 14.10622    10
9460.57 14.11173    10
9465.45 14.10773    10
9470.32 14.10466    10
9475.2 14.1006    10
9480.08 14.09855    10
9484.96 14.11111    10
9489.84 14.11906    10
9494.71 14.12583    10
9499.59 14.12047    10
9504.47 14.12175    10
9509.35 14.1174    10
9514.23 14.12093    10
9519.1 14.12006    10
9523.98 14.13437    10
9528.86 14.13612    10
9533.74 14.1405    10
9538.61 14.14809    10
9543.49 14.14516    10
9548.37 14.14964    10
9553.25 14.13984    10
9558.12 14.13441    10
9563. 14.1484    10
9567.88 14.14127    10
9572.76 14.14377    10
9577.63 14.14708    10
9582.51 14.14027    10
9587.39 14.14141    10
9592.26 14.13694    10
9597.14 14.14784    10
9602.02 14.13814    10
9606.9 14.13571    10
9611.77 14.13702    10
9616.65 14.13679    10
9621.53 14.13895    10
9626.4 14.12348    10
9631.28 14.12792    10
9636.16 14.13393    10
9641.03 14.14724    10
9645.91 14.14711    10
9650.79 14.14149    10
9655.66 14.14809    10
9660.54 14.13321    10
9665.42 14.12823    10
9670.29 14.13274    10
9675.17 14.14307    10
9680.05 14.14666    10
9684.92 14.14714    10
9689.8 14.13721    10
9694.68 14.12279    10
9699.55 14.12878    10
9704.43 14.1279    10
9709.3 14.13293    10
9714.18 14.13944    10
9719.06 14.14978    10
9723.93 14.15111    10
9728.81 14.14211    10
9733.68 14.13496    10
9738.56 14.12962    10
9743.44 14.14473    10
9748.31 14.13952    10
9753.19 14.13723    10
9758.06 14.15517    10
9762.94 14.14709    10
9767.81 14.1431    10
9772.69 14.13947    10
9777.57 14.15403    10
9782.44 14.15425    10
9787.32 14.153    10
9792.19 14.15622    10
9797.07 14.1595    10
9801.94 14.16577    10
9806.82 14.15995    10
9811.69 14.15662    10
9816.57 14.15974    10
9821.44 14.15591    10
9826.32 14.1729    10
9831.19 14.16809    10
9836.07 14.17489    10
9840.94 14.16076    10
9845.82 14.16558    10
9850.69 14.16191    10
9855.57 14.15865    10
9860.44 14.16713    10
9865.32 14.17065    10
9870.19 14.17871    10
9875.07 14.17764    10
9879.94 14.165    10
9884.82 14.15965    10
9889.69 14.16069    10
9894.56 14.17509    10
9899.44 14.18725    10
9904.31 14.19426    10
9909.19 14.1872    10
9914.06 14.19268    10
9918.94 14.19666    10
9923.81 14.2018    10
9928.68 14.236    10
9933.56 14.20438    10
9938.43 14.2019    10
9943.31 14.21166    10
9948.18 14.20204    10
9953.05 14.18687    10
9957.93 14.20262    10
9962.8 14.20598    10
9967.67 14.22356    10
9972.55 14.23004    10
9977.42 14.21544    10
9982.3 14.22689    10
9987.17 14.21859    10
9992.04 14.23236    10
9996.92 14.24613    10
10001.8 14.25172    10
10006.7 14.23021    10
10011.5 14.22509    10
10016.4 14.23729    10
10021.3 14.24065    10
10026.2 14.26267    10
10031. 14.2598    10
10035.9 14.26762    10
10040.8 14.25652    10
10045.6 14.26675    10
10050.5 14.26078    10
10055.4 14.27296    10
10060.3 14.2703    10
10065.1 14.28484    10
10070. 14.27037    10
10074.9 14.26468    10
10079.8 14.25788    10
10084.6 14.25409    10
10089.5 14.25825    10
10094.4 14.26942    10
10099.2 14.27411    10
10104.1 14.26743    10
10109. 14.25011    10
10113.9 14.24677    10
10118.7 14.24803    10
10123.6 14.23803    10
10128.5 14.26969    10
10133.4 14.25799    10
10138.2 14.24708    10
10143.1 14.24756    10
10148. 14.23335    10
10173.5 14.23804    10
10201.6 14.23873    10
10229.7 14.24128    10
10257.9 14.24464    10
10286. 14.24615    10
10314.2 14.2492    10
10342.3 14.25694    10
10370.4 14.26267    10
10398.6 14.26585    10
10426.7 14.27223    10
10454.8 14.27782    10
10483. 14.2812    10
10511.1 14.28824    10
10539.3 14.29624    10
10567.4 14.30182    10
10595.5 14.30848    10
10623.7 14.31139    10
10651.8 14.31657    10
10680. 14.3229    10
10708.1 14.32946    10
10736.2 14.33812    10
10764.4 14.34297    10
10792.5 14.35288    10
10820.6 14.36667    10
10848.8 14.38328    10
10876.9 14.40569    10
10905.1 14.42843    10
10933.2 14.44521    10
10961.3 14.45752    10
10989.5 14.44788    10
11017.6 14.4367    10
11045.7 14.42319    10
11073.9 14.41316    10
11102. 14.41087    10
11130.2 14.41102    10
11158.3 14.41579    10
11186.4 14.41753    10
11214.6 14.41616    10
11242.7 14.42081    10
11270.9 14.42809    10
11299. 14.43647    10
11327.1 14.44541    10
11355.3 14.45237    10
11383.4 14.45644    10
11411.5 14.4603    10
11439.7 14.46597    10
11467.8 14.46995    10
11496. 14.47269    10
11524.1 14.47594    10
11552.2 14.47976    10
11580.4 14.48508    10
11608.5 14.48943    10
11636.6 14.49236    10
11664.8 14.49517    10
11692.9 14.50324    10
11720.2 14.50632    10
11760.2 14.51099    10
11800.1 14.5194    10
11840.1 14.52923    10
11880.1 14.53797    10
11920.1 14.54344    10
11960.1 14.54843    10
12000.1 14.55625    10
12040.1 14.56392    10
12080.1 14.57104    10
12120. 14.57749    10
12160. 14.58332    10
12200. 14.58883    10
12240. 14.59553    10
12280. 14.60526    10
12320. 14.61314    10
12360. 14.61976    10
12400. 14.62693    10
12439.9 14.63621    10
12479.9 14.64736    10
12519.9 14.65734    10
12559.9 14.66899    10
12599.9 14.67911    10
12639.9 14.6891    10
12679.9 14.70342    10
12719.9 14.72337    10
12759.9 14.75035    10
12799.8 14.77487    10
12839.8 14.78065    10
12879.8 14.77903    10
12919.8 14.76556    10
12959.8 14.75278    10
12999.8 14.74309    10
13039.8 14.7422    10
13079.8 14.74355    10
13119.7 14.74771    10
13159.7 14.7564    10
13199.7 14.76386    10
13239.7 14.76939    10
13279.7 14.77154    10
13319.7 14.77445    10
13359.7 14.77946    10
13399.7 14.78585    10
13439.6 14.79216    10
13479.6 14.79824    10
13519.6 14.80337    10
13559.6 14.80954    10
13599.6 14.81704    10
13639.6 14.82381    10
13679.6 14.82983    10
13719.6 14.83556    10
13759.5 14.84122    10
13799.5 14.84621    10
13839.5 14.85077    10
13879.5 14.8559    10
13919.5 14.86355    10
13959.5 14.8708    10
13999.5 14.87527    10
14039.5 14.87874    10
14079.5 14.88292    10
14119.4 14.88821    10
14159.4 14.89379    10
14199.4 14.90221    10
14239.4 14.90884    10
14279.4 14.91389    10
14319.4 14.91904    10
14359.4 14.92329    10
14399.4 14.92723    10
14439.3 14.93337    10
14479.3 14.9418    10
14519.3 14.94885    10
14559.3 14.95567    10
14599.3 14.96276    10
14639.3 14.96828    10
14679.3 14.97287    10
14719.3 14.97582    10
14759.2 14.97832    10
14799.2 14.98561    10
14839.2 14.99308    10
14879.2 14.99898    10
14919.2 15.00365    10
14959.2 15.00859    10
14999.2 15.01533    10
15039.2 15.02241    10
15079.2 15.02776    10
15119.1 15.0343    10
15159.1 15.0403    10
15199.1 15.04504    10
15239.1 15.04937    10
15279.1 15.05389    10
15319.1 15.05832    10
15359.1 15.06518    10
15399.1 15.07154    10
15439. 15.07475    10
15479. 15.07823    10
15519. 15.08274    10
15559. 15.09017    10
15599. 15.09803    10
15639. 15.10296    10
15679. 15.10722    10
15719. 15.11312    10
15758.9 15.11946    10
15798.9 15.1236    10
15838.9 15.12828    10
15878.9 15.13345    10
15918.9 15.14008    10
15958.9 15.1457    10
15998.9 15.15133    10
16038.9 15.15632    10
16078.8 15.16054    10
16118.8 15.16641    10
16158.8 15.17208    10
16198.8 15.17878    10
16238.8 15.18574    10
16278.8 15.19173    10
16318.8 15.19504    10
16358.8 15.1987    10
16398.8 15.20409    10
16438.7 15.20974    10
16478.7 15.21445    10
16518.7 15.21973    10
16558.7 15.22479    10
16598.7 15.22881    10
16638.7 15.23457    10
16678.7 15.24092    10
16718.7 15.24644    10
16758.6 15.25111    10
16798.6 15.25665    10
16838.6 15.26159    10
16878.6 15.26598    10
16918.6 15.27068    10
16958.6 15.27512    10
16998.6 15.27828    10
17038.6 15.28365    10
17078.5 15.28973    10
17118.5 15.29419    10
17158.5 15.29859    10
17198.5 15.30257    10
17238.5 15.30945    10
17278.5 15.31631    10
17318.5 15.32206    10
17358.5 15.32671    10
17398.5 15.33085    10
17438.4 15.33434    10
17478.4 15.33857    10
17518.4 15.34427    10
17558.4 15.35001    10
17598.4 15.35496    10
17638.4 15.35772    10
17678.4 15.36008    10
17718.4 15.36477    10
17758.3 15.37169    10
17798.3 15.37628    10
17838.3 15.3798    10
17878.3 15.38261    10
17918.3 15.38696    10
17958.3 15.39435    10
17998.3 15.40143    10
18038.3 15.40841    10
18078.2 15.41402    10
18118.2 15.41788    10
18158.2 15.42112    10
18198.2 15.42745    10
18238.2 15.43188    10
18278.2 15.43779    10
18318.2 15.44271    10
18358.2 15.44631    10
18398.2 15.45034    10
18438.1 15.45318    10
18478.1 15.45778    10
18518.1 15.46294    10
18558.1 15.47483    10
18598.1 15.48575    10
18638.1 15.49937    10
18678.1 15.51281    10
18718.1 15.52844    10
18758. 15.53548    10
18798. 15.535    10
18838. 15.52952    10
18878. 15.52164    10
18903.9 15.50609    10
18961.3 15.50771    10
19018.7 15.51434    10
19076.1 15.52039    10
19133.5 15.52873    10
19190.9 15.53791    10
19248.3 15.54777    10
19305.7 15.55305    10
19363.1 15.55924    10
19420.5 15.56579    10
19477.9 15.57065    10
19535.3 15.57753    10
19592.7 15.58347    10
19650.1 15.58878    10
19707.5 15.59209    10
19764.9 15.59835    10
19822.3 15.60696    10
19879.7 15.61427    10
19937.1 15.61358    10
19994.5 15.61469    10
20051.9 15.61862    10
20109.3 15.62132    10
20166.7 15.62698    10
20224.1 15.63551    10
20281.5 15.64336    10
20338.9 15.64513    10
20396.3 15.64854    10
20453.7 15.65946    10
20511.1 15.66904    10
20568.4 15.67714    10
20625.8 15.67424    10
20683.2 15.67709    10
20740.6 15.6859    10
20798. 15.69379    10
20855.4 15.70353    10
20912.8 15.70639    10
20970.2 15.70647    10
21027.6 15.70983    10
21085. 15.7131    10
21142.4 15.71959    10
21199.8 15.72964    10
21257.2 15.73898    10
21314.6 15.74846    10
21372. 15.7611    10
21429.4 15.7646    10
21486.8 15.77014    10
21544.2 15.78457    10
21601.6 15.79958    10
21659. 15.80576    10
21716.4 15.80572    10
21773.8 15.80762    10
21831.2 15.80789    10
21888.6 15.80791    10
21946. 15.81091    10
22003.4 15.81378    10
22060.8 15.81644    10
22118.2 15.82145    10
22175.6 15.82795    10
22233. 15.83153    10
22290.3 15.83285    10
22347.7 15.83584    10
22405.1 15.84229    10
22462.5 15.85246    10
22519.9 15.8572    10
22577.3 15.85566    10
22634.7 15.85426    10
22692.1 15.86006    10
22749.5 15.87339    10
22806.9 15.88563    10
22864.3 15.89243    10
22921.7 15.89324    10
22979.1 15.89403    10
23036.5 15.89857    10
23093.9 15.90432    10
23151.3 15.91143    10
23208.7 15.9199    10
23266.1 15.92378    10
23323.5 15.92625    10
23380.9 15.93829    10
23438.3 15.94865    10
23495.7 15.9529    10
23553.1 15.95467    10
23610.5 15.95901    10
23667.9 15.96484    10
23725.3 15.97086    10
23782.7 15.97629    10
23840.1 15.98338    10
23897.5 15.989    10
23954.9 15.99179    10
24012.2 15.9987    10
24069.6 16.00712    10
24127. 16.01102    10
24184.4 16.01088    10
24241.8 16.01162    10
24299.2 16.01472    10
24356.6 16.01911    10
24414. 16.02763    10
24471.4 16.03344    10
24528.8 16.0339    10
24586.2 16.03412    10
24643.6 16.03999    10
24701. 16.04382    10
24758.4 16.04922    10
24815.8 16.04285    10
24873.2 16.03947    10
24930.6 16.03402    10
24988. 16.03141    10