# BEGIN CATALOG HEADER 
# nfields 8 
#     id 1 0 c INDEF %15s 
#     ra 2 0 d degrees %10.5f 
#     dec 3 0 d degrees %10.5f 
#     magV  4 0 r INDEF %6.2f 
#     magBV 5 0 r INDEF %6.2f 
#     magUB 6 0 r INDEF %6.2f 
#     magVR 7 0 r INDEF %6.2f 
#     magRI 8 0 r INDEF %6.2f 
# END CATALOG HEADER 
#
1   218.053991667  10.0032611111  16.223  0.476 9999.0 9999.0 9999.0
2   218.103908333  10.0041138889  17.786  0.616 9999.0 9999.0 9999.0
4   218.266895833  9.98666944444  15.440  0.498 9999.0 9999.0 9999.0
5   218.107866667  9.98506944444  18.672  0.596 9999.0 9999.0 9999.0
6   218.2430375    9.97885277778  14.128  0.799 9999.0 9999.0 9999.0
7   218.153195833  9.98009027778  17.948  0.989 9999.0 9999.0 9999.0
8   218.10175      9.97840833333  17.359  0.854 9999.0 9999.0 9999.0
10  218.268008333  9.97237777778  17.494  1.272 9999.0 9999.0 9999.0
11  218.080541667  9.96290833333  16.402  1.031 9999.0 9999.0 9999.0
12  218.134470833  9.96321388889  17.428  0.566 9999.0 9999.0 9999.0
13  218.0925375    9.95921388889  16.132  0.306 9999.0 9999.0 9999.0
14  218.2555875    9.95709444444  14.119  0.409 9999.0 9999.0 9999.0
16  218.306745833  9.95747222222  16.066  0.523 9999.0 9999.0 9999.0
17  218.305391667  9.94844444444  18.500  0.472 9999.0 9999.0 9999.0
18  218.190166667  9.94639166667  17.846  0.366 9999.0 9999.0 9999.0
19  218.15625      9.94423611111  15.958  0.825 9999.0 9999.0 9999.0
20  218.1921875    9.93621666667  17.197  0.533 9999.0 9999.0 9999.0
21  218.145583333  9.936625       17.822  0.854 9999.0 9999.0 9999.0
22  218.25951875   9.93427777778  16.797  0.632 9999.0 9999.0 9999.0
23  218.148108333  9.93319722222  16.499  0.575 9999.0 9999.0 9999.0
24  218.280758333  9.9311375      16.462  0.634 9999.0 9999.0 9999.0
25  218.1935625    9.93126944444  17.895  0.912 9999.0 9999.0 9999.0
27  218.069852083  9.92192222222  17.386  0.168 9999.0 9999.0 9999.0
28  218.312208333  9.91423888889  17.335  0.642 9999.0 9999.0 9999.0
29  218.135945833  9.91237222222  16.204  0.544 9999.0 9999.0 9999.0
30  218.259691667  9.91143888889  16.078  1.345 9999.0 9999.0 9999.0
31  218.1814875    9.906625       15.759  0.834 9999.0 9999.0 9999.0
33  218.277395833  9.90238333333  17.355  0.284 9999.0 9999.0 9999.0
34  218.180975     9.90063333333  16.674  0.422 9999.0 9999.0 9999.0
35  218.314839583  9.88562916667  16.984  1.361 9999.0 9999.0 9999.0
36  218.2015       9.88258611111  17.306  0.382 9999.0 9999.0 9999.0
38  218.240416667  9.87294166667  17.946  0.501 9999.0 9999.0 9999.0
39  218.143904167  9.75176666667  15.423  0.553 9999.0 9999.0 9999.0
41  218.29164375   9.75870694444  17.838  1.198 9999.0 9999.0 9999.0
42  218.152729167  9.759225       17.264  0.437 9999.0 9999.0 9999.0
43  218.0745625    9.79901111111  16.820  0.79  9999.0 9999.0 9999.0
44  218.2327625    9.79684444444  16.977  0.737 9999.0 9999.0 9999.0
45  218.1132625    9.77794027778  18.025  0.534 9999.0 9999.0 9999.0
46  218.239108333  9.78154444444  17.656  1.008 9999.0 9999.0 9999.0
47  218.1343375    9.78766666667  16.977  0.58  9999.0 9999.0 9999.0
48  218.273695833  9.78298333333  13.656  0.733 9999.0 9999.0 9999.0
49  218.168725     9.76487777778  14.064  0.435 9999.0 9999.0 9999.0
52  218.186275     9.81039722222  16.911  0.636 9999.0 9999.0 9999.0
53  218.3058125    9.81741666667  16.059  0.532 9999.0 9999.0 9999.0
54  218.246545833  9.756375       16.804  0.437 9999.0 9999.0 9999.0
57  218.1168875    9.82840555556  16.570  1.305 9999.0 9999.0 9999.0
58  218.109970833  9.83579166667  16.374  0.55  9999.0 9999.0 9999.0
59  218.073566667  9.83524722222  17.176  0.465 9999.0 9999.0 9999.0
63  218.26605      9.84754166667  17.460  0.464 9999.0 9999.0 9999.0
64  218.30884375   9.86715833333  17.726  0.776 9999.0 9999.0 9999.0
65  218.2912875    9.85950277778  16.734  0.512 9999.0 9999.0 9999.0
66  218.312283333  9.86027222222  14.534  0.526 9999.0 9999.0 9999.0
70  218.158825     9.87330555556  16.426  0.703 9999.0 9999.0 9999.0
71  218.257966667  9.98464444444  12.512  0.618 9999.0 9999.0 9999.0
72  218.269479167  9.9489         17.839  0.589 9999.0 9999.0 9999.0
73  218.142970833  9.89443333333  16.650  1.143 9999.0 9999.0 9999.0
75  218.1331125    9.97677777778  11.705  0.514 9999.0 9999.0 9999.0
77  218.2031375    9.74926944444  13.639  0.694 9999.0 9999.0 9999.0
79  218.267783333  10.0115319444  17.689  0.773 9999.0 9999.0 9999.0
81  218.246845833  9.96949166667  17.694  1.18  9999.0 9999.0 9999.0
89  218.044920833  9.88458194444  17.795  0.491 9999.0 9999.0 9999.0
94  218.045329167  9.81574722222  17.227  1.052 9999.0 9999.0 9999.0
97  218.233654167  9.86958611111  17.439  1.07  9999.0 9999.0 9999.0
99  218.190816667  9.94532222222  17.254  0.623 9999.0 9999.0 9999.0
112  218.3266125   9.86834722222  16.641  1.115 9999.0 9999.0 9999.0
116  218.20086875  9.91585694444  17.725  -0.016 9999.0 9999.0 9999.0
123  218.326204167 9.78630277778  17.052  0.523 9999.0 9999.0 9999.0
150  218.2941875   9.99088611111  16.674  0.811 9999.0 9999.0 9999.0
