#  BEGIN  CATALOG  HEADER 0 0  
#  nfields  82   0 0  
#  id  1  0 0 0 %15s 
#  ra  2  0 0 0 %10.5f 
#  dec  3  0 0 0 %10.5f 
#  magV  4  0 0 0 %6.2f 
#  magBV  5  0 0 0 %6.2f 
#  magUB  6  0 0 0 %6.2f 
#  magVR  7  0 0 0 %6.2f 
#  magRI  8  0 0 0 %6.2f 
#  END  CATALOG  HEADER 0 0  
#       0 0  
1  64.8658125      -54.8138986111  17.849  0.403  9980.  9999  9999
2  65.1918416667   -54.8250666667  17.791  0.569  9980.  9999  9999
3  65.0721979167   -54.8272444444  17.715  0.07   9981.  9999  9999
4  65.163925       -54.8329819444  15.907  0.797  9982.  9999  9999
5  64.93935625     -54.8412111111  17.439  0.623  9980.  9999  9999
6  65.0023541667   -54.8471888889  14.750  0.756  0.668  9999  9999
7  64.9566208333   -54.8509805556  12.323  0.613  0.335  9999  9999
8  64.8767541667   -54.8529777778  14.464  0.455  0.099  9999  9999
9  65.0994333333   -54.8535861111  15.669  0.529  0.224  9999  9999
10  65.1426958333  -54.8603611111  15.936  0.745  9982   9999  9999
11  64.8620791667  -54.8606444444  16.343  0.561  9982.  9999  9999
12  64.8728833333  -54.8657819444  17.236  0.419  9981   9999  9999
13  65.1815916667  -54.8696861111  14.593  0.62   0.303  9999  9999
14  64.9901291667  -54.86675       17.956  0.364  9980   9999  9999
15  64.88486875    -54.8779611111  9999.0  9999   9980   9999  9999
16  65.1598625     -54.8799111111  16.626  9982.  999    9999  9999
17  65.1201125     -54.8885694444  16.710  0.658  9981.  9999  9999
18  64.88141875    -54.8887263889  16.511  0.822  9981.  9999  9999
19  64.9938125     -54.8896944444  17.017  0.671  9981.  9999  9999
20  64.9248875     -54.8907        16.642  0.592  9981.  9999  9999
21  64.8418979167  -54.8913111111  18.238  9980.  9999   9999  9999
22  64.8357854167  -54.9001347222  12.719  0.441  0.088  9999  9999
23  65.1283479167  -54.9040527778  9999.0  9999   9983.  9999  9999
24  64.908075      -54.9028944444  15.900  0.752  9982.  9999  9999
25  65.1867208333  -54.9054583333  14.599  0.927  0.843  9999  9999
26  65.1377625     -54.9052277778  15.253  0.839  9982.  9999  9999
27  65.1791458333  -54.9073944444  15.670  0.55   0.281  9999  9999
28  64.9959416667  -54.9084833333  14.118  0.652  0.428  9999  9999
29  65.0474291667  -54.9136027778  14.562  0.518  0.076  9999  9999
30  64.7746833333  -54.9126375     16.342  0.601  9982.  9999  9999
31  65.0807291667  -54.9213138889  14.196  0.574  0.217  9999  9999
32  65.0111958333  -54.9206444444  15.409  0.653  0.198  9999  9999
33  65.2230020833  -54.9353277778  13.339  0.463  9985.  9999  9999
34  65.117675      -54.9377277778  16.760  0.718  9981.  9999  9999
35  65.057725      -54.9428166667  11.913  0.488  9986.  9999  9999
36  65.1105333333  -55.0507027778  13.008  0.745  0.524  9999  9999
37  64.92225       -55.0382347222  17.301  0.921  9980.  9999  9999
38  65.151275      -55.0500694444  16.099  0.673  9982.  9999  9999
40  65.0002958333  -55.0138083333  15.771  0.442  0.017  9999  9999
41  65.1451041667  -55.0155055556  15.790  1.008  9982.  9999  9999
42  64.7984125     -55.0055430556  13.724  0.488  0.116  9999  9999
43  65.0979083333  -55.0070694444  14.932  0.435  0.039  9999  9999
44  64.9535770833  -54.9995722222  13.831  0.533  0.196  9999  9999
45  64.816225      -55.0705361111  17.043  0.485  9981.  9999  9999
46  64.826775      -55.0585694444  13.320  0.464 -0.003  9999  9999
47  65.0924291667  -55.0451055556  13.353  0.594  0.281  9999  9999
48  64.8212083333  -55.0549388889  16.641  0.602  9981.  9999  9999
49  65.1212229167  -54.9891055556  16.782  0.777  9981.  9999  9999
50  64.9202395833  -54.9828472222  17.650  9981.  9999   9999  9999
51  65.0362875     -55.02915       16.602  9982.  9999   9999  9999
52  65.0936291667  -54.9502027778  16.991  1.132  9980.  9999  9999
53  65.1356        -54.9463888889  15.332  0.599  0.124  9999  9999
54  65.045475      -54.9511972222  16.707  0.461  9981.  9999  9999
55  64.8853958333  -54.9490847222  17.025  1.289  9980.  9999  9999
56  64.926875      -54.9612611111  14.790  0.7    0.606  9999  9999
57  64.8534166667  -54.9693972222  18.211  0.363  9980.  9999  9999
58  64.8674375     -54.9640666667  16.742  0.739  9981.  9999  9999
59  64.9947083333  -54.9620847222  9999.0  0      9983.  9999  9999
60  65.0448041667  -54.9534166667  15.738  0.47   0.121  9999  9999
61  64.939875      -54.9557486111  15.837  0.691  9982.  9999  9999
62  64.9468791667  -55.0634638889  16.561  0.493  9981.  9999  9999
63  64.8527583333  -54.8278055556  14.723  0.751  0.702  9999  9999
64  65.2013229167  -54.8326111111  18.324  0.097  9980.  9999  9999
65  64.9958229167  -54.8109277778  16.137  0.931  9981.  9999  9999
66  65.0178458333  -54.8462388889  17.625  1.121  9980.  9999  9999
67  65.0358375     -54.8501111111  17.404  9981.  0      9999  9999
68  65.1059145833  -54.9087652778  18.792  0.694  9979.  9999  9999
69  65.0407791667  -55.0612861111  17.409  1.389  9980.  9999  9999
70  64.9892583333  -55.050825      17.614  1.333  9980.  9999  9999
71  65.0401041667  -55.0431916667  18.565  0.464  9979.  9999  9999
72  65.0743479167  -55.0028208333  17.961  0.675  9980.  9999  9999
73  65.0151041667  -54.9871555556  18.725  0.269  9980.  9999  9999
74  65.1294416667  -54.9793208333  18.837  0.579  9979.  9999  9999
75  65.0601083333  -54.9569583333  17.935  1.05   9980.  9999  9999
76  65.0137166667  -55.0654666667  17.383  1.499  9980.  9999  9999
77  65.1975333333  -55.0436777778  16.007  1.259  9981.  9999  9999
78  65.1965083333  -54.9809777778  14.017  0.736  0.489  9999  9999
82  64.8606166667  -54.8590416667  17.413  9981.  0      9999  9999
83  65.134025      -55.0620777778  17.709  1.428  9979.  9999  9999
85  65.07195625    -55.05675       9999.0  9979.  9979.  9999  9999
90  65.2063520833  -54.9656472222  18.590  9980.  0      9999  9999
105  65.013875     -54.96175       15.254 0.885   9982.  9999  9999
