# BEGIN CATALOG HEADER 
# nfields 82 
#     id 1 0 c INDEF %15s 
#     ra 2 0 d degrees %10.5f 
#     dec 3 0 d degrees %10.5f 
#     magV  4 0 r INDEF %6.2f 
#     magBV 5 0 r INDEF %6.2f 
#     magUB 6 0 r INDEF %6.2f 
#     magVR 7 0 r INDEF %6.2f 
#     magRI 8 0 r INDEF %6.2f 
# END CATALOG HEADER 
#
   1     64.8658125 -54.8138986111  17.849     9999.0     18.252      9999.0     9999.0    
   2  65.1918416667 -54.8250666667  17.791     9999.0     18.360      9999.0     9999.0    
   3  65.0721979167 -54.8272444444  17.715     9999.0     17.785      9999.0     9999.0    
   4      65.163925 -54.8329819444  15.907     9999.0     16.704      9999.0     9999.0    
   5    64.93935625 -54.8412111111  17.439     9999.0     18.062      9999.0     9999.0    
   6  65.0023541667 -54.8471888889  14.750     16.174     15.506      9999.0     9999.0    
   7  64.9566208333 -54.8509805556  12.323     13.271     12.936      9999.0     9999.0    
   8  64.8767541667 -54.8529777778  14.464     15.018     14.919      9999.0     9999.0    
   9  65.0994333333 -54.8535861111  15.669     16.422     16.198      9999.0     9999.0    
  10  65.1426958333 -54.8603611111  15.936     9999.0     16.681      9999.0     9999.0    
  11  64.8620791667 -54.8606444444  16.343     9999.0     16.904      9999.0     9999.0    
  12  64.8728833333 -54.8657819444  17.236     9999.0     17.655      9999.0     9999.0    
  13  65.1815916667 -54.8696861111  14.593     15.516     15.213      9999.0     9999.0    
  14  64.9901291667      -54.86675  17.956     9999.0     18.320      9999.0     9999.0    
  15    64.88486875 -54.8779611111  9999.0     9999.0     18.597      9999.0     9999.0    
  16     65.1598625 -54.8799111111  16.626     9999.0     9999.0      9999.0     9999.0    
  17     65.1201125 -54.8885694444  16.710     9999.0     17.368      9999.0     9999.0    
  18    64.88141875 -54.8887263889  16.511     9999.0     17.333      9999.0     9999.0    
  19     64.9938125 -54.8896944444  17.017     9999.0     17.688      9999.0     9999.0    
  20     64.9248875       -54.8907  16.642     9999.0     17.234      9999.0     9999.0    
  21  64.8418979167 -54.8913111111  18.238     9999.0     9999.0      9999.0     9999.0    
  22  64.8357854167 -54.9001347222  12.719     13.248     13.160      9999.0     9999.0    
  23  65.1283479167 -54.9040527778  9999.0     15.146     9999.0      9999.0     9999.0    
  24      64.908075 -54.9028944444  15.900     9999.0     16.652      9999.0     9999.0    
  25  65.1867208333 -54.9054583333  14.599     16.369     15.526      9999.0     9999.0    
  26     65.1377625 -54.9052277778  15.253     9999.0     16.092      9999.0     9999.0    
  27  65.1791458333 -54.9073944444  15.670     16.501     16.220      9999.0     9999.0    
  28  64.9959416667 -54.9084833333  14.118     15.198     14.770      9999.0     9999.0    
  29  65.0474291667 -54.9136027778  14.562     15.156     15.080      9999.0     9999.0    
  30  64.7746833333    -54.9126375  16.342     9999.0     16.943      9999.0     9999.0    
  31  65.0807291667 -54.9213138889  14.196     14.987     14.770      9999.0     9999.0    
  32  65.0111958333 -54.9206444444  15.409     16.260     16.062      9999.0     9999.0    
  33  65.2230020833 -54.9353277778  13.339     9999.0     13.802      9999.0     9999.0    
  34      65.117675 -54.9377277778  16.760     9999.0     17.478      9999.0     9999.0    
  35      65.057725 -54.9428166667  11.913     9999.0     12.401      9999.0     9999.0    
  36  65.1105333333 -55.0507027778  13.008     14.277     13.753      9999.0     9999.0    
  37       64.92225 -55.0382347222  17.301     9999.0     18.222      9999.0     9999.0    
  38      65.151275 -55.0500694444  16.099     9999.0     16.772      9999.0     9999.0    
  40  65.0002958333 -55.0138083333  15.771     16.230     16.213      9999.0     9999.0    
  41  65.1451041667 -55.0155055556  15.790     9999.0     16.798      9999.0     9999.0    
  42     64.7984125 -55.0055430556  13.724     14.328     14.212      9999.0     9999.0    
  43  65.0979083333 -55.0070694444  14.932     15.406     15.367      9999.0     9999.0    
  44  64.9535770833 -54.9995722222  13.831     14.560     14.364      9999.0     9999.0    
  45      64.816225 -55.0705361111  17.043     9999.0     17.528      9999.0     9999.0    
  46      64.826775 -55.0585694444  13.320     13.781     13.784      9999.0     9999.0    
  47  65.0924291667 -55.0451055556  13.353     14.228     13.947      9999.0     9999.0    
  48  64.8212083333 -55.0549388889  16.641     9999.0     17.243      9999.0     9999.0    
  49  65.1212229167 -54.9891055556  16.782     9999.0     17.559      9999.0     9999.0    
  50  64.9202395833 -54.9828472222  17.650     9999.0     9999.0      9999.0     9999.0    
  51     65.0362875      -55.02915  16.602     9999.0     9999.0      9999.0     9999.0    
  52  65.0936291667 -54.9502027778  16.991     9999.0     18.123      9999.0     9999.0    
  53        65.1356 -54.9463888889  15.332     16.055     15.931      9999.0     9999.0    
  54      65.045475 -54.9511972222  16.707     9999.0     17.168      9999.0     9999.0    
  55  64.8853958333 -54.9490847222  17.025     9999.0     18.314      9999.0     9999.0    
  56      64.926875 -54.9612611111  14.790     16.096     15.490      9999.0     9999.0    
  57  64.8534166667 -54.9693972222  18.211     9999.0     18.574      9999.0     9999.0    
  58     64.8674375 -54.9640666667  16.742     9999.0     17.481      9999.0     9999.0    
  59  64.9947083333 -54.9620847222  9999.0     15.563     9999.0      9999.0     9999.0    
  60  65.0448041667 -54.9534166667  15.738     16.329     16.208      9999.0     9999.0    
  61      64.939875 -54.9557486111  15.837     9999.0     16.528      9999.0     9999.0    
  62  64.9468791667 -55.0634638889  16.561     9999.0     17.054      9999.0     9999.0    
  63  64.8527583333 -54.8278055556  14.723     16.176     15.474      9999.0     9999.0    
  64  65.2013229167 -54.8326111111  18.324     9999.0     18.421      9999.0     9999.0    
  65  64.9958229167 -54.8109277778  16.137     9999.0     17.068      9999.0     9999.0    
  66  65.0178458333 -54.8462388889  17.625     9999.0     18.746      9999.0     9999.0    
  67     65.0358375 -54.8501111111  17.404     9999.0     9999.0      9999.0     9999.0    
  68  65.1059145833 -54.9087652778  18.792     9999.0     19.486      9999.0     9999.0    
  69  65.0407791667 -55.0612861111  17.409     9999.0     18.798      9999.0     9999.0    
  70  64.9892583333     -55.050825  17.614     9999.0     18.947      9999.0     9999.0    
  71  65.0401041667 -55.0431916667  18.565     9999.0     19.029      9999.0     9999.0    
  72  65.0743479167 -55.0028208333  17.961     9999.0     18.636      9999.0     9999.0    
  73  65.0151041667 -54.9871555556  18.725     9999.0     18.994      9999.0     9999.0    
  74  65.1294416667 -54.9793208333  18.837     9999.0     19.416      9999.0     9999.0    
  75  65.0601083333 -54.9569583333  17.935     9999.0     18.985      9999.0     9999.0    
  76  65.0137166667 -55.0654666667  17.383     9999.0     18.882      9999.0     9999.0    
  77  65.1975333333 -55.0436777778  16.007     9999.0     17.266      9999.0     9999.0    
  78  65.1965083333 -54.9809777778  14.017     15.242     14.753      9999.0     9999.0    
  82  64.8606166667 -54.8590416667  17.413     9999.0     9999.0      9999.0     9999.0    
  83      65.134025 -55.0620777778  17.709     9999.0     19.137      9999.0     9999.0    
  85    65.07195625      -55.05675  9999.0     9999.0     19.217      9999.0     9999.0    
  90  65.2063520833 -54.9656472222  18.590     9999.0     9999.0      9999.0     9999.0    
 105      65.013875      -54.96175  15.254     9999.0     16.139      9999.0     9999.0    
