#  BEGIN  CATALOG  HEADER        
#  nfields  '+str(nn)+'          
#  id  1  0  c  INDEF  %15s  
#  ra  2  0  d  degrees  %10.5f  
#  dec  3  0  d  degrees  %10.5f  
#  magV  4  0  r  INDEF  %6.2f  
#  magBV  5  0  r  INDEF  %6.2f  
#  magUB  6  0  r  INDEF  %6.2f  
#  magVR  7  0  r  INDEF  %6.2f  
#  magRI  8  0  r  INDEF  %6.2f  
#  END  CATALOG  HEADER        
#              
 4     189.51839427	16.83963616	21.184271	2.35774	0.79707	 0.27802	0.123471
 5    189.52227623	16.8312652	22.076555	2.50248	1.30505	 1.132	  0.597807
 21   189.51593711	16.84658919	19.369961	0.99018	0.20887	 0.112251 0.046107
 22   189.53155441	16.8434766	22.453205	3.51552	1.56957	 1.06248  0.519559
 37   189.5380432	16.84520257	20.849916	-0.0686	-0.3483	 0.500046 -0.136475
 39   189.50961893	16.85280624	19.79954	2.64914	1.07864	 0.462181 0.241268
 74   189.49946741	16.86399738	17.837366	2.17386	0.82304	 0.276077 0.152769
 100  189.49002721	16.84278005	23.253603	0.48469	1.5019	 1.12228  0.664598
 120  189.54223025	16.86063088	22.55455	4.07793	1.28328	 0.626423 0.738442
 183  189.54749081	16.87475934	20.931046	0.50344	0.210043 0.631707 0.386207
 186  189.48081397	16.8326452	21.833317	2.2988	1.25659	 0.273783 0.667558
 187  189.55724172	16.84673265	22.064844	1.27011	1.44237	 1.11457  0.656664
 204  189.51526316	16.88699742	23.399755	1.60028	0.869287 0.519781 0.512222
 220  189.56544728	16.85119266	22.162289	1.3575	0.172318 0.151869 0.048689
