# BEGIN CATALOG HEADER 
# nfields '+str(nn)+' 
#     id 1 0 c INDEF %15s 
#     ra 2 0 d degrees %10.5f 
#     dec 3 0 d degrees %10.5f 
#     magV  4 0 r INDEF %6.2f 
#     magBV 5 0 r INDEF %6.2f 
#     magUB 6 0 r INDEF %6.2f 
#     magVR 7 0 r INDEF %6.2f 
#     magRI 8 0 r INDEF %6.2f 
# END CATALOG HEADER 
#
4	189.51839427	16.83963616	23.542011	21.184271	20.387201	20.109175	19.985704
5	189.52227623	16.8312652	24.579031	22.076555	20.771509	19.639507	19.0417
21	189.51593711	16.84658919	20.360144	19.369961	19.161089	19.048838	19.002731
22	189.53155441	16.8434766	25.968721	22.453205	20.883638	19.821159	19.3016  
37	189.5380432	16.84520257	20.781324	20.849916	21.198223	20.698177	20.834652
39	189.50961893	16.85280624	22.448681	19.79954	18.720903	18.258722	18.017454
74	189.49946741	16.86399738	20.011227	17.837366	17.014322	16.738245	16.585476
100	189.49002721	16.84278005	23.738298	23.253603	21.751699	20.629417	19.964819
120	189.54223025	16.86063088	26.632479	22.55455	21.271269	20.644846	19.906404
183	189.54749081	16.87475934	21.434486	20.931046	20.721003	20.089296	19.703089
186	189.48081397	16.8326452	24.13212	21.833317	20.576723	20.30294	19.635382
187	189.55724172	16.84673265	23.334949	22.064844	20.622473	19.5079 	18.851236
204	189.51526316	16.88699742	25.000036	23.399755	22.530468	22.010687	21.498465
220	189.56544728	16.85119266	23.519785	22.162289	21.989971	21.838102	21.789413
