# BEGIN CATALOG HEADER 
# nfields '+str(nn)+' 
#     id 1 0 c INDEF %15s 
#     ra 2 0 d degrees %10.5f 
#     dec 3 0 d degrees %10.5f 
#     magV  4 0 r INDEF %6.2f 
#     magBV 5 0 r INDEF %6.2f 
#     magUB 6 0 r INDEF %6.2f 
#     magVR 7 0 r INDEF %6.2f 
#     magRI 8 0 r INDEF %6.2f 
# END CATALOG HEADER 
#
#1	189.52120487	16.83740938	23.282936	23.07984	22.33217	22.035603	21.858171
#2	189.51777283	16.83734362	23.172541	22.962442	22.50675	22.498997	22.26297
3	189.52601809	16.84108725	21.672451	25.656919	24.83054	24.367821	23.178368
#4	189.51839427	16.83963616	23.542011	21.184271	20.387201	20.109175	19.985704
#5	189.52227623	16.8312652	24.579031	22.076555	20.771509	19.639507	19.0417
6	189.51849532	16.84149976	23.601154	23.550945	22.592588	22.165722	22.539242
7	189.52976361	16.84239339	23.200588	24.885122	23.503168	21.382538	20.742731
8	189.52783831	16.84289359	23.661274	22.813581	22.501564	22.084425	21.875221
9	189.53148827	16.83532988	25.259392	25.414364	22.949751	23.61179	22.426399
10	189.53176499	16.83813921	24.412788	24.208342	22.606985	20.927647	21.239986
11	189.51661993	16.84390901	24.93033	21.98801	20.600988	19.792978	19.308249
12	189.51475795	16.84130332	22.039228	25.561823	24.948349	25.748621	23.890751
13	189.52559125	16.84404996	22.430637	22.881241	22.709658	22.394081	22.612799
14	189.52059147	16.82930982	22.883228	22.252544	21.913263	21.983772	22.47928 
15	189.53870563	16.83961977	25.063055	24.77467	23.779985	22.293406	22.042515
16	189.53862941	16.83534178	22.393747	23.215948	22.813131	20.715021	20.970085
17	189.53588027	16.84201621	24.409819	25.004414	22.636299	23.224655	21.606176
18	189.53404912	16.83849349	22.952568	22.601156	22.139387	21.271648	19.753115
19	189.53802373	16.83729943	23.349831	23.417545	20.808344	19.329411	21.276865
20	189.53467851	16.84320226	26.153349	26.612957	23.132586	21.238554	21.952797
#21	189.51593711	16.84658919	20.360144	19.369961	19.161089	19.048838	19.002731
#22	189.53155441	16.8434766	25.968721	22.453205	20.883638	19.821159	19.3016  
23	189.51261936	16.82279238	23.795305	22.721397	22.013376	21.5711 	20.442617
24	189.51523266	16.8269318	24.634666	23.214346	23.766073	23.028046	21.946323
25	189.53010637	16.82717692	23.470001	23.070635	22.463053	23.247192	21.582985
26	189.52585127	16.82563678	24.093637	23.796734	22.488306	23.17374	22.090929
27	189.50640367	16.83484322	23.80409	23.722212	22.962101	22.290768	21.929323
28	189.51664023	16.8524094	26.112051	24.594862	25.399477	24.405058	21.044804
29	189.50547242	16.8183679	21.468443	21.165188	20.716774	20.568064	20.278   
30	189.52929703	16.81724333	24.39953	21.705378	20.390261	20.029528	19.70603 
31	189.53369327	16.81816406	25.67675	23.112598	21.631355	20.639797	19.773705
32	189.53439758	16.81764294	24.70569	22.433266	21.362925	20.751486	20.82555 
33	189.53406007	16.81616179	24.841911	22.699724	22.78591	21.642302	22.791765
34	189.52363174	16.81346452	23.091343	23.348917	22.276648	22.248142	21.439651
35	189.51058576	16.8153786	23.397123	23.835873	23.001108	21.792553	21.997911
36	189.53755777	16.81834522	26.122313	23.804161	22.062313	22.124361	22.460218
#37	189.5380432	16.84520257	20.781324	20.849916	21.198223	20.698177	20.834652
38	189.53847484	16.84629741	22.862585	23.428385	22.72364	23.081104	21.409595
#39	189.50961893	16.85280624	22.448681	19.79954	18.720903	18.258722	18.017454
40	189.49897847	16.84170583	22.467756	24.805344	25.868921	24.0114 	23.214243
41	189.51820671	16.86055754	22.618433	25.080769	25.244728	25.204668	23.788279
42	189.49570594	16.84444822	22.626038	21.711691	21.24461	21.122025	21.634619
43	189.49731754	16.82657014	23.965071	23.235765	23.342947	22.805693	22.364012
44	189.49817686	16.84549191	22.627655	22.097237	21.41049	21.544443	21.17622 
45	189.5172942	16.85815186	22.488953	22.158669	21.274452	20.717548	20.963799
46	189.51899388	16.85581234	22.553816	23.083588	23.276131	23.192406	22.695465
47	189.53416904	16.85205828	22.737286	22.118305	20.998039	20.430227	20.135517
48	189.53376087	16.85208382	25.191933	25.025736	25.015406	24.558754	21.56892 
49	189.53811316	16.85124628	23.42791	23.184002	22.881672	21.758755	21.159746
#50	189.53961108	16.84831372	22.938021	21.991028	20.393127	19.843277	19.278357
51	189.53974432	16.8250234	24.115662	22.776321	22.229933	21.995829	21.339455
52	189.54028562	16.82659899	24.503542	22.291742	21.681921	21.485741	21.749954
53	189.54155778	16.82965083	22.75741	22.266603	20.917164	20.312384	19.972525
54	189.54346967	16.83807803	23.886639	23.174284	22.7936 	22.569328	22.360327
55	189.54617629	16.83376392	23.860493	21.902102	21.619337	21.582096	20.907518
56	189.49479994	16.83342106	24.058521	23.583277	22.676168	22.810108	21.835703
57	189.49632795	16.84090086	22.521826	23.514923	21.591005	21.329576	20.207256
58	189.50371522	16.85292481	25.042078	23.196812	21.50754	20.590221	19.923763
59	189.50657162	16.85518654	23.733274	23.497629	22.182274	21.825596	22.856197
60	189.50001465	16.83419252	23.998533	22.775705	22.910053	24.717945	21.173502
61	189.54172766	16.81778468	19.175488	18.167067	17.84329	17.725721	17.666655
62	189.54456063	16.81411938	20.859591	19.803148	19.483953	19.313023	19.259296
63	189.54554054	16.81326326	23.480833	23.915014	22.300644	21.382704	20.411312
64	189.54537921	16.8126016	23.421667	22.487783	22.105427	21.680981	22.288889
65	189.50748031	16.80652196	25.297173	21.429356	20.699802	20.332579	20.426271
66	189.51016125	16.81243943	22.596775	22.58219	21.998493	21.605427	22.245895
67	189.52302659	16.80265137	22.802534	22.270033	21.378601	21.277025	20.947994
68	189.53619393	16.80662717	21.596579	20.874203	20.326813	19.957449	20.299381
69	189.53772779	16.81250491	22.445658	22.836224	23.072922	22.865795	24.093794
70	189.54795726	16.81833348	24.59379	23.276646	22.579901	22.358265	22.129099
71	189.49835389	16.81900639	22.947895	23.295183	22.148546	22.400316	22.057062
72	189.53904908	16.80860954	23.095032	22.619909	21.861019	21.056913	20.749603
73	189.50893356	16.81086206	25.690456	24.661854	22.285685	21.496239	20.474936
#74	189.49946741	16.86399738	20.011227	17.837366	17.014322	16.738245	16.585476
75	189.51961347	16.87211569	25.344034	23.29137	22.559357	21.944225	21.619007
76	189.51304726	16.86946971	28.80547	20.882441	20.41501	18.437716	20.918068
77	189.52135729	16.87203657	23.642786	22.651615	22.625372	22.530523	22.227575
78	189.52039102	16.8724797	23.896458	23.096848	24.408583	22.842152	20.236326
79	189.51613177	16.86856368	25.041649	22.7465 	22.807728	21.949867	22.430155
80	189.51625542	16.86504406	22.382637	23.592796	23.002583	22.743277	21.868189
81	189.52103192	16.87015724	24.313128	22.633047	22.421267	20.480408	23.327559
82	189.51445895	16.86889835	29.313843	20.917574	20.699272	18.604563	18.966703
83	189.51260784	16.87066895	24.608221	23.551912	23.022137	21.256506	22.918468
84	189.51828798	16.86801634	23.433834	22.814264	23.386103	21.158401	21.51955 
85	189.51613171	16.8669386	23.315907	22.980875	22.448147	22.01157	22.468725
86	189.5476112	16.85908984	24.761049	21.583603	20.37579	19.538845	19.079834
87	189.54625541	16.86053583	27.620646	21.346851	21.537088	20.445362	19.84042 
88	189.55633889	16.83783715	25.447321	21.214077	20.285093	19.394028	18.791706
89	189.49958874	16.85512062	22.430201	22.676268	22.105659	21.356604	20.828302
90	189.49858717	16.85433022	24.529575	23.7997 	22.392344	21.451199	21.14677 
91	189.50387357	16.86512723	22.333708	25.797043	24.51753	24.371233	21.648478
92	189.50903247	16.86504636	21.948238	25.21447	24.925756	24.246494	22.825535
93	189.51996931	16.86484709	22.173416	24.624989	24.329834	24.544569	22.755423
94	189.52930179	16.86460305	22.170868	25.343319	25.19581	23.340155	22.312136
95	189.53057826	16.86218094	22.035641	26.036203	24.504265	24.526241	22.647167
96	189.53224091	16.86460603	22.23534	25.106955	25.304544	25.108868	22.542925
97	189.53419	16.86468125	21.897738	25.106833	24.996607	25.475941	24.019707
98	189.54090635	16.86427663	22.61632	25.382614	25.960304	24.690037	22.480694
99	189.48902112	16.82530426	23.211969	22.851738	22.429745	22.258665	22.382824
#100	189.49002721	16.84278005	23.738298	23.253603	21.751699	20.629417	19.964819
101	189.49400531	16.84629469	24.171875	23.031366	22.070295	22.200449	22.403801
102	189.50786321	16.86840053	23.305815	23.387403	22.980387	23.390158	22.642389
103	189.5095546	16.86683582	23.351574	23.205437	24.111506	23.800917	22.033833
104	189.51307621	16.86212575	23.10128	21.864  	21.605438	21.460978	20.832819
105	189.51567722	16.86335174	23.795029	22.004063	21.542248	21.303432	22.064901
106	189.52589585	16.87179689	25.219831	23.458597	22.331911	21.681782	21.195906
107	189.53595102	16.86975998	22.462595	22.089237	21.178862	20.238897	20.0312  
108	189.54623516	16.8558109	24.117153	22.562883	21.896151	21.351553	21.192432
109	189.54988042	16.83606043	22.073174	20.537443	19.444052	19.120092	18.796064
110	189.54908271	16.8191786	24.89518	23.054148	23.789995	22.96578	21.568241
111	189.55182462	16.83425389	22.229242	21.034351	20.848873	20.652161	21.127054
112	189.55207226	16.85357079	23.30872	22.70504	22.046112	21.85898	21.642485
113	189.55358497	16.85152979	21.895451	21.391096	20.323492	19.942495	19.851976
114	189.48895151	16.84044477	24.770227	23.278229	22.390903	22.302408	20.979799
115	189.48992392	16.82761013	25.6772 	23.476389	22.541494	22.549772	21.466585
116	189.490058	16.83046726	25.76886	24.056385	22.838076	21.019575	19.941919
117	189.5022391	16.85829019	24.662764	23.487377	21.859669	20.680897	20.126867
118	189.5006942	16.85829559	24.825699	24.660574	22.341084	21.677208	20.782637
119	189.50616993	16.86818856	24.494553	23.989407	22.727678	22.563217	21.694727
#120	189.54223025	16.86063088	26.632479	22.55455	21.271269	20.644846	19.906404
121	189.55295041	16.84930712	24.413988	23.680861	22.593155	21.743961	21.441132
122	189.49810573	16.85871221	23.967039	24.236841	23.634043	21.923634	21.2903  
123	189.55100527	16.8559056	25.820547	25.627552	24.451902	22.551491	22.816574
124	189.48746277	16.8464632	24.158426	23.166323	22.229631	22.160192	22.105156
125	189.4830591	16.80519514	19.051861	17.22349	16.454132	16.13991	15.952014
126	189.50792321	16.79614421	18.901981	17.565176	17.08095	16.897945	16.789902
127	189.47853944	16.81366759	21.25556	19.991142	19.684059	19.55246	19.435972
128	189.54658784	16.81180659	26.522085	23.126551	21.928547	21.844545	21.840906
129	189.54802331	16.80835861	22.694834	20.465807	19.546204	19.171516	18.935776
130	189.4867106	16.81173016	23.271229	22.194147	22.114412	22.075569	23.773846
131	189.49618913	16.79874348	22.855774	21.897175	20.09827	19.310829	18.832724
132	189.49756798	16.80221423	23.557917	22.813375	23.0979 	22.271898	22.432039
133	189.51089363	16.79852187	23.536411	21.607409	20.154167	19.471132	18.910313
134	189.51707255	16.78791096	24.728085	22.66136	21.392469	21.127934	20.412344
135	189.51856277	16.79591482	21.158203	20.174541	19.847309	19.613504	19.779667
136	189.51923867	16.79265514	26.165642	22.134729	21.440828	20.721918	20.924339
137	189.52661279	16.78808059	24.740259	22.948624	21.34864	20.758085	20.125162
138	189.53014104	16.79775198	22.722656	21.379356	20.354729	19.813217	19.242188
139	189.53944249	16.79512064	23.641752	22.236286	21.130978	20.81131	20.045828
140	189.54030929	16.79438328	24.291265	23.393805	22.927374	22.090143	22.027336
141	189.54704452	16.80396668	22.159176	21.715494	20.77393	20.48712	20.103964
142	189.55048795	16.81031564	22.540339	22.128269	22.039196	21.496292	20.968151
143	189.55198156	16.80998244	23.503166	22.644062	21.420511	21.513103	20.515596
144	189.55707547	16.80497051	23.676704	22.065645	21.566917	21.23027	21.256964
145	189.56717011	16.81813321	23.079994	22.507212	21.661589	21.514355	20.769402
146	189.48999397	16.81826908	25.276896	23.439312	22.552744	22.193151	21.095299
147	189.49846782	16.80353315	25.255075	23.016975	22.234739	21.671064	21.214468
148	189.50060396	16.79821899	24.707874	23.187931	22.240219	22.285751	21.12883 
149	189.50489449	16.79499603	24.96242	23.040518	21.425842	20.122147	19.61517 
150	189.51800333	16.79816723	26.702015	23.694195	22.447765	21.300726	20.452425
151	189.5205293	16.7988564	23.765083	23.141373	21.551563	20.929825	20.50606 
152	189.55772214	16.80666663	23.187923	23.644737	22.145912	22.130209	21.71747 
153	189.49521255	16.79637305	23.962322	23.322386	22.7738 	22.07412	23.998718
154	189.53675417	16.80030881	25.823769	23.838703	22.666487	21.741123	21.199213
155	189.53901257	16.80550095	24.388687	23.12079	22.447645	21.673492	20.556627
156	189.54986846	16.80449218	25.658632	22.921259	22.691282	21.604069	23.230782
157	189.5576937	16.80861366	25.28751	23.670826	22.650724	21.352028	21.260462
158	189.53422149	16.80034277	23.784796	24.726229	25.795288	23.782444	20.715708
159	189.54214221	16.80559926	23.531216	25.169859	25.507814	24.526518	20.719616
160	189.55913486	16.80753931	25.699604	24.634649	25.120998	23.473833	20.680206
161	189.55557361	16.81306747	22.909121	22.453064	22.336765	21.900784	21.927624
162	189.48388649	16.80876931	22.311241	22.663847	21.756983	22.535524	21.200676
163	189.48690746	16.8029381	23.071295	23.141857	21.695335	22.135593	21.516392
164	189.52048813	16.78889678	23.414019	23.18523	22.072987	21.800266	22.72316 
165	189.49713536	16.86415702	23.9182 	22.78207	22.076101	21.408743	21.247585
166	189.51929881	16.87594982	22.396339	21.184721	21.137856	20.89282	20.768141
167	189.5190825	16.87323358	24.509012	24.121664	24.033981	21.989447	21.899275
168	189.51588758	16.87543151	24.094246	23.245636	23.641613	20.92816	20.926598
169	189.51095673	16.87300005	24.878323	21.634892	20.543867	18.845203	20.940329
170	189.5147099	16.87495912	25.148479	23.885202	22.775063	21.174946	21.791262
171	189.52256239	16.87406047	21.832445	21.686218	21.16148	19.385025	25.195044
172	189.51945321	16.87393106	26.626835	22.732586	21.671972	20.480022	20.750206
173	189.51743241	16.87892218	22.918306	23.127975	22.058331	21.962755	22.82976 
174	189.51447007	16.87705021	25.288956	23.734348	24.415567	21.816597	22.149534
175	189.48155052	16.8269986	21.574673	20.462738	20.226946	20.084574	19.978441
176	189.47987656	16.82722928	22.810877	21.108452	20.086769	19.63265	19.294588
177	189.54748733	16.86304113	19.725048	17.636839	16.594166	16.049789	15.602974
178	189.54711974	16.86353255	23.977402	25.016016	23.344193	20.854845	22.774958
179	189.54806365	16.86439115	21.764498	25.067432	24.767675	24.520611	21.376677
180	189.550419	16.86408145	22.103945	24.788673	24.658739	24.664669	22.369204
181	189.54606776	16.86443112	21.785654	23.8402 	23.822372	23.478058	22.555246
182	189.54947418	16.86552818	22.255188	22.46571	21.470837	20.544027	19.929932
#183	189.54749081	16.87475934	21.434486	20.931046	20.721003	20.089296	19.703089
184	189.57135758	16.83395916	21.468418	20.278582	19.917198	19.716669	19.613214
185	189.57053911	16.8348576	23.676481	22.899389	21.728971	21.150753	21.086386
#186	189.48081397	16.8326452	24.13212	21.833317	20.576723	20.30294	19.635382
#187	189.55724172	16.84673265	23.334949	22.064844	20.622473	19.5079 	18.851236
188	189.47319515	16.84232889	21.619211	20.796249	20.276846	19.993557	19.881989
189	189.47496182	16.83976638	22.60944	24.455755	24.696285	24.778271	22.687496
190	189.4788764	16.8659414	22.372171	24.714821	24.478085	24.571739	22.100288
191	189.48540066	16.85106963	21.586445	21.417801	20.816978	20.768724	20.516451
192	189.49320208	16.86534369	22.538046	25.077375	24.220867	24.106947	22.858971
193	189.5507174	16.86230637	22.49507	24.792288	24.468342	23.762112	22.545713
194	189.56103417	16.86383508	22.540682	25.733513	23.985035	24.920567	23.045795
195	189.47028083	16.82798798	23.028444	23.290628	22.253931	21.987495	21.92733 
196	189.47963952	16.84951609	22.868685	22.944763	22.372576	22.31356	21.981707
197	189.48222033	16.84151767	24.430422	22.35014	21.688066	21.963865	21.373981
198	189.48431365	16.82067969	25.621691	23.371151	24.430786	24.057728	23.193907
199	189.49236896	16.87670099	22.985241	22.576162	21.906271	21.797571	21.888044
200	189.49966179	16.87930625	23.509441	22.966389	22.617136	22.442627	21.954859
201	189.50183406	16.87004333	23.08585	22.836411	22.043205	21.920013	20.948895
202	189.50360965	16.88390697	23.149206	22.514889	21.199736	20.789349	20.293907
203	189.50452098	16.87802901	23.67362	22.550076	21.455301	21.357996	20.80583 
#204	189.51526316	16.88699742	25.000036	23.399755	22.530468	22.010687	21.498465
205	189.52760187	16.8772121	22.767153	22.188065	21.106462	20.661772	20.30607 
206	189.52980835	16.87365893	23.459158	22.640768	21.321283	20.976866	20.526567
207	189.55030139	16.86962763	20.695547	19.500425	19.137785	18.901609	18.519991
208	189.54995403	16.86956553	24.598312	23.106392	24.615234	23.395796	21.448439
209	189.55134752	16.87141385	26.239157	24.230429	22.963696	21.696306	21.120565
210	189.55452867	16.81876937	23.248714	22.95248	22.121853	22.086594	21.33292 
211	189.55743238	16.82854662	24.556021	21.797472	20.92662	20.47801	20.450829
212	189.55911285	16.86142774	22.807304	22.098953	21.542879	21.618193	21.852489
213	189.55800711	16.81984604	25.333416	23.026064	22.149872	20.90661	20.157351
214	189.55967784	16.86664343	25.586817	22.713703	23.131149	22.257032	22.564638
215	189.55998652	16.86476857	23.341879	22.834248	22.290945	22.350737	22.215559
216	189.56070049	16.84949902	23.344269	22.248335	22.450335	22.049284	24.400452
217	189.56039195	16.83064531	25.230425	22.989889	22.785282	21.740891	21.268541
218	189.56212085	16.82571952	25.660885	21.553995	22.994781	22.252169	21.407438
219	189.56491865	16.8360731	23.614233	22.058386	21.651907	20.547367	20.059311
#220	189.56544728	16.85119266	23.519785	22.162289	21.989971	21.838102	21.789413
221	189.56527646	16.82860111	23.519724	22.480999	22.018446	22.16979	22.309031
222	189.56474694	16.8294295	23.296728	23.351749	22.919456	22.016653	22.369753
223	189.56620319	16.82858085	23.214594	23.046091	22.675549	21.728306	21.311636
#224	189.56819995	16.8506897	23.39249	21.557323	20.321932	19.782553	19.301878
225	189.57064763	16.82340535	23.315151	21.599949	22.569273	21.40847	20.614565
226	189.47681182	16.84288348	24.445148	23.281065	22.08058	21.124094	20.320074
227	189.47658706	16.84194897	23.072397	23.506733	22.32901	22.300531	21.793085
228	189.47741571	16.86030069	23.268501	23.900158	23.012827	23.3179 	22.35397 
229	189.49227792	16.86703946	25.501129	24.237228	22.753815	22.79874	22.220415
230	189.49280827	16.87349074	23.966908	23.254459	22.230576	21.840784	21.390907
231	189.49954043	16.86854221	24.164257	25.337313	21.901152	25.313581	21.691948
232	189.50637303	16.88422702	24.02524	24.030334	22.711016	20.946432	20.097971
233	189.50839114	16.87790431	23.605202	24.463223	22.855818	22.554258	21.859074
234	189.53743236	16.87604132	25.158941	24.319914	22.219122	21.813578	21.927437
235	189.55375432	16.854759	23.43685	22.884567	21.587114	21.439905	21.208179
236	189.55808662	16.85643841	25.105253	23.558893	22.860657	21.890776	21.201927
237	189.56275199	16.84263653	24.106941	23.58003	22.612513	21.920006	22.100113
238	189.56441263	16.86488567	22.071455	22.301865	21.038761	20.845982	20.102148
239	189.56541838	16.85644871	24.053413	24.103041	23.072977	22.301548	22.496197
240	189.56660406	16.83893355	24.459911	23.839548	22.608025	21.951139	21.335281
241	189.48515105	16.86084396	23.161749	24.092854	23.261814	22.251612	22.184809
242	189.48608288	16.82710606	24.99918	23.476795	23.157438	21.891716	22.025661
243	189.56867761	16.83070523	23.750618	25.016607	23.945463	21.967556	22.83411 
244	189.48214519	16.86256792	25.522255	24.6576 	24.723984	24.060135	19.966141
245	189.56191889	16.85138595	25.082066	24.85434	25.189878	23.544197	20.834799
246	189.47442837	16.82221928	22.468597	22.671383	22.604195	21.330061	20.968874
247	189.52462451	16.8820822	24.587177	24.222948	23.42346	22.274391	21.185581
