# BEGIN CATALOG HEADER 
# nfields '+str(nn)+' 
#     id 1 0 c INDEF %15s 
#     ra 2 0 d degrees %10.5f 
#     dec 3 0 d degrees %10.5f 
#     magV  4 0 r INDEF %6.2f 
#     magBV 5 0 r INDEF %6.2f 
#     magUB 6 0 r INDEF %6.2f 
#     magVR 7 0 r INDEF %6.2f 
#     magRI 8 0 r INDEF %6.2f 
# END CATALOG HEADER 
#
1   189.51593711  16.84658919  19.369961  0.990183  0.208872  0.112251  0.046107
2   189.54172766  16.81778468  18.167067  1.00842  0.323777  0.117569  0.059066
3   189.54456063  16.81411938  19.803148  1.05644  0.319195  0.17093  0.053727
4   189.49946741  16.86399738  17.837366  2.17386  0.823044  0.276077  0.152769
5   189.50792321  16.79614421  17.565176  1.3368  0.484226  0.183005  0.108043
6   189.55030139  16.86962763  19.500425  1.19512  0.36264  0.236176  0.381618
7   189.46345281  16.79433385  18.033827  0.954794  0.238394  0.101919  -0.038483
8   189.53370055  16.77818551  18.668736  1.01526  0.319067  0.103062  0.033608
9   189.45699717  16.80540795  18.045317  1.93764  0.777972  0.252552  0.158519
10  189.50784357  16.90098672  18.514135  1.3184  0.528591  0.214586  0.137198
11  189.52285829  16.90045656  18.512753  1.70877  0.65627  0.246957  0.193627
12  189.52141421  16.89626325  19.789162  0.848909  0.23164  0.078287  0.076474
13  189.51721112  16.89879919  19.229694  1.17257  0.452257  0.196588  -0.073433
14  189.41498685  16.82006726  18.516647  1.14064  0.399669  0.298422  0.119295
15  189.43279318  16.78017126  19.067593  0.64763  0.356749  0.171635  0.151224
16  189.54573859  16.75879354  19.91045   0.861202  0.418953  0.128347  -0.105619
17  189.57780234  16.7528198   19.322495  1.03025  0.31362  0.06292  -0.064665
18  189.59017097  16.78334292  18.277409  1.65371  0.79468  0.353745  0.313535
19  189.61665037  16.80017087  17.635454  1.3412  0.592453  0.209068  0.148005
20  189.60948754  16.81721483  19.28507   0.918635  0.230804  0.099695  0.007408
21  189.61219049  16.78429942  17.632908  1.98857  0.760891  0.239204  0.187855
22  189.44885298  16.89483283  17.884264  1.11584  0.377886  0.140919  0.019224
23  189.59938205  16.90913128  17.206453  1.44087  0.558078  0.226288  0.069491
24  189.4770401   16.90350637  19.221132  1.28452  0.789249  0.484963  0.397262
25  189.52443723  16.93155941  20.706139  0.204452  0.793456  0.530321  0.276641
26  189.56149504  16.92343886  17.522881  1.23712  0.572802  0.365625  0.206156
27  189.40083739  16.79756974  17.082426  1.20862  0.460949  0.166639  0.110672
28  189.39396975  16.81589465  19.166004  1.32893  0.593746  0.206085  0.117729
29  189.47252343  16.71712438  19.491917  0.943918  0.451733  0.158535  0.073082
30  189.54602233  16.71936757  20.224789  0.636236  0.32955  0.267584  0.068056
31  189.56410288  16.72746119  19.07494   1.17119  0.457934  0.126663  0.066357
32  189.47254988  16.72544841  19.386459  1.41348  1.15546  0.508972  0.308779
33  189.61347307  16.74812697  18.488165  0.977369  0.280747  0.084922  0.035761
34  189.6268457   16.751399    16.963345  1.25363  0.466025  0.159366  0.304669
35  189.64166563  16.79074199  18.046595  1.50227  -1.97575  2.37908  0.498307
36  189.40421409  16.85246064  18.320988  2.02811  0.990666  0.439872  0.351424
37  189.59614749  16.91597659  18.451853  1.06205  0.328812  0.155025  0.020775
38  189.61049147  16.90387953  18.145096  1.19955  0.471209  0.182441  0.086844
39  189.55204401  16.9468327   17.950932  2.37684  0.985278  0.359243  0.184435
40  189.58117032  16.93956047  19.706047  1.16856  0.724724  0.443681  0.261782
41  189.61744574  16.90505393  19.523432  1.12165  0.33746  0.135956  0.02589
42  189.63508145  16.82782176  20.27035   0.720829  0.343701  0.264963  0.16811
43  189.64441424  16.8593671   19.928127  0.911764  0.269321  0.151404  -0.106362
44  189.64920085  16.88485773  19.015806  1.47905  0.592518  0.215316  0.129961
