# BEGIN CATALOG HEADER
# nfields 8
#     id 1 0 c INDEF %15s
#     ra 2 0 d degrees %10.5f
#     dec 3 0 d degrees %10.5f
#     magV  4 0 r INDEF %6.2f
#     magBV 5 0 r INDEF %6.2f
#     magUB 6 0 r INDEF %6.2f
#     magVR 7 0 r INDEF %6.2f
#     magRI 8 0 r INDEF %6.2f
# END CATALOG HEADER
#
L101-421  149.31715  -0.28834  13.182  0.519  -0.042  0.311  0.305
L101-424  149.33449  -0.27380  15.077  0.752  0.258  0.419  0.382
L101-427  149.36018  -0.28801  14.996  0.783  0.348  0.459  0.421
L101-338  149.32401  -0.35003  13.807  0.617  0.047  0.371  0.348
L101-339  149.32665  -0.41711  14.519  0.811  0.476  0.486  0.415
L101-341  149.37434  -0.36489  14.378  0.567  0.064  0.335  0.314
L101-342  149.38013  -0.36411  15.592  0.54  -0.096  0.339  0.33
L101-343  149.38048  -0.38201  15.509  0.656  0.098  0.39  0.366
L101-429  149.38225  -0.30417  13.497  0.985  0.79  0.624  0.517
L101-431  149.40559  -0.29809  13.684  1.247  1.174  0.808  0.706
L101-L6  149.41480  -0.29824  16.531  0.715  0.159  0.424  0.405
L101-S1  149.23346  -0.36109  16.667  0.924  0.748  0.624  0.522
L101-S2  149.24190  -0.29549  16.438  0.79  82.771  0.445  0.411
L101-S3  149.24464  -0.42995  15.740  0.956  0.771  0.622  0.512
L101-S4  149.24362  -0.27886  17.996  0.669  81.334  0.378  0.373
L101-S5  149.24539  -0.35579  18.106  1.245  80.648  0.809  0.672
L101-S7  149.26345  -0.30594  17.550  0.626  -0.094  0.375  0.395
L101-S8  149.26696  -0.30754  18.649  0.753  80.597  0.435  0.418
L101-S9  149.26877  -0.34960  19.421  1.647  78.931  1.112  1.476
L101-S10  149.26970  -0.36704  18.211  0.956  80.832  0.642  0.531
L101-S11  149.27724  -0.28284  16.248  0.549  -0.148  0.331  0.35
L101-S13  149.28636  -0.39056  16.011  0.94  0.727  0.596  0.501
L101-S14  149.28766  -0.37039  18.799  0.903  80.297  0.564  0.491
L101-S15  149.28844  -0.36124  15.130  0.642  0.154  0.382  0.36
L101-S16  149.29722  -0.42903  17.313  0.597  -0.112  0.356  0.353
L101-S17  149.29683  -0.32742  17.584  0.891  81.524  0.565  0.489
L101-S18  149.30145  -0.43777  17.936  0.856  81.207  0.515  0.487
L101-S19  149.30312  -0.46217  17.546  0.879  81.574  0.529  0.477
L101-S20  149.30437  -0.27872  18.651  0.72  80.628  0.418  0.444
L101-S21  149.30992  -0.38258  17.750  0.573  81.676  0.353  0.349
L101-S22  149.31348  -0.34891  18.808  1.484  79.707  0.929  0.86
L101-S23  149.31572  -0.41656  17.933  0.995  81.071  0.638  0.529
L101-S25  149.32105  -0.44776  16.511  0.921  82.567  0.578  0.487
L101-S26  149.32034  -0.29563  19.160  1.395  79.444  0.878  0.812
L101-S29  149.32932  -0.31524  16.796  0.627  0.027  0.374  0.359
L101-S30  149.33138  -0.45368  18.745  0.584  80.67  0.367  0.379
L101-S31  149.33210  -0.41874  17.176  0.764  82.059  0.443  0.393
L101-S32  149.33308  -0.29406  16.744  0.722  0.206  0.426  0.393
L101-S33  149.33472  -0.44581  18.265  1.458  80.276  0.938  0.959
L101-S35  149.33597  -0.26132  15.535  0.933  0.776  0.555  0.484
L101-S36  149.33827  -0.33419  17.888  1.478  80.633  0.936  0.962
L101-S37  149.33969  -0.41564  18.024  0.461  81.514  0.313  0.326
L101-S38  149.34063  -0.33984  19.459  1.48  79.06  0.977  0.976
L101-S39  149.34300  -0.41432  17.063  0.587  -0.199  0.367  0.364
L101-S40  149.34493  -0.33830  19.014  1.471  79.514  0.98  1.117
L101-S41  149.34619  -0.27561  17.096  0.845  82.058  0.495  0.46
L101-S42  149.34800  -0.43662  18.313  1.47  80.216  0.934  0.875
L101-S44  149.36449  -0.46226  18.020  1.504  80.475  0.934  0.914
L101-S45  149.36351  -0.29196  17.856  0.725  81.418  0.422  0.4
L101-S46  149.36786  -0.41701  18.068  1.475  80.456  0.978  1.117
L101-S47  149.36794  -0.36774  18.232  0.629  81.138  0.4  0.391
L101-S48  149.36814  -0.33332  14.184  0.795  0.38  0.482  0.41
L101-S49  149.36892  -0.43456  17.943  0.836  81.22  0.49  0.459
L101-S50  149.36938  -0.39469  16.274  0.732  0.316  0.414  0.377
L101-S51  149.37129  -0.34876  18.556  1.214  80.229  0.798  0.652
L101-S53  149.37597  -0.46113  18.266  1.298  80.435  0.815  0.692
L101-S56  149.38089  -0.37645  16.899  0.634  82.466  0.409  0.406
L101-S57  149.38182  -0.44928  18.954  1.438  79.607  0.907  0.85
L101-S59  149.38383  -0.43455  17.205  0.748  82.046  0.413  0.387
L101-S60  149.38485  -0.36664  16.446  1.033  82.52  0.619  0.489
L101-S61  149.38794  -0.40929  17.218  0.579  -0.12  0.358  0.364
L101-S62  149.38944  -0.37333  16.827  0.522  -0.116  0.331  0.328
L101-S63  149.39340  -0.42506  18.047  0.941  81.011  0.588  0.522
L101-S64  149.39492  -0.45137  19.157  1.577  79.265  1.041  1.321
L101-S65  149.39572  -0.33898  12.750  0.661  0.089  0.411  0.374
L101-S66  149.40243  -0.27442  18.504  1  80.495  0.624  0.536
L101-S67  149.40426  -0.33099  15.192  0.647  0.018  0.413  0.396
L101-S70  149.42309  -0.40077  14.520  0.747  0.397  0.435  0.384
L101-S71  149.42416  -0.46035  18.854  1.431  79.714  0.911  0.923
L101-S72  149.42856  -0.37911  19.695  1.615  78.689  1.023  1.093
L101-S73  149.43409  -0.36525  13.451  0.741  0.336  0.436  0.376
L101-S74  149.43665  -0.42015  18.609  1.1  80.29  0.72  0.597
L101-S75  149.44063  -0.40114  18.494  1.581  79.924  0.983  0.993
L101-S76  149.44300  -0.34688  19.237  1.344  79.418  0.863  0.712
L101-S77  149.44414  -0.31188  19.492  1.541  78.966  1.012  1.116
L101-S78  149.44529  -0.32254  14.768  1.041  0.97  0.69  0.551
L101-S79  149.44803  -0.41243  12.155  0.719  0.319  0.422  0.356
L101-S80  149.44796  -0.33294  19.600  1.528  78.871  0.978  0.972
L101-S81  149.45029  -0.34670  18.514  0.778  80.707  0.477  0.461
L101-S82  149.45333  -0.39031  14.393  0.656  0.126  0.389  0.355
L101-S83  149.45391  -0.44810  19.665  1.603  78.731  1.106  1.458
L101-S84  149.45516  -0.37155  18.872  0.477  80.65  0.312  0.332
L101-S85  149.45539  -0.34421  16.888  1.413  81.698  0.914  0.799
L101-S86  149.45584  -0.33048  18.081  0.025  -0.664  -0.09  -0.085
L101-S87  149.46130  -0.39168  14.767  0.807  0.307  0.469  0.441
L101-S88  149.46332  -0.31614  15.473  0.526  84  0.331  0.334
L101-S89  149.46679  -0.41288  17.270  1.456  81.273  0.939  0.898
L101-S90  149.46848  -0.26072  18.580  1.524  79.895  0.976  1.077
L101-S91  149.46934  -0.34166  19.340  1.551  79.108  1.033  1.232
L101-S92  149.47122  -0.29838  16.190  0.654  0.066  0.376  0.365
L101-S93  149.47303  -0.26808  14.081  0.58  -0.031  0.346  0.356
L101-282  149.27314  -0.50080  9.993  0.414  0.021  0.271  0.243
L101-281  149.27103  -0.52864  11.578  0.795  0.443  0.459  0.408
L101-L4  149.28239  -0.52338  16.236  0.781  0.376  0.47  0.419
L101-L5  149.29257  -0.51113  15.896  0.631  0.081  0.379  0.38
L101-S94  149.29042  -0.49071  13.204  0.63  0.102  0.373  0.357
L101-327  149.03700  -0.43153  13.450  1.122  1.177  0.729  0.564
L101-326  149.03380  -0.45297  14.934  0.688  0.276  0.413  0.359
L101-330  149.08586  -0.45608  13.725  0.565  -0.017  0.35  0.33
L101-262  149.03377  -0.49731  14.296  0.735  0.385  0.447  0.379
L101-268  149.07238  -0.53244  14.371  1.53  84.098  1.015  1.206
L101-329  149.07840  -0.44080  11.995  0.621  0.137  0.386  0.34
L101-316  148.71690  -0.30953  11.552  0.494  0.033  0.295  0.29
L101-315  148.71381  -0.45858  11.247  1.153  1.062  0.61  0.562
L101-L1  148.87128  -0.36178  16.541  0.669  82.789  0.446  0.429
L101-L2  148.89456  -0.31384  15.789  0.571  83.639  0.368  0.358
L101-320  148.88722  -0.37569  13.829  1.032  0.704  0.584  0.548
L101-404  148.91952  -0.30612  13.459  0.953  0.735  0.537  0.493
L101-410  149.03813  -0.23388  13.671  0.528  85.8  0.319  0.334
L101-408  149.03341  -0.21139  14.820  1.168  84.011  0.742  0.587
L101-413  149.05842  -0.19851  12.577  0.966  0.735  0.533  0.499
L101-324  148.98607  -0.38750  9.742  1.159  1.148  0.592  0.518
L101-415  149.09648  -0.28135  15.261  0.588  -0.024  0.358  0.36
L101-270  149.11260  -0.59554  13.713  0.518  85.768  0.332  0.305
L101-346  149.41615  -0.41509  10.054  0.46  -0.049  0.301  0.284
L101-497  149.35348  -0.10286  8.304  1.401  1.672  -91.695  93.124
L101-484  149.01610  -0.04422  8.988  0.35  0.039  -91.011  0
L101-395  148.75315  -0.18144  7.968  1.6  2.839  -92.031  0
L101-389  148.57758  -0.25186  9.948  0.42  0.009  -90.051  0
L101-311  148.64261  -0.40501  8.228  0.26  0.009  -91.771  0
L101-308  148.54846  -0.45965  10.538  0.56  -0.001  -89.461  0
L101-321  148.91844  -0.31413  12.854  0.639  0.144  0.395  0.362
L101-333  149.16302  -0.46141  7.828  1.48  1.789  -92.171  0
L101-S95  148.84680  -0.36692  19.254  1.225  79.52  0.829  0.732
L101-S96  148.85324  -0.38713  18.840  81.159  0  1.055  1.09
L101-S97  148.85465  -0.38278  18.988  0.513  80.498  0.381  0.354
L101-S98  148.85530  -0.20017  16.619  0.651  82.729  0.42  0.422
L101-S99  148.86082  -0.26297  16.204  0.506  83.289  0.343  0.336
L101-S100  148.86436  -0.37880  18.208  0.604  81.187  0.393  0.361
L101-S101  148.87105  -0.26049  18.474  0.654  80.871  0.409  0.378
L101-S102  148.88665  -0.21310  19.106  1.49  79.403  1  0.984
L101-S103  148.89443  -0.32480  17.529  0.538  81.932  0.358  0.352
L101-S104  148.89672  -0.29703  17.296  1.366  81.337  0.901  0.791
L101-S105  148.89850  -0.23077  17.424  1.263  81.312  0.852  0.746
L101-S106  148.90088  -0.22779  19.368  1.233  79.398  0.84  0.722
L101-S107  148.90090  -0.23534  19.381  80.618  0  0.935  0.894
L101-S108  148.90476  -0.32231  15.919  0.803  83.277  0.491  0.441
L101-S109  148.90518  -0.30941  19.164  1.334  79.501  0.867  0.653
L101-S110  148.91108  -0.25692  18.918  1.437  79.644  0.944  0.867
L101-S111  148.91223  -0.29873  17.198  0.618  82.183  0.385  0.367
L101-S112  148.91238  -0.37519  18.953  1.496  79.55  0.976  0.916
L101-S113  148.91950  -0.22463  17.824  0.721  81.454  0.434  0.395
L101-S114  148.92260  -0.30784  18.889  0.888  80.222  0.58  0.493
L101-S115  148.92279  -0.33290  17.803  1.657  80.539  1.165  1.584
L101-S116  148.92477  -0.30497  17.287  0.682  82.03  0.424  0.403
L101-S117  148.92965  -0.35261  16.713  0.779  82.507  0.499  0.437
L101-S118  148.93185  -0.24714  14.052  0.652  85.295  0.403  0.377
L101-S119  148.93453  -0.33476  19.508  1.559  78.932  1.021  1.123
L101-S120  148.93773  -0.27354  18.725  1.34  79.934  0.884  0.728
L101-S121  148.93809  -0.22304  17.881  0.663  81.455  0.39  0.396
L101-S122  148.93933  -0.23619  16.766  0.552  82.681  0.341  0.343
L101-S123  148.94741  -0.28612  18.472  1.526  80.001  0.992  1.112
L101-S124  148.95453  -0.25819  18.822  0.471  80.706  0.326  0.317
L101-S125  148.95813  -0.29490  18.528  1.459  80.012  0.933  0.886
L101-S126  148.95996  -0.33686  18.268  1.221  80.51  0.835  0.683
L101-S127  148.96123  -0.23540  19.113  1.513  79.373  0.982  1.048
L101-S128  148.96199  -0.27450  14.124  0.768  85.107  0.473  0.446
L101-S129  148.96437  -0.20602  13.598  0.727  85.674  0.434  0.402
L101-S130  148.96754  -0.28693  17.683  0.949  81.367  0.654  0.563
L101-S131  148.97589  -0.39220  18.679  0.673  80.647  0.401  0.381
L101-S132  148.97857  -0.29005  19.517  1.569  78.913  1.039  1.367
L101-S133  148.98281  -0.23676  16.391  0.419  83.189  0.259  0.28
L101-S134  148.99024  -0.46717  17.723  0.846  81.43  0.53  0.461
L101-S135  148.99559  -0.46594  15.843  0.969  83.187  0.63  0.519
L101-S136  148.99670  -0.23135  15.882  0.879  83.238  0.559  0.479
L101-S137  148.99713  -0.26920  15.748  0.622  83.629  0.379  0.36
L101-S138  149.00531  -0.35428  18.264  1.502  80.233  0.997  1.061
L101-S139  149.00796  -0.32485  19.680  1.64  78.679  1.055  1.378
L101-S141  149.01071  -0.29735  18.637  1.346  80.016  0.851  0.759
L101-S142  149.01238  -0.29114  19.663  1.619  78.717  1.08  1.426
L101-S143  149.01336  -0.47756  17.960  1.159  80.88  0.734  0.61
L101-S144  149.01342  -0.33429  17.994  1.527  80.478  1.004  1.07
L101-S145  149.01494  -0.23593  17.705  0.547  81.747  0.352  0.371
L101-S146  149.01655  -0.27582  19.196  1.594  79.209  1.043  1.296
L101-S147  149.01828  -0.24142  17.017  0.682  82.3  0.391  0.372
L101-S148  149.01847  -0.32863  17.494  0.453  82.052  0.301  0.325
L101-S149  149.01921  -0.34999  17.239  0.611  82.149  0.392  0.377
L101-S150  149.02008  -0.36612  19.021  1.163  79.815  0.799  0.618
L101-S151  149.02052  -0.49461  17.582  0.526  81.891  0.352  0.344
L101-S152  149.02671  -0.30263  17.555  0.635  81.809  0.374  0.364
L101-S153  149.02867  -0.36768  14.869  0.788  84.342  0.487  0.426
L101-S154  149.03564  -0.31882  18.849  0.775  80.375  0.464  0.436
L101-S155  149.03827  -0.22507  18.237  1.14  80.622  0.774  0.727
L101-S156  149.03945  -0.40418  17.441  0.582  81.976  0.369  0.358
L101-S157  149.03976  -0.34575  18.587  1.315  80.097  0.889  0.784
L101-S158  149.04091  -0.35716  18.666  1.451  79.882  0.94  0.816
L101-S159  149.04175  -0.51170  16.912  0.551  82.536  0.364  0.328
L101-S160  149.04360  -0.27722  15.307  0.583  84.109  0.355  0.353
L101-S161  149.04980  -0.47757  15.579  0.794  83.626  0.484  0.427
L101-S162  149.04995  -0.32477  18.028  1.66  80.311  1.124  1.489
L101-S163  149.05330  -0.27583  18.674  1.467  79.858  0.922  0.826
L101-S164  149.05362  -0.22556  18.485  1.008  80.506  0.652  0.568
L101-S165  149.05512  -0.19038  19.235  1.073  79.691  0.757  0.618
L101-S166  149.05684  -0.50158  16.174  0.833  82.992  0.515  0.431
L101-S167  149.05895  -0.31942  18.564  1.481  79.954  0.963  1.004
L101-S169  149.06041  -0.50153  18.441  1.209  80.349  0.789  0.65
L101-S170  149.06237  -0.33580  14.111  0.507  85.381  0.331  0.311
L101-S171  149.06379  -0.47302  18.884  1.325  79.79  0.868  0.798
L101-S172  149.06492  -0.20904  16.873  0.82  82.306  0.494  0.434
L101-S173  149.06491  +0.00736  18.335  81.664  0  0.981  0.931
L101-S174  149.06674  -0.48797  17.484  0.46  82.055  0.322  0.319
L101-S175  149.06728  -0.04462  16.558  0.663  82.778  0.402  0.409
L101-S176  149.06764  -0.28541  13.594  0.717  0.283  0.444  0.36
L101-S177  149.07102  -0.05223  13.310  0.764  85.925  0.43  0.433
L101-S178  149.07200  -0.28934  16.898  0.653  -0.029  0.419  0.362
L101-S179  149.07220  -0.33980  16.098  0.689  83.212  0.445  0.396
L101-S180  149.07253  +0.02839  17.844  0.861  81.294  0.611  0.481
L101-S181  149.07331  -0.48196  14.875  0.731  0.353  0.454  0.348
L101-S182  149.07463  -0.49901  18.989  1.078  79.932  0.727  0.576
L101-S183  149.07543  +0.05043  16.695  1.1  82.204  0.773  0.618
L101-S184  149.07723  -0.39279  18.583  1.396  80.02  0.965  0.805
L101-S185  149.07768  -0.35887  17.384  1.418  81.197  0.959  0.818
L101-S187  149.07933  +0.04537  17.170  1.397  81.432  0.937  0.921
L101-S188  149.08086  -0.13603  19.690  1.7  78.609  1.079  1.632
L101-S189  149.08131  +0.01189  14.521  0.645  84.833  0.408  0.371
L101-S190  149.08215  -0.03774  17.954  1.432  80.613  0.972  1.009
L101-S191  149.08288  -0.13390  13.229  0.806  85.964  0.473  0.424
L101-S192  149.08285  +0.04089  99.999  0  0  81.295  1.427
L101-S193  149.08362  +0.08917  18.428  0.643  80.928  0.389  -81.96
L101-S194  149.08397  -0.18028  15.664  0.885  83.45  0.52  0.474
L101-S195  149.08569  -0.06295  17.084  0.622  82.293  0.363  0.338
L101-S196  149.08592  -0.18111  18.310  1.566  80.123  0.99  1.248
L101-S197  149.08600  -0.00554  17.534  0.689  81.776  0.463  0.46
L101-S198  149.08701  -0.35312  19.895  1.459  78.645  0.932  1.069
L101-S199  149.08804  -0.37254  16.198  0.565  -0.164  0.373  0.364
L101-S200  149.08814  -0.04918  17.903  0.497  81.599  0.319  0.327
L101-S201  149.08989  -0.15724  18.824  0.906  80.269  0.6  0.529
L101-S202  149.08990  -0.26540  15.676  1.02  0.99  0.677  0.544
L101-S203  149.09148  -0.27608  16.936  0.547  -0.142  0.342  0.351
L101-S204  149.09230  -0.26696  17.386  1.162  81.451  0.745  0.576
L101-S205  149.09296  -0.08559  17.027  0.938  82.034  0.613  0.491
L101-S206  149.09298  +0.07818  16.586  0.566  82.847  0.363  0.283
L101-S207  149.09303  -0.23187  16.945  0.884  82.17  0.541  0.526
L101-S208  149.09419  +0.01711  15.371  0.584  84.044  0.404  0.353
L101-S209  149.09452  +0.07743  99.999  0  0  81.476  1.266
L101-S210  149.09550  -0.46428  18.868  1.406  79.725  0.899  0.883
L101-S211  149.09587  -0.01156  15.838  1.233  82.928  0.824  0.644
L101-S212  149.09870  -0.19894  19.642  1.541  78.816  0.981  0.971
L101-S213  149.10094  -0.16790  17.591  0.895  81.513  0.537  0.492
L101-S214  149.10155  +0.00604  99.999  0  0  81.343  0.705
L101-S215  149.10277  -0.06658  18.728  1.533  79.738  0.961  1.041
L101-S216  149.10406  -0.39100  19.368  1.558  79.073  1.02  1.382
L101-S217  149.10584  -0.47409  15.975  1.03  82.994  0.662  0.614
L101-S219  149.11094  -0.35116  14.659  0.698  0.201  0.42  0.391
L101-S220  149.11299  -0.41940  17.883  1.521  80.595  0.98  1.027
L101-S221  149.11655  -0.34385  18.361  1.27  80.368  0.844  0.739
L101-S222  149.11759  -0.45472  18.867  1.14  79.992  0.744  0.635
L101-S223  149.11797  -0.23282  16.917  0.863  82.219  0.517  0.486
L101-S224  149.11846  -0.49736  18.636  1.241  80.122  0.804  0.688
L101-S225  149.11937  -0.23379  17.120  0.598  -0.101  0.339  0.374
L101-S226  149.11972  -0.35721  16.185  1.239  82.575  0.822  0.709
L101-S227  149.12043  -0.46608  19.320  1.583  79.096  1.009  1.172
L101-S228  149.12066  -0.45662  17.872  0.82  81.307  0.512  0.475
L101-S229  149.12177  -0.32399  16.815  0.862  0.53  0.541  0.492
L101-S230  149.12487  -0.43668  18.011  0.803  81.185  0.477  0.434
L101-S231  149.12499  -0.40010  15.278  0.836  0.594  0.494  0.45
L101-S232  149.12648  -0.37668  18.671  1.573  79.755  1.01  1.062
L101-S233  149.12868  -0.29191  19.151  1.558  79.29  0.972  1.067
L101-S234  149.13085  -0.48855  18.850  1.537  79.612  1.042  1.492
L101-S235  149.13261  -0.46427  16.376  0.657  0.077  0.392  0.379
L101-S236  149.13482  -0.26151  15.956  1.349  82.694  0.875  0.744
L101-S237  149.13585  -0.47096  16.538  1.447  82.014  0.954  1.08
L101-S238  149.14162  -0.36309  17.840  1.251  80.908  0.824  0.701
L101-S239  149.14552  -0.32582  17.453  1.426  81.12  0.949  0.994
L101-S240  149.15655  -0.28762  17.288  0.77  81.941  0.464  0.463
L101-S241  149.15911  -0.39188  18.542  0.842  80.615  0.55  0.506
L101-S242  149.16425  -0.36893  18.425  1.291  80.283  0.847  0.687
L101-S243  149.17924  -0.27834  17.533  0.886  81.58  0.529  0.458
L101-S244  149.17980  -0.35311  19.335  1.62  79.044  1.086  1.517
L101-S245  149.19556  -0.32037  17.710  0.593  81.696  0.354  0.367
L101-S246  149.19978  -0.36002  12.808  0.494  -0.059  0.318  0.292
L101-S247  149.20383  -0.30689  19.084  1.444  79.471  0.93  0.919
L101-S248  149.20557  -0.31675  14.998  1.415  83.586  0.921  0.82
L101-S249  149.20979  -0.39133  18.784  1.145  80.07  0.795  0.694
L101-S250  149.21196  -0.33530  17.719  0.544  -0.136  0.342  0.355
L101-S251  149.21708  -0.23382  18.881  1.563  79.555  0.964  1.084
L101-S252  149.22799  -0.32331  18.541  1.542  79.916  0.985  0.996
L101-S253  149.22995  -0.37468  17.108  0.652  0.005  0.4  0.389
L101-S254  149.23032  -0.37772  17.681  1.396  80.922  0.913  0.79
L101-S255  149.23351  -0.22534  16.246  1.027  82.726  0.615  0.475
L101-S256  149.23656  -0.23200  16.524  0.586  -0.02  0.347  0.342
L101-S257  149.24729  -0.22341  17.450  1.136  81.413  0.749  0.623
L101-S258  149.25149  -0.23989  17.927  1.15  80.922  0.766  0.611
L101-S259  149.27246  -0.24638  18.798  1.051  80.15  0.694  0.564
L101-S260  149.28146  -0.25519  17.618  1.23  81.151  0.798  0.666
L101-S261  149.32144  -0.24810  15.992  0.841  0.532  0.507  0.448
L101-S262  149.33799  -0.22505  16.791  1.353  81.855  0.883  0.745
L101-S263  149.34849  -0.23664  18.355  1.612  80.032  1.077  1.463
L101-S264  149.36049  -0.23662  18.166  0.459  81.374  0.294  0.317
L101-S265  149.36353  -0.22550  17.540  1.569  80.89  1.007  1.278
L101-S266  149.36616  -0.23815  18.640  1.588  79.771  1.066  1.407
L101-S267  149.36828  -0.25028  19.101  1.588  79.31  1.005  1.209
L101-S268  149.38596  -0.22590  18.654  1.249  80.096  0.834  0.706
L101-S269  149.39570  -0.24326  14.359  0.663  0.146  0.377  0.363
L101-S270  149.41551  -0.23343  18.976  1.754  79.269  1.134  1.559
L101-S271  149.48161  -0.27966  17.540  1.238  81.221  0.792  0.649
L101-S272  149.48184  -0.38146  18.439  1.486  80.074  0.923  0.895
L101-S273  149.48382  -0.32675  18.428  0.913  80.658  0.534  0.542
L101-S274  149.48495  -0.28412  18.131  1.099  80.769  0.718  0.648
L101-S275  149.48753  -0.39966  18.521  1.502  79.976  0.992  1.159
L101-S276  149.49124  -0.23773  18.616  1.588  79.795  1.018  1.228
L101-S277  149.49165  -0.35296  14.774  0.63  84.595  0.375  0.367
L101-S279  149.11693  -0.13070  16.847  1.537  81.615  0.972  1.086
L101-S280  149.13109  -0.09519  17.223  0.788  81.988  0.469  0.429
L101-S281  149.13157  -0.15484  16.046  0.804  0.487  0.475  0.44
L101-S282  149.13775  -0.54468  15.454  0.682  0.246  0.4  0.366
L101-S283  149.13831  -0.41448  17.686  1.351  80.962  0.885  0.753
L101-S284  149.14117  -0.16965  17.387  0.638  81.974  0.388  0.407
L101-S285  149.14755  -0.07389  17.137  0.741  82.121  0.446  0.43
L101-S286  149.15875  -0.49774  17.778  0.705  81.516  0.428  0.432
L101-S287  149.15915  -0.13646  17.120  0.877  82.002  0.568  0.488
L101-S288  149.16013  -0.58067  16.650  0.941  82.408  0.593  0.476
L101-S289  149.16526  -0.57757  13.179  0.733  0.322  0.437  0.383
L101-S290  149.17760  -0.07766  13.992  0.82  85.187  0.477  0.428
L101-S291  149.18273  -0.47897  14.943  0.581  -0.032  0.369  0.342
L101-S292  149.18757  -0.57972  15.459  0.577  -0.038  0.379  0.344
L101-S293  149.18845  -0.48650  17.731  1.53  80.738  1.001  1.165
L101-S294  149.18992  -0.30686  15.663  0.817  83.519  0.515  0.452
L101-S295  149.19110  -0.44539  17.153  0.572  -0.076  0.358  0.354
L101-S296  149.19170  -0.23971  15.668  0.623  83.708  0.383  0.365
L101-S297  149.19175  -0.53960  16.340  0.547  -0.074  0.358  0.347
L101-S298  149.21180  -0.10952  17.419  0.8  81.78  0.483  0.439
L101-S299  149.21512  -0.55095  16.366  0.732  82.901  0.44  0.419
L101-S300  149.22013  -0.12454  16.392  0.607  83  0.355  0.357
L101-S301  149.22043  -0.23237  17.363  1.655  80.981  1.093  1.57
L101-S302  149.22234  -0.48053  15.773  0.768  0.284  0.463  0.415
L101-S303  149.22271  -0.34173  17.438  1.316  81.245  0.888  0.8
L101-S304  149.22438  -0.44106  17.544  0.505  -0.17  0.335  0.346
L101-S305  149.22696  -0.49395  15.510  0.978  0.917  0.631  0.521
L101-S306  149.22886  -0.10253  16.989  1.261  81.749  0.832  0.655
L101-S307  149.23550  -0.07957  16.642  0.576  82.781  0.348  0.348
L101-S308  149.24916  -0.54174  13.197  0.617  0.078  0.382  0.362
L101-S309  149.27263  -0.49176  18.167  1.529  80.303  0.976  1.043
L101-S310  149.27385  -0.16731  17.470  0.987  81.542  0.639  0.513
L101-S311  149.28444  -0.19452  17.167  1.175  81.657  0.776  0.607
L101-S312  149.29198  -0.19167  14.450  0.532  -0.007  0.324  0.312
L101-S313  149.29356  -0.18579  15.511  0.54  -0.06  0.336  0.335
L101-S314  149.29975  -0.18436  16.013  0.598  -0.04  0.354  0.353
L101-S315  149.30142  -0.53875  15.087  0.721  0.278  0.416  0.385
L101-S316  149.30155  -0.04918  16.172  0.608  83.219  0.403  0.328
L101-S317  149.31313  -0.50258  17.835  0.581  81.583  0.396  0.411
L101-S318  149.31785  -0.17989  15.030  0.632  0.058  0.377  0.362
L101-S319  149.31896  -0.52273  18.049  1.15  80.8  0.737  0.608
L101-S320  149.32994  -0.49495  13.725  0.754  0.291  0.452  0.44
L101-S321  149.33611  -0.53815  14.574  0.558  -0.098  0.355  0.35
L101-S322  149.34854  -0.15671  16.280  0.461  83.258  0.306  0.337
L101-S323  149.35629  -0.58749  14.693  0.776  84.53  0.493  0.429
L101-S324  149.35779  -0.15521  15.833  1.164  1.023  0.782  0.645
L101-S325  149.35797  -0.08746  16.667  1.298  82.034  0.846  0.778
L101-S326  149.35821  -0.11321  15.379  0.801  0.35  0.461  0.437
L101-S327  149.36181  -0.51879  16.111  0.701  83.187  0.411  0.398
L101-S328  149.36369  -0.11072  16.938  0.661  0.067  0.381  0.374
L101-S329  149.36686  -0.09701  13.879  1.109  0.952  0.595  0.556
L101-S330  149.39320  -0.13468  16.352  0.562  -0.117  0.358  0.369
L101-S331  149.39387  -0.55447  14.940  0.737  0.182  0.451  0.445
L101-S332  149.39976  -0.14888  17.659  1.293  81.047  0.84  0.697
L101-S333  149.40825  -0.06186  13.411  0.714  0.267  0.428  0.37
L101-S334  149.41425  -0.50385  16.814  1.003  82.182  0.62  0.543
L101-S335  149.41706  -0.06832  17.406  1.63  80.963  1.013  1.476
L101-S336  149.42000  -0.15158  15.917  0.685  0.176  0.394  0.368
L101-S337  149.42913  -0.06639  16.527  0.871  82.601  0.543  0.46
L101-S338  149.43317  -0.21065  12.949  1.196  1.243  0.665  0.588
L101-S339  149.45527  -0.16921  17.964  1.333  80.702  0.881  0.764
L101-S340  149.46954  -0.48522  17.683  1.102  81.214  0.711  0.585
L101-S341  149.47058  -0.53451  14.630  0.604  84.765  0.369  0.353
L101-S342  149.47370  -0.09185  17.571  0.602  81.826  0.39  0.37
L101-S343  149.47739  -0.06250  17.788  1.258  80.953  0.852  0.66
L101-S344  149.48096  -0.17067  17.359  0.57  82.07  0.348  0.342
L101-S345  149.49554  -0.27278  17.453  0.91  81.636  0.557  0.479
L101-S346  149.49639  -0.45779  17.229  1.287  81.483  0.86  0.727
L101-S347  149.49643  -0.36929  16.662  0.792  82.545  0.495  0.474
L101-S348  149.49960  -0.22427  16.357  0.823  0.449  0.495  0.437
L101-S349  149.49962  -0.38841  13.430  1.003  0.809  0.563  0.505
L101-S350  149.50004  -0.27726  17.586  0.464  -0.209  0.291  0.316
L101-S351  149.50051  -0.14614  17.662  1.513  80.824  1  1.306
L101-S352  149.50262  -0.26701  15.061  0.66  0.069  0.403  0.395
L101-S353  149.50295  -0.14384  14.726  0.961  0.84  0.572  0.464
L101-S354  149.50481  -0.46295  16.095  0.639  0.047  0.385  0.347
L101-S355  149.50700  -0.48382  14.346  0.878  0.575  0.526  0.421
L101-S356  149.50706  -0.24674  13.498  0.885  0.623  0.544  0.464
L101-S357  149.50930  -0.54447  16.463  0.822  82.714  0.529  0.401
L101-S358  149.51061  -0.24786  14.233  0.617  -0.026  0.354  0.347
L101-S359  149.51276  -0.11798  18.250  1.625  80.124  1.028  1.444
L101-S360  149.51734  -0.20050  18.200  1.54  80.259  0.979  1.087
L101-S361  149.51799  -0.16888  15.837  0.954  0.885  0.614  0.493
L101-S362  149.51817  -0.40806  13.452  0.715  0.203  0.417  0.392
L101-S363  149.51848  -0.38133  13.747  0.633  0.146  0.378  0.366
L101-S364  149.52176  -0.22048  14.215  0.632  0.148  0.363  0.341
L101-S365  149.52240  -0.39302  14.456  0.663  0.118  0.381  0.375
L101-S366  149.52308  -0.28497  14.784  0.528  -0.087  0.318  0.335
L101-S367  149.52646  -0.07751  18.036  1.266  80.697  0.865  0.727
L101-S368  149.52726  -0.37828  18.294  1.469  80.236  0.923  0.897
L101-S369  149.53418  -0.48944  13.614  1.013  0.942  0.635  0.493
L101-S370  149.53417  -0.15527  15.916  0.827  0.439  0.525  0.468
L101-S371  149.54139  -0.10840  17.046  1.584  81.369  0.993  1.371
L101-S372  149.54455  -0.07197  13.667  0.856  0.588  0.511  0.45
L101-S373  149.55374  -0.49347  17.933  0.413  81.653  0.302  0.295
L101-S374  149.55697  -0.11083  14.048  0.862  0.411  0.497  0.467
L101-S375  149.56196  -0.44756  17.254  0.626  82.119  0.38  0.388
L101-S376  149.56417  -0.32554  15.506  0.736  0.271  0.429  0.426
L101-S377  149.56429  -0.57739  17.745  1.257  80.997  0.846  0.595
L101-S378  149.56431  -0.41725  18.339  1.329  80.331  0.875  0.77
L101-S379  149.56438  -0.10150  16.648  0.598  0.003  0.37  0.347
L101-S380  149.57404  -0.57165  17.034  1.03  81.935  0.719  0.511
L101-S381  149.57694  -0.19239  17.873  1.484  80.642  0.973  1.026
L101-S382  149.58083  -0.53737  18.245  1.092  80.662  0.745  0.559
L101-S383  149.58098  -0.06542  15.068  0.684  0.22  0.41  0.334
L101-S384  149.58219  -0.28615  17.519  1.299  81.181  0.838  0.685
L101-S385  149.58392  -0.09417  16.318  0.665  0.169  0.393  0.347
L101-S386  149.58434  -0.36089  16.658  1.212  82.129  0.766  0.621
L101-S387  149.58512  -0.14269  18.287  1.5  80.212  0.95  1.135
L101-S388  149.58690  -0.16132  17.099  0.546  -0.09  0.35  0.353
L101-S389  149.59051  -0.15793  17.998  1.107  80.894  0.739  0.609
L101-S390  149.59088  -0.58406  16.019  1.108  82.872  0.731  0.468
L101-S391  149.59369  -0.41346  14.835  0.744  0.238  0.426  0.405
L101-S392  149.59732  -0.37836  16.032  0.785  0.417  0.472  0.437
L101-S393  149.60001  -0.05616  16.534  0.974  82.491  0.607  0.448
L101-S394  149.60108  -0.23993  16.714  0.585  -0.041  0.361  0.355
L101-S395  149.60136  -0.09521  17.719  0.729  81.551  0.46  0.419
L101-S396  149.60553  -0.21215  17.025  0.997  81.977  0.633  0.527
L101-S397  149.60576  -0.52671  15.297  0.712  83.99  0.427  0.345
L101-S398  149.60974  -0.40202  17.829  0.704  81.466  0.424  0.409
L101-S399  149.61298  -0.54394  17.913  0.547  81.539  0.378  0.305
L101-S400  149.61730  -0.38915  16.762  1.002  82.235  0.682  0.522
L101-S401  149.61831  -0.29826  17.867  1.036  81.096  0.7  0.516
L101-S402  149.62347  -0.34206  17.725  0.618  81.656  0.421  0.383
L101-S403  148.93966  -0.56025  16.354  0.344  83.301  0.23  0.222
L101-S404  149.01398  -0.14874  18.092  1.779  80.128  1.149  1.677
L101-S405  149.11974  -0.04827  18.631  1.622  79.746  1.015  1.356
L101-S406  149.13610  -0.17584  18.887  1.67  79.442  1.076  1.592
L101-S407  149.15396  -0.45235  18.758  1.616  79.625  1.113  1.541
L101-S408  149.16236  -0.53198  18.620  1.65  79.729  1.052  1.44
L101-S409  149.17612  -0.64645  16.368  0.424  83.207  0.304  0.273
L101-S410  149.21105  -0.54359  18.873  1.603  79.523  1.043  1.429
L101-S411  149.25534  -0.64353  16.787  1.53  81.682  1.047  1.531
L101-S412  149.26855  -0.58738  17.866  0.314  81.819  0.233  0.216
L101-S413  149.32216  -0.56954  18.889  1.619  79.491  1.06  1.482
L101-S414  149.62045  -0.22894  18.962  1.715  79.322  1.126  1.434
L101-S415  148.79762  -0.35865  13.602  0.598  85.799  0.408  0.343
L101-S416  148.80556  -0.31706  17.709  0.918  81.372  0.643  0.523
L101-S417  148.80624  -0.61269  19.363  0.462  80.174  -80.636  81.325
L101-S418  148.80847  -0.54136  16.260  0.745  82.994  0.5  0.388
L101-S419  148.80906  -0.55885  19.204  0.558  80.237  0.424  0.36
L101-S420  148.80971  -0.49362  17.883  0.771  81.345  0.569  0.414
L101-S421  148.80986  -0.48257  16.673  1.191  82.135  0.845  0.625
L101-S422  148.81027  -0.37525  18.229  0.819  80.951  0.553  0.468
L101-S423  148.81468  -0.29713  16.300  0.659  83.04  0.429  0.4
L101-S424  148.82128  -0.30050  14.369  0.602  85.028  0.391  0.356
L101-S425  148.82803  -0.38372  16.096  0.691  83.212  0.46  0.432
L101-S426  148.82929  -0.60770  15.490  0.618  83.891  0.406  0.354
L101-S427  148.82965  -0.64231  17.507  1.076  81.416  0.754  0.605
L101-S429  148.83373  -0.65652  19.588  80.411  0  1.056  1.475
L101-S430  148.83403  -0.42835  18.480  1.422  80.097  0.976  0.953
L101-S431  148.84098  -0.29343  18.638  0.53  80.831  0.366  0.353
L101-S432  148.84642  -0.25011  17.424  0.984  81.591  0.605  0.479
L101-S433  148.85013  -0.58399  18.499  0.905  80.595  0.624  0.515
L101-S434  148.85486  -0.47915  17.011  0.6  82.388  0.397  0.369
L101-S435  148.85617  -0.54902  16.473  0.646  82.88  0.424  0.366
L101-S436  148.86082  -0.61770  16.419  0.888  82.692  0.576  0.477
L101-S437  148.87787  -0.17762  15.161  0.653  84.185  0.397  0.364
L101-S438  148.88254  -0.19835  18.642  1.185  80.172  0.841  0.653
L101-S439  148.88850  -0.18625  12.819  0.544  86.636  0.333  0.337
L101-S440  148.88952  -0.41900  17.600  0.782  81.617  0.472  0.449
L101-S441  148.89775  -0.63826  15.727  0.48  83.792  0.329  0.35
L101-S442  148.90164  -0.50146  18.965  0.868  80.166  0.539  0.471
L101-S443  148.91026  -0.50182  17.719  0.693  81.587  0.418  0.402
L101-S444  148.91107  -0.57021  18.891  81.108  0  0.356  0.323
L101-S445  148.91176  -0.61270  16.470  0.538  82.991  0.34  0.357
L101-S446  148.91269  -0.45308  18.832  1.178  79.989  0.621  0.516
L101-S447  148.91894  -0.58663  17.647  1.14  81.212  0.707  0.556
L101-S448  148.92931  -0.41619  18.456  0.678  80.865  0.413  0.393
L101-S449  148.94026  -0.12328  99.999  -81.722  81.722  84.258  -84.258
L101-S450  148.94690  -0.66578  14.836  0.586  84.577  0.357  0.358
L101-S451  148.95708  -0.67114  18.422  1.23  80.347  0.837  0.64
L101-S452  148.95711  -0.68270  17.015  0.657  82.327  0.405  0.378
L101-S453  148.96184  -0.47547  16.683  0.601  82.715  0.381  0.372
L101-S454  148.96790  -0.54855  17.577  0.509  81.913  0.35  0.338
L101-S455  148.97149  -0.62898  17.716  1.385  80.898  0.909  0.767
L101-S456  148.97400  -0.34663  15.012  0.664  84.323  0.423  0.376
L101-S457  148.97965  -0.62696  16.245  1.279  82.475  0.847  0.684
L101-S459  148.98895  -0.63644  14.323  0.913  84.763  0.606  0.502
L101-S460  148.99025  -0.16248  17.688  0.55  81.761  0.355  0.371
L101-S461  148.99259  -0.13473  99.999  -82.215  82.215  83.599  0.494
L101-S462  148.99837  -0.52098  17.203  1.233  81.563  0.817  0.658
L101-S463  149.00157  -0.61269  18.581  0.693  80.725  0.46  0.438
L101-S464  149.00292  -0.55953  18.615  1.415  79.969  0.934  0.916
L101-S465  149.02186  -0.66245  15.969  0.494  83.536  0.344  0.327
L101-S466  149.03869  -0.16014  99.999  -83.782  83.782  84.55  0.346
L101-S467  149.04783  -0.54287  17.656  0.671  81.672  0.421  0.379
L101-S468  149.05936  -0.54263  16.747  0.811  82.441  0.501  0.437
L101-S469  149.06346  -0.14667  16.451  1.062  82.486  0.676  0.529
L101-S470  149.06579  -0.60966  13.557  0.815  85.627  0.508  0.425
L101-S471  149.07097  -0.59272  12.429  0.77  86.8  0.451  0.377
L101-S472  149.07402  -0.64252  18.049  1.428  80.522  0.91  0.973
L101-S473  149.09210  -0.59712  18.488  1.028  80.483  0.717  0.658
L101-S474  149.09887  -0.59737  15.851  0.58  83.568  0.364  0.357
L101-S475  149.10623  -0.55028  18.710  1.505  79.784  0.95  0.923
L101-S476  149.11542  -0.62549  14.504  0.637  84.858  0.4  0.35
L101-S477  149.13033  -0.11332  18.563  1.388  80.048  0.901  0.874
L101-S478  149.13844  -0.63631  17.695  1.355  80.949  0.894  0.826
L101-S479  149.16661  -0.59002  18.526  0.409  81.064  0.295  0.289
L101-S480  149.17621  -0.14618  17.996  1.47  80.533  0.941  0.881
L101-S481  149.18521  -0.07506  17.812  0.905  81.282  0.567  0.558
L101-S482  149.19889  -0.68219  18.175  0.715  81.109  0.44  0.394
L101-S483  149.21157  -0.63273  17.594  0.465  81.94  0.35  0.325
L101-S484  149.21544  -0.04637  17.336  0.697  81.966  0.411  0.344
L101-S485  149.21851  -0.40184  14.518  0.7  0.201  0.418  0.382
L101-S486  149.22574  -0.40686  18.698  1.324  79.977  0.848  0.7
L101-S487  149.23347  -0.67595  16.791  0.872  82.336  0.568  0.487
L101-S488  149.23612  -0.62841  18.320  0.499  81.18  0.346  0.325
L101-S489  149.23721  -0.46852  18.465  1.188  80.346  0.764  0.593
L101-S490  149.24232  -0.57044  17.950  1.255  80.794  0.837  0.719
L101-S491  149.26104  -0.59880  17.130  1.297  81.572  0.857  0.709
L101-S492  149.26183  -0.58033  14.962  0.526  84.511  0.354  0.317
L101-S493  149.26242  -0.43561  18.731  1.534  79.734  0.97  1.028
L101-S494  149.27207  -0.68922  18.542  0.932  80.525  0.674  0.575
L101-S495  149.27228  -0.15345  18.504  0.877  80.618  0.559  0.515
L101-S496  149.27363  -0.64115  16.592  0.498  82.909  0.333  0.338
L101-S497  149.27675  -0.06399  19.127  1.484  79.388  0.964  0.873
L101-S498  149.27903  -0.16754  12.060  0.842  0.587  0.501  0.421
L101-S499  149.29164  -0.64950  15.717  0.9  83.382  0.587  0.537
L101-S500  149.30375  -0.10039  18.748  1.506  79.745  0.973  0.994
L101-S501  149.32354  -0.58808  17.520  0.854  81.625  0.551  0.466
L101-S502  149.32622  -0.16465  18.226  0.721  81.052  0.432  0.4
L101-S503  149.32766  -0.64567  16.444  0.513  83.042  0.324  0.332
L101-S504  149.34680  -0.51149  17.070  0.514  -0.169  0.292  0.305
L101-S505  149.36173  -0.16562  11.891  0.677  0.193  0.396  0.347
L101-S506  149.36506  -0.22018  15.515  0.587  -0.002  0.354  0.35
L101-S507  149.37187  -0.07363  17.798  0.721  81.48  0.422  0.412
L101-S508  149.37308  -0.50671  19.285  1.7  79.014  1.086  1.469
L101-S509  149.37553  -0.59699  17.769  0.473  81.757  0.328  0.318
L101-S510  149.38479  -0.04716  15.559  0.996  0.96  0.649  0.503
L101-S511  149.38525  -0.61570  16.657  0.532  82.81  0.363  0.333
L101-S512  149.40789  -0.18834  17.836  0.894  81.269  0.567  0.481
L101-S513  149.41212  -0.56157  18.022  1.002  80.975  0.644  0.537
L101-S514  149.41555  -0.52590  18.261  0.925  80.813  0.547  0.507
L101-S515  149.42055  -0.61329  99.999  -83.559  83.559  84.414  0.316
L101-S516  149.42708  -0.06537  18.573  1.527  79.899  0.994  1.09
L101-S517  149.43528  -0.59785  99.999  -81.284  81.284  83.093  0.575
L101-S518  149.49362  -0.09222  13.520  0.711  85.768  0.428  0.336
L101-S519  149.49769  -0.10070  12.674  0.606  0.157  0.372  0.298
L101-S520  149.49951  -0.56891  18.760  0.564  80.675  0.416  0.315
L101-S521  149.50556  -0.45529  18.302  0.778  80.919  0.487  0.429
L101-S522  149.50813  -0.51692  17.119  0.502  82.378  0.358  0.305
L101-S523  149.51565  -0.29727  19.236  1.582  79.181  1.067  1.478
L101-S524  149.51653  -0.35715  15.267  0.666  0.134  0.38  0.387
L101-S525  149.52437  -0.31927  17.901  0.61  81.488  -82.098  82.866
L101-S526  149.55780  -0.15735  13.258  0.87  0.553  0.559  0.518
L101-S527  149.57041  -0.23324  18.259  1.525  80.215  0.955  0.95
L101-S528  149.58340  -0.58497  18.503  0.785  80.711  0.496  0.343
L101-S529  149.58878  -0.15537  15.931  0.796  0.455  0.462  0.408
L101-S530  149.59694  -0.18258  19.353  1.476  79.17  0.921  0.869
L101-S531  149.60809  -0.22709  14.049  0.516  -0.005  0.322  0.305
L101-S532  149.61035  -0.24148  12.370  0.919  0.625  0.531  0.46
L101-S533  149.61240  -0.14926  18.798  1.465  79.736  0.958  1.059
L101-S534  149.61412  -0.46016  18.899  1.459  79.641  1.001  0.978
L101-S535  149.61998  -0.10969  13.795  0.952  0.705  0.652  0.501
L101-S628  148.79158  -0.43393  17.344  82.655  0  -82.655  83.505
L101-S630  148.79950  -0.32234  19.915  80.084  0  -80.084  82.548
L101-S631  148.80163  -0.36830  19.378  80.621  0  -80.621  83.049
L101-S632  148.80419  -0.68298  19.027  80.972  0  -80.972  83.359
L101-S638  148.82165  -0.54485  19.850  80.149  0  -80.149  82.486
L101-S642  148.82813  -0.65341  15.080  0.577  84.342  -84.919  85.67
L101-S650  148.87802  -0.45874  19.137  80.862  0  -80.862  83.538
L101-S651  148.87893  -0.71378  16.302  0.949  82.748  -83.697  84.877
L101-S652  148.88242  -0.49863  17.626  0.897  81.476  -82.373  83.448
L101-S653  148.88362  -0.68505  18.353  0.879  80.767  -81.646  82.734
L101-S656  148.88564  -0.69532  19.021  0.79  80.188  -80.978  0
L101-S662  148.90074  -0.53642  15.471  0.695  83.833  -84.528  85.37
L101-S668  148.90840  -0.52100  19.717  80.282  0  -80.282  82.212
L101-S672  148.91701  -0.37921  19.821  80.178  0  -80.178  82.39
L101-S674  148.92150  -0.26370  19.351  0.826  79.822  -80.648  81.649
L101-S677  148.93326  -0.42042  17.591  0.77  81.638  -82.408  83.319
L101-S680  148.94084  -0.68103  16.421  1.367  82.211  -83.578  85.466
L101-S681  148.94692  -0.18358  99.999  -79.947  79.947  0  82.803
L101-S683  148.94791  -0.59334  16.211  0.745  83.043  -83.788  84.606
L101-S685  148.95007  -0.68322  11.686  1.222  87.091  -88.313  89.565
L101-S689  148.97528  -0.66252  18.659  0.487  80.853  -81.34  82.005
L101-S693  148.98523  -0.49592  18.954  0.692  80.353  -81.045  81.854
L101-S697  148.99505  -0.59822  17.202  0.957  81.84  -82.797  83.819
L101-S704  149.01973  -0.52302  20.017  0.501  79.481  -79.982  80.611
L101-S708  149.03587  -0.64049  19.961  80.038  0  -80.038  82.919
L101-S711  149.04683  -0.70426  17.731  82.268  0  -82.268  83.33
L101-S712  149.04861  -0.70771  15.139  0.655  84.205  -84.86  85.607
L101-S714  149.07037  -0.33427  99.999  0  0  80.071  0.453
L101-S717  149.09192  -0.30215  20.018  79.981  0  0.872  0.763
L101-S720  149.09715  -0.68920  15.486  0.622  83.891  -84.513  85.25
L101-S721  149.09885  -0.67897  16.447  0.78  82.772  -83.552  84.433
L101-S722  149.10922  -0.52695  20.064  79.935  0  0.89  0.847
L101-S723  149.11127  -0.40977  20.158  79.841  0  0.586  0.551
L101-S724  149.11422  -0.65034  18.700  1.154  80.145  -81.299  82.756
L101-S726  149.11488  -0.35127  19.747  80.252  0  1.057  1.289
L101-S730  149.13579  -0.10431  19.244  80.755  0  0.971  1.067
L101-S732  149.14941  -0.58873  19.460  80.539  0  0.746  0.65
L101-S735  149.15676  -0.70343  18.069  1.088  80.842  -81.93  83.218
L101-S736  149.15845  -0.35376  20.198  79.801  0  0.294  -80.095
L101-S737  149.15927  -0.16027  19.608  80.391  0  0.337  0.36
L101-S738  149.16321  -0.04677  19.520  80.479  0  0.979  0.888
L101-S740  149.16327  -0.31849  19.542  0.784  79.673  -80.457  81.359
L101-S741  149.16465  -0.42723  19.213  0.553  80.233  0.366  0.36
L101-S742  149.16502  -0.23042  19.422  80.577  0  0.865  0.717
L101-S744  149.18829  -0.51919  17.887  0.815  81.297  0.497  0.443
L101-S746  149.19455  -0.28051  99.999  0  0  80.687  1.416
L101-S747  149.19518  -0.41960  20.030  79.969  0  0.665  0.569
L101-S751  149.20340  -0.51606  19.469  80.53  0  0.786  0.628
L101-S754  149.22498  -0.68943  17.922  1.423  80.654  -82.077  84.156
L101-S758  149.23779  -0.22724  19.426  80.573  0  0.947  0.897
L101-S759  149.24221  -0.36446  20.172  79.827  0  0.893  1.225
L101-S762  149.25713  -0.11103  19.651  0.544  79.804  0.354  0.374
L101-S763  149.25822  -0.69481  13.407  0.421  86.171  -86.592  87.181
L101-S766  149.26776  -0.28864  19.291  1.418  79.29  0.928  0.929
L101-S767  149.27307  -0.46724  19.689  0.411  79.899  0.283  0.335
L101-S773  149.29811  -0.39853  19.709  80.29  0  0.932  0.812
L101-S774  149.29909  -0.70883  16.924  0.795  82.28  -83.075  84.092
L101-S775  149.29952  -0.69924  19.578  80.421  0  -80.421  82.38
L101-S777  149.31707  -0.25575  20.200  79.799  0  0.521  0.434
L101-S778  149.31758  -0.58261  99.999  0  0  81.334  1.462
L101-S783  149.34443  -0.23060  19.331  1.1  79.568  0.638  0.542
L101-S786  149.35411  -0.47982  20.077  79.922  0  0.332  0.395
L101-S788  149.37336  -0.07794  19.242  80.757  0  0.981  1.264
L101-S790  149.37443  -0.27229  19.718  80.281  0  1.02  1.167
L101-S796  149.39934  -0.35289  20.060  79.939  0  1.042  1.221
L101-S799  149.41717  -0.12403  19.453  0.897  79.649  0.55  0.474
L101-S801  149.42429  -0.12706  18.706  1.393  79.9  0.865  0.726
L101-S806  149.44557  -0.46260  19.724  0.795  79.48  0.504  0.506
L101-S809  149.44882  -0.51680  19.305  80.694  0  0.988  1.008
L101-S815  149.47751  -0.27302  19.754  80.245  0  0.396  0.438
L101-S821  149.51170  -0.42235  19.291  0.774  79.934  0.488  0.494
L101-S829  149.54344  -0.18422  18.895  0.784  80.32  0.514  0.428
L101-S836  149.58001  -0.26776  19.760  80.239  0  1.001  1.351
L101-S847  149.62184  -0.33665  19.020  0.549  80.43  0.375  -81.354
L101-S850  149.63874  -0.23498  17.730  0.679  81.59  -82.269  83.104
L101-S851  149.63949  -0.30467  16.648  0.826  82.525  -83.351  84.249
L101-S853  149.65201  -0.35943  13.728  0.529  85.742  -86.271  86.909
