# BEGIN CATALOG HEADER 
# nfields '+str(nn)+' 
#     id 1 0 c INDEF %15s 
#     ra 2 0 d degrees %10.5f 
#     dec 3 0 d degrees %10.5f 
#     magV  4 0 r INDEF %6.2f 
#     magBV 5 0 r INDEF %6.2f 
#     magUB 6 0 r INDEF %6.2f 
#     magVR 7 0 r INDEF %6.2f 
#     magRI 8 0 r INDEF %6.2f 
# END CATALOG HEADER 
#
  1	297.042965   0.36391685     	V	BV	UB	VR	RI
  2	297.028552   0.39233025     	V	BV	UB	VR	RI
  3	297.008242   0.38692029     	V	BV	UB	VR	RI
  4	296.990859   0.36865661     	V	BV	UB	VR	RI
  5	296.942370   0.39967504     	V	BV	UB	VR	RI
  6	296.994648   0.30726819     	V	BV	UB	VR	RI
  7	297.006970   0.26472441     	V	BV	UB	VR	RI
  8	296.842124   0.31920607     	V	BV	UB	VR	RI
  9	296.860661   0.40158077     	V	BV	UB	VR	RI
  10	296.949646   0.46018861     	V	BV	UB	VR	RI
  11	296.574204   0.42433245     	V	BV	UB	VR	RI
  12	296.590735   0.35018345     	V	BV	UB	VR	RI
  13	296.591183   0.32344584     	V	BV	UB	VR	RI
  14	296.666979   0.17519125     	V	BV	UB	VR	RI
  15	296.675740   0.14194213     	V	BV	UB	VR	RI
  16	296.811398   0.22589454     	V	BV	UB	VR	RI
  17	297.366729   0.19416461     	V	BV	UB	VR	RI
  18	297.365519   0.20404453     	V	BV	UB	VR	RI
  19	297.292116   0.24067589     	V	BV	UB	VR	RI
  20	297.326616   0.28384733     	V	BV	UB	VR	RI
  21	297.236505   0.28712942     	V	BV	UB	VR	RI
  22	297.343070   0.53791763     	V	BV	UB	VR	RI
  23	297.225515   0.55483601     	V	BV	UB	VR	RI
  24	297.076923   0.64271641     	V	BV	UB	VR	RI
 717	294.228410   0.12560617		8.531	0.429 	0.201	9999	9999
 773	294.316025   0.18292592 	8.964	0.206 -0.209    0.12    0.144
 775	294.318221   0.20161705428 	10.745	1.737  2.033    0.966   0.898
 1925	294.369392   0.41752140370 	12.386	0.397  0.255    0.219   0.26
 1965	294.423205   0.44755860223 	11.423	1.708  1.859    0.955   0.879
 1969	294.430413   0.43022749689 	10.388	1.95   2.305    1.183   1.224
 2009	294.476035   0.44131208473 	10.597	0.874  0.549    9999    9999
 2039	294.519144   0.53690082735 	12.402	1.362  1.237    0.746   0.693
 2088	294.588634   0.51681961333 	13.195	1.604  1.682    0.99    0.801
 2093	294.597833   0.52381994512 	12.548	0.645  0.26     0.38    0.397
 S1 	294.371650   0.43081003083 	15.723	0.94    9999    9999    9999
 S2 	294.381067   0.46494620747 	16.028	1.015   9999    9999    9999
 S3 	294.387281   0.43704264058 	15.253	1.018   9999    9999    9999
 S4  	294.388235   0.44501153416 	14.763	1.448   9999    9999    9999
 S5  	294.387803   0.42469625579 	16.010  1.453   9999    9999    9999
 S6  	294.391922   0.46475433138 	15.509  1.556   9999    9999    9999
 S7  	294.394036   0.46852906479 	15.296  1.467   9999    9999    9999
 S8  	294.395956   0.43963796510 	14.534  1.427   9999    9999    9999
 S9  	294.403371   0.45545938598 	14.487  0.945   9999     0.56   0.567
 S10	294.405275   0.47400494787 	12.613  1.16    9999    9999    9999
 S11	294.404773   0.42390300327 	15.576  1.49    9999     0.847  0.8
 S12	294.405544   0.41144300673 	15.179  1.551   9999     0.879  0.862
 S13	294.410891   0.47472579956 	15.950  0.832   9999     9999    0
 S14	294.416354   0.45953525861 	15.266  1.872   9999     1.206  1.351
 S16	294.426545   0.41279416190 	15.217  1.556   9999     0.872  0.837
 S17	294.430397   0.45359666295 	15.506  1.386   9999     0.765  0.761
 S19	294.434468   0.45156471822 	14.061  1.438   9999     0.796  0.771
 S20	294.435921   0.46150221719 	16.027  1.345   9999     0.742  0.774
 S21 	294.437878   0.41540721575 	16.007  1.323   9999     0.754  0.729
 S22	294.440167   0.45705026944 	16.166  1.224   9999     0.709  0.682
 S23	294.440470   0.44967249129 	15.195  1.178   9999     0.663  0.621
 S24	294.441200   0.45853360123 	12.542  1.401   9999     0.778  0.702
 S25	294.440249   0.42539082474 	16.296  0.901   9999     0.517  0.534
 S26	294.441093   0.43206887987 	16.017  0.992   9999     0.565  0.583
 S27	294.440923   0.40447554641 	16.496  0.951   9999     9999   9999
 S29	294.453634   0.47366774082 	14.464  0.828   9999     9999   9999
 S30	294.453482   0.43082385275 	16.406  0.957   9999     0.578  0.566
 S31	294.454566   0.41707773924 	15.904  1.093   9999     0.647  0.615
 S33	294.459759   0.47364438587 	14.609  1.412   9999     9999   9999
 S34	294.464336   0.45212436769 	14.119  1.318   9999     9999   9999
 S35	294.464898   0.44384464370 	14.988  1.296   9999     9999   9999
 S37	294.554261   0.50547364659 	16.264  1.143   9999     9999   9999
 S38	294.559936   0.52646547212 	16.735  1.399   9999     9999   9999
 S39	294.560390   0.52000157992 	16.849  0.998   9999     9999   9999
 S40	294.566588   0.51373785655 	17.104  0.957   9999     9999   9999
 S41	294.571152   0.52798553043 	16.781  1.032   9999     9999   9999
 S42	294.573472   0.53074409167 	15.251  0.868   9999     9999   9999
 S43	294.573239   0.49514774323 	17.194  1.306   9999     9999   9999
 S44	294.573990   0.49079689980 	16.685  1.277   9999     9999   9999
 S45	294.576409   0.52308459441 	17.327  0.95    9999     9999   9999
 S46	294.576469   0.50208433747 	16.452  0.856   9999     9999   9999
 S47	294.580973   0.50072480030 	15.406  1.373   9999     9999   9999
 S48	294.582787   0.51144085990 	16.426  0.992   9999     9999   9999
 S49	294.583835   0.52527276569 	16.481  0.914   9999     9999   9999
 S50	294.584941   0.52933662521 	17.436  0.669   9999     9999   9999
 S51	294.584786   0.48273251745 	16.863  1.059   9999     9999   9999
 S53	294.593050   0.49115843508 	15.735  1.54    9999     9999   9999
 S54	294.592986   0.48419927895 	16.241  1.234   9999     9999   9999
 S55	294.595263   0.50019503862 	16.781  1.095   9999     9999   9999
 S56	294.595681   0.49896225293 	16.582  1.006   9999     9999   9999
 S58	294.598328   0.50509384844 	16.522  1.086   9999     9999   9999
 S59	294.599870   0.52838100009 	16.268  1.222   9999     9999   9999
 S60	294.600207   0.53230654187 	15.642  1.339   9999     9999   9999
 S61	294.606885   0.53363776217 	16.565  0.994   9999     9999   9999
 S62	294.608877   0.53376576639 	15.159  1.294   9999     9999   9999
 S63	294.608355   0.50148555319 	16.947  1.061   9999     9999   9999
 S64	294.611146   0.49885548698 	17.461  1.22    9999     9999   9999 
 S65	294.615367   0.51163896667 	15.760  0.988   9999     9999   9999 
 S66	294.615105   0.49813621945 	16.671  0.977   9999     9999   9999 
 S67	294.615081   0.49385150486 	16.288  1.297   9999     9999   9999
 S68	294.615732   0.51572617319 	16.847  1.405   9999     9999   9999
 S69	294.617018   0.48993590567 	15.015  1.403   9999     9999   9999
 S70	294.617722   0.50335003032 	15.680  1.1     9999     9999   9999
 S71	294.622287   0.51819293605 	17.443  0.863   9999     9999   9999
 S72	294.624666   0.52773035261 	14.839  0.827   9999     9999   9999
 S73	294.627353   0.49750922415 	16.750  0.943   9999     9999   9999
 S74	294.630396   0.52243047820 	14.371  0.934   9999     9999   9999
 S75	294.630682   0.49667718781 	16.083  1.302   9999     9999   9999
 S76	294.322893   0.17845990393 	14.666  0.846   9999     9999   9999
 S77	294.322475   0.18843461514 	15.580  1.346   9999     0.787  0.766
 S82	294.253194   0.13793998453 	9.155  0.285   0.19     0.254  9999
 S83	294.254890   0.22417487939 	15.058  0.967   9999     0.576  0.548
 S84	294.262812   0.15079014182 	15.481  84.518  9999     0.699  0.692
 S86	294.267567   0.20121126850 	14.041  1.271   9999     0.72   0.707
 S93	294.287523   0.23700740814 	15.521  1.263   9999     0.724  0.733
 S94	294.288799   0.16476833767 	14.553  9999    9999     0.549  0.557
 S95	294.289770   0.21248135885 	13.889  0.958   9999     0.538  0.527
 S96	294.296353   0.20649146769 	15.781  1.375   9999     9999   9999
 S97	294.296656   0.17265205913 	13.824  0.873   9999     9999   9999
 S98	294.298317   0.24077896648 	12.899  1.948   9999     1.182  1.311
 S99	294.300606   0.23089039909 	14.285  1.396   9999     0.804  0.764
 S101	294.302411   0.22326348782 	15.071  0.676   9999     0.365  0.403
 S102	294.304041   0.20884741253 	14.064  1.281   9999     0.716  0.719
 S103	294.304081   0.23367767053 	13.182  0.829   9999     0.493  0.481
 S104	294.304670   0.16371023602 	15.422  9999    9999     0.646  9999  
  775	294.320833   0.19555555555	10.74	1.738	2.029	 0.965	0.896
  773	294.320833   0.17722222222	8.96	0.206	-0.210	 0.119	0.144  
 1925	294.370833   0.41111111111	12.39	0.395	0.262	 0.221	0.253
 1965	294.425000   0.44166666666	11.42	1.710	1.865	 0.951	0.877
 1969	294.433333   0.42416666666	10.38	1.959	2.306	 1.177	1.222
 2039	294.520833   0.53111111111	12.40	1.369	1.237	 0.739	0.689
 2088	294.591666   0.51111111111	13.19	1.610	1.678	 0.888	0.818
 2093	294.600000   0.51805555555	12.54	0.637	0.283	 0.370	0.397
