# BEGIN CATALOG HEADER
# nfields 11
#     id 1 0 c INDEF %15s
#     ra 2 0 d degrees %10.5f
#     dec 3 0 d degrees %10.5f
#     magV  4 0 r INDEF %6.2f
#     magBV 5 0 r INDEF %6.2f
#     magUB 6 0 r INDEF %6.2f
#     magVR 7 0 r INDEF %6.2f
#     magRI 8 0 r INDEF %6.2f
# END CATALOG HEADER
#
L92-245  13.56723515987  +00.66527467410  13.818  1.441  1.192  0.932  0.895
L92-248  13.62822693984  +00.67148191982  15.359  1.142  1.112  0.69  0.534
L92-249  13.63995315234  +00.68492281914  14.330  0.72  0.217  0.405  0.372
L92-250  13.65481092135  +00.64943370607  13.187  0.815  0.472  0.452  0.386
L92-252  13.69689523379  +00.65693091816  14.934  0.518  -0.179  0.335  0.343
L92-253  13.71404024760  +00.67226157718  14.089  1.15  1.011  0.721  0.6
L92-259  13.84008906682  +00.67541676097  15.039  0.636  0.08  0.372  0.356
L92-263  13.91413143476  +00.60552791489  11.783  1.046  0.847  0.564  0.526
L92-276  14.11086076101  +00.69753488329  12.047  0.619  0.081  0.375  0.344
L92-282  14.19509202639  +00.64163425869  12.967  0.32  -0.04  0.197  0.223
L92-322  13.44566437403  +00.79315501743  12.662  0.54  86.797  0.315  0.293
L92-330  13.68073485692  +00.72402730359  15.046  0.57  -0.121  0.356  0.36
L92-335  13.74292561213  +00.73362363127  12.525  0.681  0.207  0.379  0.35
L92-336  13.75582976093  +00.78965176158  8.035  0.967  0.841  0.539  0.45
L92-339  13.76355416775  +00.73648868746  15.586  0.473  -0.203  0.312  0.324
L92-342  13.79131150246  +00.72036602894  11.618  0.443  -0.047  0.263  0.26
L92-345  13.84896702766  +00.85211154593  15.250  0.756  83.993  0.476  0.439
L92-347  13.85864200592  +00.84701827367  15.753  0.519  -0.073  0.331  0.328
L92-355  14.02368777792  +00.84643297407  14.983  1.189  83.827  0.79  0.623
L92-364  14.21762817701  +00.73166928821  11.672  0.607  -0.04  -88.327  0
L92-409  13.79964656432  +00.93260779063  10.633  1.14  1.133  0.746  0.616
L92-410  13.80941008727  +01.03095323139  14.987  0.411  -0.145  0.248  0.254
L92-412  13.81529461940  +01.03186416944  15.047  0.48  -0.155  0.306  0.311
L92-417  13.88419567744  +00.88541526874  15.926  0.505  83.568  0.326  0.343
L92-425  13.99244127274  +00.88301672300  13.943  1.2  1.162  0.763  0.613
L92-426  13.99834831556  +00.88187821812  14.463  0.712  0.139  0.412  0.401
L92-427  14.02773096363  +01.00586737209  14.952  0.786  84.261  0.466  0.424
L92-430  14.06337409019  +00.88850129022  14.445  0.562  -0.048  0.342  0.348
L92-433  14.22387827237  +01.01168876648  11.666  0.653  0.11  0.366  0.349
L92-497  13.97646099726  +01.19511588415  13.650  0.721  85.628  -86.349  0
L92-498  13.98555119832  +01.17810424381  14.404  1.034  84.561  -85.595  86.802
L92-501  14.00047713552  +01.18098098649  12.974  0.584  86.441  -87.025  87.742
L92-502  14.03387384415  +01.07370426708  11.792  0.477  87.73  -88.207  88.791
L92-507  14.21159030596  +01.09998687002  11.336  0.935  0.678  -88.663  0
L92-508  14.21333430608  +01.15961026298  11.672  0.54  -0.043  0.314  -88.641
L92-S1  13.53848135471  +00.72698188252  13.992  1.009  84.998  0.615  0.502
L92-S3  13.54736218850  +00.69562359386  17.884  0.923  81.192  0.54  0.517
L92-S4  13.55024597247  +00.57125394344  18.912  1.537  79.55  1.044  1.264
L92-S19  13.57676290671  +00.58760709392  17.887  0.587  81.525  0.373  0.394
L92-S20  13.57764083544  +00.63095334159  14.893  0.853  0.37  0.48  0.448
L92-S21  13.58249378204  +00.63284532653  16.815  1.234  81.95  0.781  0.652
L92-S22  13.58562312921  +00.74026395427  17.692  0.862  81.445  0.511  0.469
L92-S23  13.58738381068  +00.70718588564  16.665  0.811  82.523  0.485  0.442
L92-S24  13.58815364838  +00.61298606555  18.839  1.561  79.599  1.141  1.595
L92-S25  13.58823394775  +00.56999625577  16.900  1.293  81.806  0.811  0.661
L92-S29  13.59674950441  +00.73342418483  18.235  0.598  81.166  0.352  0.379
L92-S30  13.59789545536  +00.57095546961  17.208  1.479  81.312  0.931  0.915
L92-S34  13.60320566495  +00.58182797432  16.411  0.671  -0.015  0.394  0.38
L92-S39  13.60977590879  +00.60383912219  18.495  1.553  79.951  0.961  0.994
L92-S41  13.61596731345  +00.63522021254  17.263  1.336  81.4  0.838  0.692
L92-S42  13.61650582155  +00.74747429530  16.857  0.624  -0.015  0.366  0.36
L92-S50  13.63562653859  +00.74379739973  15.539  0.852  0.375  0.491  0.467
L92-S51  13.63583397865  +00.75020072629  18.171  0.716  -0.03  0.427  0.433
L92-S53  13.63652283351  +00.63828998990  20.294  79.705  0  1.207  1.561
L92-S56  13.64019589424  +00.57438287576  18.995  1.519  79.485  0.968  1.054
L92-S57  13.64312062263  +00.75191308114  18.992  1.351  79.656  0.843  0.736
L92-S59  13.64511896769  +00.59094308535  18.935  1.627  79.437  1.127  1.566
L92-S60  13.64704130491  +00.72459087425  17.064  0.616  -0.089  0.372  0.361
L92-S72  13.67469603221  +00.57769982868  18.420  1.574  80.005  1.046  1.346
L92-S76  13.67922650973  +00.71553808318  18.346  1.391  80.262  0.883  0.783
L92-S79  13.68808282216  +00.66777330021  19.672  1.54  78.787  1.198  1.554
L92-S80  13.69014905294  +00.58340993247  15.246  0.661  0.041  0.386  0.359
L92-S85  13.69739540418  +00.78137017462  15.357  0.586  -0.083  0.357  0.366
L92-S93  13.71172679265  +00.59163188140  18.365  1.497  80.137  0.99  1.19
L92-S94  13.71423988342  +00.77805393855  16.344  1.129  1.076  0.711  0.623
L92-S100  13.73823558489  +00.69615518252  18.340  1.145  80.514  0.726  0.621
L92-S103  13.74287902514  +00.62840734058  17.560  0.704  0.069  0.421  0.417
L92-S104  13.74706188838  +00.64461384137  19.138  1.419  79.442  0.99  1.139
L92-S112  13.75545808723  +00.68148877886  19.361  1.564  79.074  1.103  1.373
L92-S115  13.76114450594  +00.73718945371  18.569  0.79  80.64  0.455  0.415
L92-S116  13.76346431474  +00.72018730720  13.625  0.856  0.431  0.486  0.46
L92-S118  13.76836372415  +00.63433138020  19.682  1.517  78.8  1.064  1.258
L92-S119  13.77219857971  +00.58818400171  13.729  0.858  85.412  0.487  0.441
L92-S121  13.77506048282  +00.69741845237  18.138  1.504  80.357  0.995  1.102
L92-S124  13.77701277137  +00.67623934428  14.376  0.788  0.397  0.446  0.408
L92-S130  13.78529355526  +00.59500762304  16.679  0.62  82.7  0.402  0.403
L92-S131  14.02767320474  +00.81619230800  16.297  0.836  82.866  0.503  0.441
L92-S132  13.85106714567  +00.82852906227  15.113  0.725  84.161  0.452  0.431
L92-S133  13.98825680415  +00.84030714247  15.411  0.63  83.958  0.371  0.367
L92-S134  13.86868867079  +00.84261942440  17.161  0.549  82.289  0.368  0.364
L92-S135  13.94636071523  +00.84475971752  13.650  0.812  85.537  0.46  0.412
L92-S136  14.06257274151  +00.85015305938  17.911  0.654  81.434  0.39  0.397
L92-S137  14.04686789910  +00.85517679003  15.135  0.973  83.891  0.61  0.5
L92-S138  13.95029012362  +00.88090102937  15.145  0.667  84.187  0.397  0.374
L92-S139  13.84944834709  +00.90384738048  15.303  0.74  83.956  0.414  0.382
L92-S140  13.91214145025  +00.91141152382  12.147  0.647  87.205  0.388  0.348
L92-S141  14.05747127136  +00.91447235107  17.069  1.584  81.346  1.108  1.456
L92-S142  14.03716881673  +00.91723182533  14.563  0.894  84.542  0.523  0.433
L92-S143  14.04660547972  +00.92750169860  16.967  0.741  82.291  0.435  0.422
L92-S144  14.07119486332  +00.95560885111  17.854  1.576  80.569  1.078  1.326
L92-S145  13.86196769079  +00.95947523223  17.048  0.76  82.191  0.449  0.444
L92-S146  13.94587163925  +00.96395942052  15.857  0.65  83.492  0.407  0.408
L92-S147  13.90642949740  +00.96954045428  15.745  1.166  83.088  0.744  0.593
L92-S148  14.07965193590  +00.99169890457  18.097  0.675  81.227  -81.902  82.682
L92-S149  13.86272037824  +01.00049829076  14.511  0.723  84.765  0.425  0.39
L92-S150  13.86886435350  +01.00199053486  14.604  0.808  84.587  0.487  0.446
L92-S151  13.98900502523  +01.00388452265  17.483  1.414  81.102  0.922  0.853
L92-S152  13.93466777802  +01.01325125694  15.917  0.612  83.47  0.388  0.376
L92-S153  14.06148860057  +01.02731142150  14.775  0.782  84.442  0.462  0.426
L92-S154  14.01146861613  +01.03098100662  17.878  0.773  81.348  0.457  0.426
L92-S155  13.95720518430  +01.04012640741  16.135  0.656  83.208  0.397  0.383
L92-S156  14.05357532899  +01.04227760633  16.909  1.254  81.836  0.825  0.648
L92-S157  13.94174389839  +01.04539947404  14.748  0.938  84.313  0.585  0.459
L92-S158  13.55926613013  +00.76736689952  14.469  0.792  0.314  0.446  0.398
L92-S159  13.57595702012  +00.54568779098  16.573  1.493  81.933  0.979  1.04
L92-S160  13.67105600039  +00.53964308050  15.481  0.759  83.759  0.447  0.407
L92-S161  13.70524185499  +00.86147594346  14.761  0.691  84.547  0.389  0.35
L92-S162  13.70558478038  +00.92600280338  18.246  1.147  80.606  0.749  0.616
L92-S163  13.71501536369  +00.85015609248  12.723  0.929  86.347  0.522  0.47
L92-S164  13.71644625664  +01.08603888856  16.894  1.122  81.983  0.744  0.572
L92-S165  13.71684891383  +00.98446320905  18.036  1.558  80.405  1.002  1.087
L92-S166  13.72183289528  +01.02933919483  15.064  0.689  84.246  0.386  0.375
L92-S167  13.72285499573  +01.08939944002  17.983  0.889  81.127  0.597  0.511
L92-S168  13.73031843503  +00.83567503611  14.610  0.65  0.06  0.383  0.371
L92-S169  13.73084233602  +00.97805878533  16.717  1.283  81.999  0.818  0.67
L92-S170  13.73399879138  +01.06664325502  17.986  1.545  80.468  1.005  1.175
L92-S171  13.73740536372  +00.96036627346  18.854  1.464  79.681  1.008  1.279
L92-S172  13.73833257357  +00.99917432361  18.051  1.457  80.491  0.961  1.091
L92-S173  13.74404848417  +01.02624478446  16.443  0.657  82.899  0.378  0.384
L92-S174  13.74634914398  +00.92860162099  18.175  0.747  81.077  0.437  0.399
L92-S175  13.75067811937  +01.07823775080  13.850  0.693  85.456  0.42  0.407
L92-S176  13.75519030044  +00.73104845471  17.328  0.584  -0.072  0.35  0.348
L92-S177  13.75581581394  +00.62105966939  19.530  1.635  78.834  1.189  1.618
L92-S178  13.76276654204  +00.82814943631  13.269  0.643  0.005  0.381  0.364
L92-S179  13.76319647531  +00.82239584128  12.824  0.614  0.032  0.365  0.343
L92-S180  13.76725005706  +00.87726591958  15.431  0.691  83.877  0.397  0.363
L92-S181  13.76767950257  +00.96255337715  13.315  0.629  86.055  0.359  0.362
L92-S182  13.77389278213  +00.99386631224  17.514  1.218  81.267  0.8  0.688
L92-S183  13.77648901145  +00.98388305545  17.410  1.44  81.149  0.923  0.827
L92-S184  13.77666751146  +00.73479597131  18.874  0.559  80.566  0.328  0.368
L92-S185  13.78348898093  +00.58246203529  18.604  1.107  80.288  0.705  0.589
L92-S186  13.78630097310  +00.85061836514  15.955  0.81  83.234  0.495  0.435
L92-S187  13.78676704168  +00.79414117813  19.199  1.82  78.98  1.5  2.03
L92-S188  13.79125486612  +00.73254963345  16.622  0.754  0.21  0.427  0.409
L92-S190  13.79736567736  +01.06537992054  16.172  0.603  83.224  0.377  0.35
L92-S191  13.79745650291  +00.74613391982  18.166  0.615  81.218  0.384  0.388
L92-S192  13.79899327755  +00.71712868161  19.097  1.657  79.245  1.184  1.51
L92-S193  13.79951630036  +00.69027008904  15.959  0.569  -0.111  0.352  0.342
L92-S194  13.80310025613  +00.71759875682  18.639  0.78  80.58  0.49  0.473
L92-S195  13.80322646697  +00.67963349236  18.713  1.389  79.897  0.889  0.76
L92-S196  13.80410707394  +00.95003120795  17.556  0.592  81.851  0.362  0.348
L92-S197  13.80652634303  +00.96132597287  16.686  1.538  81.775  0.99  0.958
L92-S198  13.80709336599  +00.76638381322  15.948  0.735  0.186  0.424  0.389
L92-S201  13.81206397216  +00.90494803111  16.030  0.603  83.366  0.357  0.353
L92-S203  13.82289369901  +00.58263964229  17.170  1.584  81.245  1.05  1.281
L92-S204  13.83191218376  +00.66888556891  17.451  1.087  81.461  0.691  0.55
L92-S205  13.83487301668  +00.66116893450  18.385  1.112  80.502  0.73  0.605
L92-S206  13.83652502696  +00.60400534497  16.638  0.799  82.562  0.473  0.435
L92-S207  13.83667484919  +01.01892086347  14.754  0.658  84.587  0.411  0.401
L92-S209  13.84289251963  +01.09295064608  17.682  0.705  81.612  0.44  0.417
L92-S210  13.84315358798  +00.72723261727  15.791  0.845  83.363  0.481  0.449
L92-S211  13.84638132254  +00.69289208942  17.782  0.725  81.492  0.419  0.399
L92-S214  13.85063968500  +00.69293573168  17.801  0.872  81.326  0.499  0.489
L92-S217  13.85988119443  +00.62483356211  17.411  1.328  81.26  0.852  0.724
L92-S218  13.86192116737  +00.73632440223  17.028  0.668  82.303  0.379  0.354
L92-S221  13.86331257820  +01.08340384779  17.078  0.638  82.283  0.42  0.417
L92-S222  13.86656499704  +00.59363303079  17.280  0.481  82.238  0.297  0.327
L92-S225  13.86994590759  +00.89372026020  19.067  1.551  79.381  1.05  1.278
L92-S226  13.87085212866  +00.61560081906  17.222  1.522  81.255  0.991  1.09
L92-S227  13.87195628484  +00.65966748767  18.485  0.974  80.54  0.598  0.522
L92-S228  13.87276983261  +00.74253832181  12.119  0.589  87.291  0.346  0.34
L92-S229  13.87593018214  +00.62422249264  19.102  1.501  79.396  1.146  1.56
L92-S230  13.88060129484  +00.66521610472  17.803  1.091  81.105  0.68  0.55
L92-S231  13.88109942277  +00.75168360458  15.586  1.031  83.382  0.628  0.485
L92-S233  13.88727753957  +00.63985137569  14.977  0.878  84.144  0.49  0.435
L92-S234  13.89000738462  +00.94688831223  18.776  1.658  79.565  1.097  1.263
L92-S235  13.89047978719  +00.69058997949  15.356  0.958  83.685  0.562  0.463
L92-S236  13.89349241257  +00.97902357949  18.339  1.111  80.549  0.722  0.621
L92-S237  13.89431878726  +00.72372441186  17.307  1.522  81.17  1.088  1.331
L92-S238  13.89546682040  +00.83722885079  18.230  1.542  80.227  0.984  0.94
L92-S239  13.90163944562  +00.73870160209  17.315  0.808  81.876  0.509  0.481
L92-S241  13.90639053981  +00.80282240523  15.380  0.587  84.032  0.358  0.348
L92-S244  13.91733156840  +00.94045258681  17.901  1.126  80.972  0.736  0.601
L92-S245  13.91909079552  +00.59782037417  17.826  1.565  80.608  1.04  1.253
L92-S246  13.92022457123  +00.76386951658  19.043  1.597  79.359  1.023  1.124
L92-S247  13.93221020699  +00.70631077978  16.634  0.63  82.735  0.371  0.366
L92-S251  13.94834682147  +00.78288525475  18.439  1.566  79.994  1.042  1.226
L92-S253  13.95404839516  +00.73135489252  16.194  0.698  83.107  0.399  0.378
L92-S254  13.96253739993  +00.94378966014  17.946  0.558  81.495  0.341  0.344
L92-S256  13.96565252940  +00.72394273069  17.491  0.943  81.565  0.607  0.528
L92-S257  13.96698287328  +00.77635629442  17.389  0.485  82.125  0.313  0.336
L92-S258  13.97193239530  +01.06428550614  17.184  0.475  82.34  0.335  0.335
L92-S259  13.97757970492  +00.66549555673  17.965  1.486  80.548  0.934  0.894
L92-S260  13.97905913989  +00.80627156311  17.433  0.819  81.747  0.47  0.457
L92-S261  13.97942841848  +00.65146468825  16.820  0.585  82.594  0.351  0.372
L92-S262  13.98571815491  +00.63442899472  17.800  0.667  81.532  0.411  0.443
L92-S265  13.98913195928  +01.08947280036  15.500  1.122  83.377  0.736  0.574
L92-S266  13.98938633601  +00.67758221202  18.635  81.364  0  1.038  1.307
L92-S267  13.99575231870  +00.76165671031  15.451  0.572  83.976  0.349  0.358
L92-S268  13.99655275345  +00.64848343319  18.704  81.295  0  1.011  1.228
L92-S271  14.02455299894  +00.77994551447  17.822  0.841  81.336  0.496  0.499
L92-S274  14.03138809403  +00.65107514295  16.920  1.216  81.863  0.805  0.686
L92-S281  14.06176940600  +01.08279881477  16.215  0.797  82.987  0.5  0.454
L92-S284  14.07055151463  +00.71315738784  16.105  0.678  83.216  0.391  0.392
L92-S287  14.08132987022  +00.98030245145  17.526  1.447  81.026  -82.473  84.664
L92-S288  14.09349668821  +00.63107843611  17.910  0.804  81.285  -82.089  83.024
L92-S289  14.09379333655  +00.91868969546  17.516  1.295  81.188  -82.483  84.088
L92-S290  14.09559116364  +01.04864706675  16.783  0.698  82.518  -83.216  84.078
L92-S291  14.09638040066  +00.78361459815  18.649  1.298  80.052  -81.35  82.993
L92-S292  14.11148021221  +01.05745553282  18.452  1.422  80.125  -81.547  83.64
L92-S293  14.11525913874  +00.80839016491  15.768  0.77  83.461  -84.231  85.15
L92-S294  14.11654942036  +00.83000197305  17.392  0.439  82.168  -82.607  83.225
L92-S295  14.11754875183  +00.64379828453  18.386  0.908  80.705  -81.613  82.732
L92-S296  14.12289539973  +00.98143892076  16.930  0.612  82.457  -83.069  83.829
L92-S297  14.13067989349  +00.90059034374  18.055  0.77  81.174  -81.944  82.826
L92-S298  14.13100270430  +00.91300806151  16.106  1.115  82.778  -83.893  85.2
L92-S300  14.13643825849  +01.00894572152  17.796  0.703  81.5  -82.203  0
L92-S301  14.14072500865  +01.04917334451  15.829  0.486  83.684  -84.17  0
L92-S302  14.14142001470  +01.05852354103  17.002  1.003  81.994  -82.997  0
L92-S304  14.15592147509  +00.70498941845  17.554  0.691  81.754  -82.445  0
L92-S305  14.15683654149  +00.84377742873  14.843  0.96  84.196  -85.156  0
L92-S306  14.16759370168  +00.81117625872  16.912  1.162  81.925  -83.087  0
L92-S307  14.17732936541  +00.95066826814  17.191  0.637  82.171  -82.808  0
L92-S325  14.24014670054  +01.09118144883  18.471  81.528  0  1.229  -82.757
L92-S328  13.64261250496  +00.86700105866  18.173  1.078  80.748  0.71  0.578
L92-S329  13.64982156754  +00.82068687942  17.414  1.389  81.196  0.903  0.824
L92-S330  13.66412221591  +00.93491238938  18.137  0.972  80.89  0.629  0.55
L92-S331  13.67376680374  +00.96503173404  18.637  1.207  80.155  0.769  0.652
L92-S332  13.67728921572  +00.90440426800  18.496  0.486  81.017  0.312  0.338
L92-S333  13.67788225810  +00.92176898479  16.133  0.567  83.299  0.347  0.34
L92-S334  13.69000887871  +00.88161021762  18.763  1.496  79.74  0.972  1.005
L92-S335  13.69499328931  +00.84157413112  17.577  0.894  81.528  0.552  0.477
L92-S336  13.69959209760  +00.80474078708  17.997  0.585  81.417  0.371  0.394
L92-S337  13.73676656087  +00.87545800421  18.128  0.721  81.15  0.43  0.394
L92-S338  13.79367182652  +00.80964715428  19.364  1.576  79.059  1.072  1.247
L92-S339  13.79740568399  +00.66964894533  19.478  1.647  78.874  1.214  1.59
L92-S341  13.80818874836  +00.73231939634  16.977  0.783  0.271  0.47  0.427
L92-S342  13.85532654126  +00.66880603857  19.815  80.184  0  1.192  1.59
L92-S343  13.86127742132  +01.04730883916  18.831  1.452  79.716  1.017  1.062
L92-S344  13.86134658655  +00.99586634000  18.650  0.477  80.872  0.3  0.366
L92-S345  13.86160415808  +00.87256356557  19.595  80.404  0  1.09  1.285
L92-S346  13.88354204496  +00.66018471400  19.076  1.511  79.412  1.022  1.174
L92-S347  13.89011185964  +00.75226442469  18.655  0.505  80.839  0.309  0.319
L92-S348  13.89550207456  +01.02077995936  18.589  1.212  80.198  0.795  0.645
L92-S349  13.90046618780  +00.65687105444  18.879  0.958  80.162  0.598  0.537
L92-S350  13.90820002556  +01.10321265803  17.399  1.037  81.563  0.716  0.566
L92-S351  13.90830362638  +01.03463182688  18.389  0.942  80.668  0.614  0.52
L92-S352  13.91250414848  +01.10380567710  17.642  0.676  81.681  0.424  0.394
L92-S353  13.91673660278  +01.10630841414  16.511  0.79  82.698  0.485  0.43
L92-S354  13.91738266945  +01.09180729707  18.524  0.913  80.562  0.632  0.522
L92-S355  13.92423046430  +01.10649471866  16.317  0.77  82.912  0.481  0.424
L92-S356  13.92698192596  +00.84390360302  18.279  0.599  81.121  0.337  0.35
L92-S357  13.92914908727  +01.00875272274  18.950  1.469  79.58  1.005  1.077
L92-S358  13.93993034363  +00.67301790608  19.806  80.193  0  1.372  1.851
L92-S359  13.94374834696  +00.60832536485  17.306  0.829  0.392  0.53  0.526
L92-S360  13.94774823189  +00.88476135108  18.647  0.544  80.808  0.344  0.369
L92-S361  13.95263738632  +00.96774013042  18.422  0.822  80.755  0.493  0.442
L92-S362  13.95550341606  +01.14378863441  17.383  1.141  81.475  -82.616  83.993
L92-S364  13.97643175125  +01.04436290105  18.587  1.502  79.91  0.998  1.145
L92-S365  13.97794176737  +00.67029110140  19.340  80.659  0  1  1.274
L92-S366  13.98214882215  +00.68717099508  13.596  0.636  85.767  0.373  0.364
L92-S367  13.98627665838  +00.61554038154  16.704  0.537  82.758  0.33  0.346
L92-S368  13.99711950620  +01.15891611523  18.594  81.405  0  -81.405  82.963
L92-S369  13.99737256368  +00.86978158898  18.727  0.621  80.651  0.37  0.4
L92-S370  14.00632260640  +00.59813403765  16.666  0.776  82.557  0.461  0.461
L92-S371  14.01277861198  +00.96661907302  18.850  0.876  80.273  0.548  0.473
L92-S372  14.01686105529  +00.62207342678  16.558  0.86  82.581  0.519  0.455
L92-S373  14.01868695021  +00.91544335895  18.476  0.709  80.814  0.41  0.415
L92-S374  14.02278313835  +00.98898230182  18.385  0.67  80.944  0.429  0.442
L92-S375  14.02335924705  +01.14891266717  17.752  0.86  81.387  -82.247  0
L92-S376  14.02415641546  +00.91955093490  18.578  0.863  80.558  0.534  0.487
L92-S377  14.02574100097  +00.61255648719  16.696  0.807  82.496  0.473  0.443
L92-S378  14.02687178651  +01.12887949202  17.227  1.261  81.511  -82.772  84.299
L92-S379  14.02881864707  +00.99317817688  18.815  0.562  80.622  0.353  0.381
L92-S381  14.03614253203  +01.04297782050  18.642  1.294  80.063  0.853  0.722
L92-S382  14.03844089111  +00.89009014236  18.469  1.225  80.305  0.814  0.705
L92-S384  14.04731498559  +00.60481324037  18.753  1.374  79.872  0.922  0.971
L92-S385  14.04831953049  +01.14115742630  16.616  1.447  81.936  -83.383  0
L92-S386  14.05252860785  +00.89424232483  19.035  1.544  79.42  1.025  1.203
L92-S387  14.05507576863  +00.69620057848  18.467  0.814  80.718  0.487  0.495
L92-S388  14.05568014383  +00.90117911922  19.048  1.054  79.897  0.675  0.577
L92-S389  14.05605107943  +00.67374890698  18.987  81.012  0  1.072  1.37
L92-S390  14.06350053549  +01.10757840792  17.958  1.002  81.039  -82.041  83.292
L92-S391  14.06992543538  +01.10001809226  19.527  80.472  0  -80.472  83.503
L92-S392  14.07338392735  +00.59159360356  15.160  0.916  83.923  0.566  0.541
L92-S393  14.07478177547  +00.92473039786  18.792  1.395  79.812  0.932  0.986
L92-S394  14.07533663909  +00.89932375272  19.703  80.296  0  1.112  1.463
L92-S395  14.08055943648  +01.10703500907  16.944  0.467  82.588  -83.055  83.709
L92-S396  14.08546613057  +01.07075898038  18.180  0.593  81.226  -81.819  82.549
L92-S397  14.08905330499  +00.80513214906  18.472  0.523  81.004  -81.527  82.212
L92-S398  14.08944813410  +00.95898372862  18.376  0.865  80.758  -81.623  82.704
L92-S399  14.10376214186  +01.13734302468  18.495  1.208  80.296  -81.504  83.032
L92-S400  14.10435646375  +00.89726888127  18.514  0.755  80.73  -81.485  82.401
L92-S401  14.10480170250  +00.82827514542  18.702  1.176  80.121  -81.297  82.741
L92-S402  14.11061183612  +00.85355947336  19.090  1.574  79.335  -80.909  83.192
L92-S404  14.14079009692  +00.66186301655  14.169  0.894  84.936  0.532  0.5
L92-S405  14.14506827990  +01.03209865464  17.316  0.803  81.88  -82.683  0
L92-S406  14.14612744649  +01.11019302050  17.455  1.073  81.471  -82.544  0
L92-S407  14.15270136197  +01.03095783340  16.672  0.948  82.379  -83.327  0
L92-S408  14.16400963465  +01.11696664108  17.984  1.107  80.908  -82.015  0
L92-S409  14.16490138372  +00.77336465889  18.688  0.462  80.849  -81.311  0
L92-S412  14.17901233037  +00.86260576142  13.287  0.867  85.845  -86.712  0
L92-S417  13.62153565884  +00.75263653331  19.123  0.864  80.012  0.523  0.464
L92-S418  13.66577870051  +00.75142096056  20.107  79.892  0  0.896  0.871
L92-S419  13.67679711978  +00.91122728454  18.963  0.512  80.524  0.345  0.381
L92-S420  13.68127247492  +00.92049332645  19.604  0.586  79.809  0.381  0.387
L92-S422  13.70724959373  +00.75562063323  20.314  0.822  78.863  0.474  0.478
L92-S423  13.72362079620  +00.72319492340  20.641  0.451  78.907  -79.358  0
L92-S424  13.73895708720  +00.73821349727  20.510  0.431  79.058  0.326  -79.815
L92-S425  13.74376616478  +00.93992957698  19.169  1.469  79.361  0.98  1.083
L92-S426  13.75032200183  +00.61679618378  19.749  0.577  79.673  0.322  0.313
L92-S427  13.75159374463  +00.94385706054  18.907  0.155  80.937  0.404  0.292
L92-S428  13.75738508950  +00.84818731838  19.198  1.3  79.501  0.821  0.661
L92-S429  13.77041207155  +00.80716216034  19.691  1.166  79.142  0.729  0.65
L92-S430  13.77396609982  +00.70322758940  19.919  1.361  78.719  0.89  0.849
L92-S431  13.77945454518  +00.59980332798  19.460  0.617  79.922  0.395  0.419
L92-S432  13.81740430196  +00.87425395807  19.741  1.079  79.179  0.719  0.604
L92-S433  13.81945962906  +00.67289513694  19.955  0.489  79.555  0.325  0.332
L92-S434  13.82264393171  +00.88411320084  19.572  0.543  79.884  0.373  0.372
L92-S435  13.82412571112  +00.74538324356  19.416  0.457  80.126  0.301  0.304
L92-S437  13.83296356201  +00.67765807894  19.800  0.537  79.662  0.6  1.075
L92-S438  13.84473310312  +00.69854096519  20.164  0.472  79.363  0.32  0.332
L92-S439  13.84988743464  +00.84793488608  20.000  1.248  78.751  0.739  0.615
L92-S440  13.85593019327  +00.72157631821  19.179  0.678  80.142  0.415  0.398
L92-S441  13.86319098473  +00.87926134957  19.257  0.654  80.088  0.383  0.403
L92-S442  13.86904714108  +00.91080386904  20.362  0.697  78.94  0.415  0.445
L92-S443  13.87104537487  +00.81345026334  19.220  0.526  80.253  0.349  0.338
L92-S445  13.89515646299  +00.75176301983  19.415  1.539  79.045  1.002  0.973
L92-S446  13.89668862025  +00.77092606915  19.489  1.338  79.172  0.86  0.743
L92-S448  13.90218965213  +00.76755020936  19.521  1.613  78.865  1.026  1.071
L92-S449  13.91556908290  +00.61635762533  20.083  79.916  0  0.405  -80.321
L92-S450  13.92035945257  +00.69030868848  20.118  0.528  79.353  0.338  0.367
L92-S451  13.92170629501  +00.75761311372  20.214  0.559  79.226  0.314  0.394
L92-S452  13.93287488619  +00.69833660550  19.446  1.276  79.277  0.811  0.709
L92-S453  13.94705743790  +00.81129554643  19.590  1.062  79.347  0.683  0.576
L92-S454  13.95455794334  +00.94124398973  19.960  0.865  79.174  0.543  0.476
L92-S455  13.97965749105  +00.84929430432  19.454  0.218  80.327  0.129  0.164
L92-S457  14.01042359372  +00.89694171482  19.463  1.086  79.45  0.68  0.61
L92-S458  14.04073308706  +00.98474214700  19.264  1.319  79.416  0.889  0.769
L92-S459  14.04796575705  +00.96589991781  19.605  0.274  80.12  0.106  0.203
L92-S461  13.66811594963  +00.92734401385  19.756  1.324  78.919  0.87  0.755
L92-S462  13.67693619728  +00.86601682981  20.087  79.912  0  1.083  1.316
L92-S463  13.68551704089  +00.75806940397  20.502  79.497  0  1.135  1.353
L92-S465  13.69530587196  +00.90488431454  20.414  79.585  0  1.154  1.431
L92-S466  13.69980095228  +00.87361540582  19.551  1.353  79.095  0.877  0.801
L92-S467  13.69991510709  +00.70736984942  20.375  79.624  0  1.238  1.478
L92-S468  13.70963404973  +00.76065100034  20.703  79.296  0  1.203  1.49
L92-S469  13.71387580236  +00.89561570485  20.000  79.999  0  1.072  1.222
L92-S472  13.74596641858  +00.91031995773  20.548  79.451  0  1.12  1.381
L92-S474  13.80087727706  +00.91970976459  20.331  79.668  0  1.117  1.447
L92-S475  13.81862936815  +00.60180652764  20.137  79.862  0  1.121  1.438
L92-S476  13.81958337625  +00.96536814160  19.056  0.456  80.487  0.295  0.329
L92-S477  13.83130067190  +01.11671412087  17.857  0.697  81.445  -82.142  83.032
L92-S478  13.83910929362  +00.76488257832  19.926  80.073  0  1.064  1.328
L92-S479  13.85103859901  +01.00339683268  20.659  79.34  0  1.162  1.458
L92-S480  13.85229334037  +01.12836211522  19.032  1.413  79.554  -80.967  83.141
L92-S482  13.85413970153  +00.68588603126  20.178  79.821  0  1.012  1.075
L92-S483  13.86023297310  +00.96525661257  19.551  1.628  78.82  1.053  1.176
L92-S485  13.86406763395  +01.03891968462  19.780  80.219  0  0.965  0.909
L92-S487  13.86811365287  +01.01166247686  20.613  79.386  0  1.054  1.305
L92-S488  13.87766898473  +01.06032832676  19.585  1.384  79.03  0.952  0.952
L92-S489  13.88819913864  +00.72555387338  20.074  79.925  0  1.134  1.374
L92-S490  13.88935647011  +00.73339775986  20.584  79.415  0  1.142  1.319
L92-S492  13.89314176242  +00.96383885807  19.887  80.112  0  0.994  1.02
L92-S493  13.89755457242  +01.11735522628  19.060  0.742  80.197  -80.939  81.873
L92-S495  13.91237438520  +00.82908486048  20.046  79.953  0  0.971  1.001
L92-S496  13.91406501134  +00.96884261542  19.801  80.198  0  1.162  1.445
L92-S497  13.91990825335  +01.12568698989  19.464  80.535  0  -80.535  83.641
L92-S498  13.92348868052  +01.02251973576  19.044  1.565  79.39  1.149  1.467
L92-S499  13.93141280810  +00.59520941522  18.525  0.621  80.853  0.351  0.347
L92-S500  13.93183782895  +01.02686935107  19.991  80.008  0  0.935  0.96
L92-S501  13.94184648196  +01.07897502051  19.188  0.476  80.335  0.31  0.357
L92-S502  13.95765438080  +00.97589586258  19.771  80.228  0  1.048  1.203
L92-S503  13.96086438497  +01.06272465494  19.352  1.11  79.537  0.78  0.642
L92-S505  13.96751745542  +00.76774823076  19.528  80.471  0  1.073  1.36
L92-S507  13.97940802574  +00.67211273352  19.754  80.245  0  1.135  1.487
L92-S508  13.98056333860  +00.77862126244  19.520  80.479  0  0.941  0.936
L92-S509  14.00612618079  +00.61857013716  18.900  0.541  80.558  0.3  0.368
L92-S511  14.02707364360  +00.75997711394  20.268  79.731  0  1.102  1.255
L92-S512  14.02769223452  +00.75782709440  19.287  0.859  79.853  0.495  0.487
L92-S514  14.03787917693  +01.06026800368  19.487  0.864  79.648  0.55  0.496
L92-S515  14.03912051121  +00.64230321354  20.074  79.925  0  0.923  1.014
L92-S516  14.04216154019  +00.69764330546  19.390  0.76  79.849  0.477  0.529
L92-S517  14.04342013597  +00.85142138137  19.942  80.057  0  0.755  0.615
L92-S518  14.05702719291  +00.75527040376  19.652  80.347  0  0.968  0.974
L92-S519  14.05873899062  +00.61391722785  19.985  80.014  0  1.103  1.453
L92-S520  14.06587063471  +00.79671189202  14.225  0.64  85.134  0.374  0.358
L92-S521  14.06979386806  +00.89647430632  19.784  80.215  0  1.025  1.114
L92-S522  14.07811698119  +00.86166035652  20.305  79.694  0  1.044  1.252
L92-S523  14.08287667433  +00.85609651883  19.602  0.787  79.61  -80.397  81.354
L92-S524  14.08349204063  +00.94425769064  19.631  0.75  79.618  -80.368  81.26
L92-S525  14.08494153817  +00.67096347756  19.313  80.686  0  -80.686  82.592
L92-S526  14.08603359063  +00.73773328119  19.204  0.539  80.256  -80.795  81.469
L92-S527  14.08796531359  +00.93747413450  19.844  80.155  0  -80.155  82.109
L92-S528  14.09234606425  +01.15380867773  18.774  0.559  80.666  -81.225  0
L92-S529  14.09238576889  +01.08143023067  19.025  0.945  80.029  -80.974  82.192
L92-S530  14.10570598443  +01.09938939095  20.077  79.922  0  -79.922  82.1
L92-S531  14.10647814274  +01.05142585728  19.828  80.171  0  -80.171  82.532
L92-S532  14.10745369593  +00.98981096056  20.180  79.819  0  -79.819  81.785
L92-S533  14.11670974096  +00.60849148591  19.555  80.444  0  -80.444  83.009
L92-S537  14.13802377383  +01.10008697125  18.431  0.865  80.703  -81.568  0
L92-S547  14.16072459221  +00.98260576884  18.606  1.18  80.213  -81.393  0
L92-S549  14.17380126317  +01.00997744348  18.748  0.411  80.84  -81.251  0
L92-S551  13.46355150541  +00.55542866389  16.119  0.614  83.266  0.35  0.365
L92-S552  13.46554072698  +00.68252857208  20.163  79.836  0  1.161  1.385
L92-S553  13.47282373110  +00.75212923355  99.999  0  0  80.787  1.567
L92-S554  13.47735767365  +00.55520156172  16.905  1.546  81.548  1.022  1.241
L92-S555  13.48021321297  +00.69126598888  18.059  1.092  80.848  0.689  0.559
L92-S556  13.48303117752  +00.50414440658  16.682  1.137  82.18  0.701  0.577
L92-S557  13.48587959607  +00.48893643167  18.523  1.414  80.062  0.894  0.824
L92-S558  13.49028174082  +00.57502835645  13.490  0.819  85.69  0.474  0.446
L92-S559  13.49880876541  +00.69413653586  19.286  80.713  0  0.971  1.057
L92-S560  13.50382130767  +00.77815442933  18.653  0.786  80.56  0.482  0.449
L92-S561  13.50615109652  +00.78912095070  18.781  1.414  79.804  0.997  0.895
L92-S562  13.50736232301  +00.46630777041  18.460  1.15  80.389  0.722  0.627
L92-S563  13.51439160009  +00.71410385874  16.755  1.568  81.676  1.048  1.314
L92-S564  13.51507682701  +00.45999729474  18.395  0.941  80.663  0.557  0.507
L92-S565  13.52206528584  +00.55403859933  13.392  0.743  85.864  0.416  0.385
L92-S566  13.52653754354  +00.70705658966  18.131  1.042  80.826  0.676  0.554
L92-S567  13.53122579853  +00.71964745098  14.973  0.736  84.29  0.423  0.397
L92-S568  13.53627424637  +00.46606270790  17.839  0.884  81.276  0.552  0.497
L92-S569  13.54441368977  +00.55090141204  16.624  1.436  81.939  0.911  0.805
L92-S570  13.54703819354  +00.51637429555  17.634  1.291  81.074  0.841  0.726
L92-S571  13.54995187918  +00.79655962626  17.981  1.365  80.653  0.906  0.847
L92-S572  13.55714550018  +00.81587425868  19.311  80.688  0  1.053  1.34
L92-S573  13.56029103597  +00.47568931792  18.987  1.555  79.457  1.025  1.173
L92-S574  13.56086120208  +00.99647639804  18.474  1.005  80.52  0.63  0.537
L92-S575  13.56592699687  +00.98345966089  16.105  0.531  83.363  0.342  0.337
L92-S576  13.56650560697  +01.00641487228  16.497  1.107  82.395  0.707  0.576
L92-S577  13.56902801196  +00.94451760398  14.009  0.75  85.24  0.452  0.38
L92-S578  13.57177762985  +00.73886908690  18.968  0.577  80.454  0.356  0.387
L92-S579  13.57194696267  +00.85250605451  19.042  0.825  80.132  0.539  0.484
L92-S580  13.57751954397  +00.81908829663  17.956  0.739  81.304  0.444  0.409
L92-S582  13.58498613040  +00.47709923320  18.942  1.45  79.607  0.942  0.845
L92-S583  13.59269262155  +00.90434486654  17.516  1.588  80.895  1.042  1.235
L92-S584  13.60037031174  +00.80138526744  16.867  1.054  82.078  0.649  0.54
L92-S585  13.61265772978  +01.01230670929  19.243  80.756  0  1.153  1.554
L92-S586  13.62178841432  +00.94907699903  16.629  0.898  82.472  0.518  0.472
L92-S587  13.62488488356  +01.01614837117  16.107  0.796  83.096  0.487  0.472
L92-S588  13.65144904455  +00.50808334986  16.770  1.208  82.021  0.793  0.631
L92-S589  13.65921538671  +00.50897260772  15.260  0.685  84.054  0.395  0.39
L92-S590  13.66708650589  +00.46506195916  16.859  0.736  82.404  0.444  0.424
L92-S591  13.66898291906  +00.47319535785  15.079  0.616  84.304  0.364  0.368
L92-S592  13.66933018366  +00.53030663384  16.717  1.202  82.08  0.779  0.617
L92-S593  13.67943808238  +01.02043358644  18.867  1.471  79.661  0.952  0.973
L92-S594  13.68674631119  +00.98724236250  17.817  1.408  80.774  0.93  0.893
L92-S595  13.70856989225  +00.97941007826  19.443  80.556  0  1.304  1.693
L92-S596  13.71504565875  +00.45346385929  14.592  0.697  84.71  0.411  0.4
L92-S597  13.72607796987  +00.46028088146  13.541  0.707  85.751  0.405  0.376
L92-S598  13.73182714780  +01.10785062419  17.596  1.32  81.083  0.872  0.708
L92-S599  13.73251444499  +01.10264010191  17.989  0.843  81.167  0.533  0.456
L92-S600  13.74155112902  +00.49538687176  18.891  0.955  80.153  0.608  0.563
L92-S601  13.74165352186  +01.10451240010  18.460  1.56  79.979  0.995  1.155
L92-S602  13.74516809781  +00.48832864920  17.775  0.668  81.556  0.396  0.399
L92-S603  13.74824109077  +01.11175735792  18.502  1.557  79.94  1.018  1.169
L92-S604  13.74838186900  +00.48546763049  14.690  0.972  84.337  0.614  0.515
L92-S605  13.78006562789  +00.51644893964  17.399  0.711  81.889  0.427  0.4
L92-S606  13.80913200378  +01.04379100058  18.600  1.162  80.237  0.775  0.639
L92-S607  13.82590951125  +00.57308773571  15.384  0.681  83.934  0.4  0.378
L92-S608  13.83743952910  +00.46310258865  18.315  1.026  80.658  0.639  0.499
L92-S609  13.83845903079  +00.49626648267  18.008  1.449  80.542  0.947  0.922
L92-S610  13.86597519716  +00.50468053023  18.887  1.495  79.617  0.965  0.889
L92-S611  13.87391883532  +00.47553332382  12.732  0.621  86.646  0.374  -87.641
L92-S613  13.88453783989  +00.56575387955  17.579  1.338  81.082  0.86  0.732
L92-S614  13.90145101547  +00.54117688550  15.972  0.881  83.146  0.526  0.461
L92-S615  13.90197812716  +00.51104160627  16.008  1.027  82.964  0.637  0.507
L92-S616  13.92007991473  +00.47544148657  17.035  0.842  82.122  0.5  -83.464
L92-S618  13.96872720718  +00.57727633794  14.853  1.288  83.858  0.858  0.677
L92-S619  14.00723347316  +01.10337692579  17.619  1.408  80.972  0.98  0.923
L92-S620  14.01284564634  +00.58477580508  16.760  0.528  82.711  0.344  0.343
