# BEGIN CATALOG HEADER
# nfields 8
#     id 1 0 c INDEF %15s
#     ra 2 0 d degrees %10.5f
#     dec 3 0 d degrees %10.5f
#     magV  4 0 r INDEF %6.2f
#     magBV 5 0 r INDEF %6.2f
#     magUB 6 0 r INDEF %6.2f
#     magVR 7 0 r INDEF %6.2f
#     magRI 8 0 r INDEF %6.2f
# END CATALOG HEADER
#
              L95-15	58.16801	-0.08959	11.304	0.711	0.157	0.425	0.378
              L95-16	58.16924	-0.08481	14.331	1.293	1.356	0.812	0.659
              L95-19	58.18464	-0.11663	11.734	0.637	0.076	0.368	0.349
              L95-41	58.42167	-0.04228	14.055	0.96	9999.0	0.596	0.583
              L95-42	58.43196	-0.07598	15.599	-0.202	-1.117	-0.132	-0.135
              L95-43	58.45252	-0.05041	10.798	0.515	-0.016	0.307	0.316
              L95-52	58.55696	-0.13996	9.555	0.542	0.056	9999.0	9999.0
              L95-60	58.70641	-0.11773	13.429	0.776	0.197	0.464	0.45
              L95-62	58.75163	-0.04831	13.553	1.34	1.189	0.751	0.692
              L95-66	58.77708	-0.15879	12.89	0.701	0.16	9999.0	9999.0
              L95-73	58.87947	-0.17497	12.302	0.716	0.179	9999.0	9999.0
              L95-74	58.87969	-0.15368	11.532	1.124	0.689	0.601	0.565
              L95-91	58.13785	-0.03099	10.354	0.563	9999.0	0.32	0.318
              L95-96	58.22578	+0.00526	10.005	0.149	0.072	0.074	0.099
              L95-97	58.23957	-0.00532	14.841	0.879	9999.0	0.518	0.508
              L95-98	58.25095	+0.04698	14.47	1.165	1.05	0.723	0.573
             L95-100	58.25326	+0.00444	15.604	0.799	0.145	0.476	0.472
             L95-101	58.26725	+0.04727	12.686	0.77	9999.0	0.437	0.423
             L95-102	58.28161	+0.01973	15.654	0.88	0.239	0.515	0.508
             L95-105	58.33885	-0.00513	13.594	0.956	0.597	0.567	0.502
             L95-106	58.35495	+0.02302	15.215	1.032	0.599	0.616	0.569
             L95-107	58.35691	+0.03904	16.359	1.393	9999.0	0.929	0.961
             L95-112	58.41714	-0.01979	15.492	0.938	9999.0	0.586	0.565
             L95-115	58.44922	-0.01310	14.695	0.969	9999.0	0.584	0.576
             L95-132	58.71532	+0.08935	12.06	0.451	0.29	0.254	0.288
             L95-134	58.72229	+0.01077	8.602	0.461	0.02	9999.0	9999.0
             L95-137	58.76545	+0.05746	14.51	1.409	9999.0	0.914	0.856
             L95-139	58.76939	+0.05226	12.197	0.919	0.681	0.562	0.477
             L95-142	58.78907	+0.02246	12.924	0.594	0.093	0.37	0.377
             L95-146	58.90684	+0.00030	11.264	1.25	0.977	0.719	0.67
             L95-149	58.93506	+0.11757	10.932	1.584	1.559	0.872	0.809
             L95-190	58.30515	+0.27297	12.625	0.29	0.235	0.193	0.222
             L95-193	58.33574	+0.27631	14.33	1.224	1.234	0.743	0.611
             L95-206	58.56369	+0.28958	8.728	0.5	0.009	9999.0	9999.0
             L95-218	58.70810	+0.16908	12.09	0.708	0.198	0.392	0.373
             L95-227	58.78639	+0.24292	15.776	0.803	-0.029	0.521	0.548
             L95-231	58.91167	+0.17881	14.218	0.459	0.284	0.269	0.295
             L95-252	58.29426	+0.45631	15.394	9999.0	9999.0	0.816	0.75
             L95-263	58.44583	+0.44473	12.679	1.5	1.559	0.801	0.712
             L95-271	58.56788	+0.31456	13.675	1.284	0.913	0.74	0.719
             L95-275	58.68429	+0.45571	13.464	1.764	1.754	0.996	0.936
             L95-276	58.69108	+0.43176	14.116	1.249	1.196	0.745	0.647
             L95-284	58.92301	+0.44384	13.669	1.398	1.073	0.818	0.768
             L95-301	58.17152	+0.52269	11.219	1.289	1.293	0.695	0.619
             L95-302	58.17569	+0.52167	11.694	0.827	0.456	0.471	0.419
             L95-317	58.43405	+0.49729	13.451	1.318	1.12	0.77	0.708
             L95-328	58.58108	+0.60888	13.526	1.525	1.304	0.869	0.905
             L95-329	58.59959	+0.61867	14.615	1.202	9999.0	0.64	0.769
             L95-330	58.62808	+0.48490	12.176	1.995	2.235	1.168	1.103
              L95-S1	58.21892	-0.01496	19.544	9999.0	9999.0	1.133	1.404
              L95-S2	58.22008	-0.04545	18.723	1.173	9999.0	0.741	0.628
              L95-S3	58.22092	-0.12843	19.174	9999.0	9999.0	1.172	1.498
              L95-S4	58.22553	-0.01240	17.11	0.786	9999.0	0.459	0.445
              L95-S5	58.22660	-0.01213	18.583	0.987	9999.0	0.561	0.53
              L95-S7	58.23160	+0.00196	19.638	9999.0	9999.0	0.986	0.973
              L95-S8	58.23273	+0.00876	19.773	9999.0	9999.0	1.019	1.009
              L95-S9	58.23375	+0.06683	19.425	9999.0	9999.0	1.142	1.396
             L95-S10	58.23913	+0.06564	19.032	1.27	9999.0	0.787	0.665
             L95-S12	58.24296	+0.01913	17.819	0.7	9999.0	0.422	0.452
             L95-S13	58.24424	-0.01020	19.053	0.87	9999.0	0.53	0.518
             L95-S14	58.24436	-0.02286	20.019	9999.0	9999.0	1.121	1.368
             L95-S15	58.24518	+0.06654	19.873	9999.0	9999.0	1.195	1.283
             L95-S16	58.24702	-0.08613	16.76	0.751	9999.0	0.45	0.459
             L95-S17	58.24873	-0.05418	17.371	1.045	9999.0	0.643	0.588
             L95-S18	58.25420	-0.01279	20.531	9999.0	9999.0	1.197	1.544
             L95-S20	58.25401	+0.05372	18.766	1.384	9999.0	1.048	1.18
             L95-S21	58.25595	+0.00314	18.992	1.268	9999.0	0.793	0.787
             L95-S23	58.25814	-0.04503	18.157	1.486	9999.0	0.932	0.861
             L95-S24	58.25875	-0.03109	17.571	1.108	9999.0	0.687	0.632
             L95-S25	58.25932	+0.04957	19.06	1.541	9999.0	0.997	0.941
             L95-S26	58.26088	-0.02520	19.076	1.072	9999.0	0.656	0.597
             L95-S27	58.26328	-0.00611	20.159	9999.0	9999.0	1.128	1.378
             L95-S28	58.26466	+0.02755	19.138	9999.0	9999.0	1.166	1.579
             L95-S29	58.26621	-0.04102	18.064	1.377	9999.0	0.868	0.766
             L95-S30	58.27324	-0.03373	17.022	0.771	9999.0	0.47	0.472
             L95-S31	58.27614	-0.07600	18.488	0.729	9999.0	0.452	0.435
             L95-S32	58.27669	+0.09111	17.649	1.351	9999.0	0.823	0.677
             L95-S33	58.28175	-0.02925	17.133	1.074	9999.0	0.655	0.596
             L95-S34	58.28445	+0.00137	18.046	0.747	9999.0	0.446	0.472
             L95-S35	58.28701	-0.04972	15.399	0.811	9999.0	0.539	0.554
             L95-S36	58.29097	-0.10212	19.033	1.322	9999.0	0.828	0.68
             L95-S37	58.29419	-0.04475	18.024	1.327	9999.0	0.801	0.702
             L95-S38	58.30039	+0.07085	19.264	0.94	9999.0	0.587	0.557
             L95-S39	58.30445	-0.11831	19.316	0.745	9999.0	0.453	0.451
             L95-S40	58.30400	+0.01388	16.97	0.636	9999.0	0.389	0.4
             L95-S41	58.30562	+0.03866	17.877	1.372	9999.0	0.857	0.708
             L95-S42	58.30967	-0.06392	18.635	0.851	9999.0	0.534	0.509
             L95-S43	58.31486	+0.08913	16.885	1.636	9999.0	1.098	1.367
             L95-S44	58.31599	-0.02191	17.464	1.362	9999.0	0.864	0.741
             L95-S45	58.31709	-0.06273	18.347	1.641	9999.0	1.053	1.021
             L95-S46	58.31834	-0.03952	18.013	1.009	9999.0	0.621	0.582
             L95-S47	58.31989	-0.06135	16.333	0.794	0.155	0.483	0.468
             L95-S48	58.32639	-0.05314	16.742	0.884	9999.0	0.541	0.51
             L95-S49	58.32780	+0.07467	17.875	1.694	9999.0	1.125	1.182
             L95-S50	58.33569	+0.01024	18.972	1.375	9999.0	0.848	0.735
             L95-S51	58.33689	-0.08109	18.645	0.964	9999.0	0.616	0.569
             L95-S52	58.33924	-0.00334	19.207	9999.0	9999.0	1.15	1.471
             L95-S53	58.34460	+0.03520	19.007	1.204	9999.0	0.736	0.618
             L95-S54	58.34717	-0.02664	17.297	0.851	9999.0	0.526	0.522
             L95-S56	58.36739	-0.00442	20.657	9999.0	9999.0	1.202	1.302
             L95-S57	58.37019	-0.11747	17.576	1.061	9999.0	0.63	0.574
             L95-S58	58.37177	+0.01959	20.331	9999.0	9999.0	1.133	1.156
             L95-S59	58.37555	+0.04810	18.796	1.547	9999.0	0.998	0.918
             L95-S60	58.37724	-0.10036	18.148	1.471	9999.0	0.947	0.883
             L95-S61	58.37700	-0.04291	20.031	9999.0	9999.0	1.142	1.154
             L95-S62	58.37861	-0.04798	19.922	9999.0	9999.0	1.119	1.112
             L95-S63	58.38189	-0.02658	20.203	9999.0	9999.0	1.169	1.187
             L95-S64	58.38348	-0.03937	19.415	0.721	9999.0	0.502	0.51
             L95-S65	58.38823	-0.07771	18.638	1.617	9999.0	1.05	0.95
             L95-S66	58.40176	-0.10973	18.523	1.734	9999.0	1.1	1.072
             L95-S67	58.40910	-0.11229	18.78	0.93	9999.0	0.594	0.631
             L95-S68	58.41191	+0.07196	18.314	1.685	9999.0	1.072	1.023
             L95-S69	58.41597	+0.08372	17.829	1.578	9999.0	1.043	1.204
             L95-S70	58.43254	+0.05240	20.298	9999.0	9999.0	1.238	1.479
             L95-S71	58.43589	+0.07750	18.996	1.57	9999.0	0.979	0.874
             L95-S72	58.43660	+0.01458	17.981	1.186	9999.0	0.71	0.667
             L95-S73	58.43951	+0.03539	17.395	1.116	9999.0	0.654	0.602
             L95-S74	58.44569	-0.02672	19.338	9999.0	9999.0	1.282	1.554
             L95-S76	58.45251	-0.04463	17.894	1.112	9999.0	0.684	0.662
             L95-S77	58.45644	-0.04227	17.352	1.358	9999.0	0.863	0.752
             L95-S78	58.32480	+0.30208	16.185	1.5	9999.0	1.037	1.345
             L95-S79	58.30789	+0.29071	16.327	0.842	9999.0	0.517	0.516
             L95-S80	58.32106	+0.23983	16.906	0.901	9999.0	0.553	0.553
             L95-S81	58.34499	+0.29541	17.081	1.021	9999.0	0.59	0.558
             L95-S82	58.62392	+0.51273	18.245	0.885	9999.0	9999.0	9999.0
             L95-S83	58.62397	+0.45653	16.272	1.111	9999.0	9999.0	9999.0
             L95-S84	58.66317	+0.41206	16.921	1.502	9999.0	0.882	0.911
             L95-S85	58.67019	+0.42901	17.015	1.461	9999.0	9999.0	9999.0
             L95-S86	58.62028	+0.41177	17.199	1.302	9999.0	9999.0	9999.0
             L95-S87	58.62312	+0.43676	18.131	1.525	9999.0	9999.0	9999.0
             L95-S88	58.65105	+0.45907	14.789	1.092	9999.0	9999.0	9999.0
             L95-S89	58.74912	+0.46342	12.596	0.688	9999.0	9999.0	9999.0
             L95-S90	58.74065	+0.63257	18.414	9999.0	9999.0	9999.0	9999.0
             L95-S91	58.73917	+0.63422	17.477	1.492	9999.0	9999.0	9999.0
             L95-S92	58.73254	+0.54116	16.1	1.16	9999.0	9999.0	9999.0
             L95-S93	58.72377	+0.49586	18.774	9999.0	9999.0	9999.0	9999.0
             L95-S94	58.72289	+0.44691	17.8	1.391	9999.0	9999.0	9999.0
             L95-S95	58.70099	+0.63174	17.682	1.441	9999.0	9999.0	9999.0
             L95-S96	58.69206	+0.64150	17.894	1.179	9999.0	9999.0	9999.0
             L95-S97	58.68864	+0.56883	17.507	1.569	9999.0	9999.0	9999.0
             L95-S98	58.68606	+0.52786	15.24	0.995	9999.0	9999.0	9999.0
            L95-S100	58.67801	+0.64363	17.942	1.165	9999.0	9999.0	9999.0
            L95-S101	58.66806	+0.56142	16.469	1.271	9999.0	9999.0	9999.0
            L95-S102	58.66513	+0.42260	19.018	1.325	9999.0	9999.0	9999.0
            L95-S103	58.65354	+0.53571	18.262	1.1	9999.0	9999.0	9999.0
            L95-S104	58.64660	+0.58994	18.868	1.27	9999.0	9999.0	9999.0
            L95-S105	58.64633	+0.58832	16.922	1.367	9999.0	9999.0	9999.0
            L95-S106	58.63950	+0.63722	14.46	0.99	9999.0	9999.0	9999.0
            L95-S107	58.62682	+0.61681	18.042	1.078	9999.0	9999.0	9999.0
            L95-S108	58.62516	+0.45438	18.657	1.496	9999.0	9999.0	9999.0
            L95-S109	58.61289	+0.43954	18.343	1.834	9999.0	9999.0	9999.0
            L95-S110	58.61285	+0.55359	18.096	1.429	9999.0	9999.0	9999.0
            L95-S111	58.60779	+0.59076	16.049	1.245	9999.0	9999.0	9999.0
            L95-S112	58.60083	+0.62043	19.515	9999.0	9999.0	9999.0	9999.0
            L95-S113	58.59308	+0.43275	19.39	9999.0	9999.0	9999.0	9999.0
            L95-S114	58.59076	+0.57144	18.168	1.241	9999.0	9999.0	9999.0
            L95-S115	58.58601	+0.51444	16.897	1.322	9999.0	9999.0	9999.0
            L95-S116	58.58443	+0.62128	18.667	1.734	9999.0	9999.0	9999.0
            L95-S117	58.58246	+0.48356	17.251	1.255	9999.0	9999.0	9999.0
            L95-S118	58.58242	+0.49181	16.833	1.478	9999.0	9999.0	9999.0
            L95-S119	58.57293	+0.45037	18.376	1.329	9999.0	9999.0	9999.0
            L95-S120	58.57261	+0.46847	17.941	1.026	9999.0	9999.0	9999.0
            L95-S122	58.55769	+0.48900	18.383	1.343	9999.0	9999.0	9999.0
            L95-S123	58.55491	+0.58256	17.661	1.702	9999.0	9999.0	9999.0
            L95-S124	58.54960	+0.47273	14.885	1.315	9999.0	9999.0	9999.0
            L95-S125	58.54758	+0.41278	15.888	0.956	9999.0	9999.0	9999.0
            L95-S126	58.54689	+0.45221	17.785	0.986	9999.0	9999.0	9999.0
            L95-S127	58.54362	+0.59875	17.076	1.238	9999.0	9999.0	9999.0
            L95-S129	58.53981	+0.55853	14.022	1.065	9999.0	9999.0	9999.0
            L95-S130	58.53519	+0.50312	18.804	9999.0	9999.0	9999.0	9999.0
            L95-S132	58.52156	+0.60654	19.039	9999.0	9999.0	9999.0	9999.0
            L95-S133	58.51809	+0.62153	15.888	1.072	9999.0	9999.0	9999.0
            L95-S134	58.51590	+0.44819	14.464	0.82	9999.0	9999.0	9999.0
            L95-S135	58.51476	+0.47807	16.177	0.93	9999.0	9999.0	9999.0
            L95-S136	58.51015	+0.54231	13.389	1.013	9999.0	9999.0	9999.0
            L95-S137	58.50644	+0.60667	18.475	9999.0	9999.0	9999.0	9999.0
            L95-S139	58.20020	+0.46876	15.927	9999.0	9999.0	9999.0	9999.0
            L95-S141	58.18787	+0.54283	16.058	0.864	9999.0	9999.0	9999.0
            L95-S142	58.71157	+0.06631	14.051	1.056	0.498	0.641	0.594
            L95-S143	58.50898	+0.46724	18.865	0.91	9999.0	9999.0	9999.0
            L95-S145	58.55594	+0.62342	19.317	9999.0	9999.0	9999.0	9999.0
            L95-S146	58.56099	+0.49046	18.399	0.015	9999.0	9999.0	9999.0
            L95-S147	58.57476	+0.52142	12.786	0.942	9999.0	9999.0	9999.0
            L95-S148	58.57555	+0.52112	12.819	0.951	9999.0	9999.0	9999.0
            L95-S149	58.62258	+0.60831	19.163	1.196	9999.0	9999.0	9999.0
            L95-S150	58.64381	+0.54564	19.276	9999.0	9999.0	9999.0	9999.0
            L95-S151	58.64926	+0.47218	19.503	9999.0	9999.0	9999.0	9999.0
            L95-S152	58.65200	+0.55809	19.419	9999.0	9999.0	9999.0	9999.0
            L95-S153	58.65702	+0.43370	19.576	9999.0	9999.0	9999.0	9999.0
            L95-S154	58.68363	+0.46959	19.086	1.163	9999.0	9999.0	9999.0
            L95-S156	58.70170	+0.62153	19.286	9999.0	9999.0	9999.0	9999.0
            L95-S157	58.73716	+0.47090	19.063	9999.0	9999.0	9999.0	9999.0
            L95-S158	58.22127	-0.06437	14.777	0.637	9999.0	0.395	0.408
            L95-S159	58.22864	-0.05429	14.051	0.764	9999.0	0.448	0.453
            L95-S160	58.23387	+0.08775	18.765	9999.0	9999.0	1.128	1.217
            L95-S161	58.23599	+0.17586	15.733	1.215	9999.0	0.74	0.681
            L95-S162	58.23991	-0.11344	16.526	0.656	9999.0	0.387	0.408
            L95-S163	58.25222	+0.10141	14.721	0.86	9999.0	0.524	0.549
            L95-S165	58.27131	+0.09639	18.256	1.462	9999.0	0.959	0.843
            L95-S166	58.27987	+0.03475	19.343	0.54	9999.0	0.361	0.327
            L95-S167	58.28241	+0.11385	18.51	1.283	9999.0	0.816	0.715
            L95-S168	58.28689	-0.14164	13.279	0.779	0.194	0.451	0.433
            L95-S169	58.29325	-0.11252	14.145	0.764	9999.0	0.473	0.477
            L95-S170	58.29546	+0.17111	15.953	0.907	9999.0	0.551	0.539
            L95-S171	58.30854	+0.10423	15.203	0.804	0.144	0.503	0.515
            L95-S172	58.31829	-0.10207	14.932	0.873	0.299	0.534	0.509
            L95-S173	58.32011	-0.04968	14.199	1.167	9999.0	0.689	0.652
            L95-S175	58.35241	-0.15819	15.735	0.834	9999.0	0.51	0.521
            L95-S176	58.35452	+0.06167	19.357	0.825	9999.0	0.559	0.523
            L95-S177	58.35814	+0.11258	17.179	0.932	9999.0	0.554	0.556
            L95-S178	58.35976	+0.16878	16.245	0.911	9999.0	0.55	0.559
            L95-S179	58.36114	-0.04094	15.277	0.87	0.248	0.527	0.501
            L95-S181	58.37184	-0.07307	16.048	0.882	9999.0	0.532	0.507
            L95-S182	58.38657	+0.07903	14.908	1.123	0.622	0.69	0.649
            L95-S183	58.38704	+0.09440	15.709	1.245	9999.0	0.764	0.668
            L95-S184	58.39309	+0.18164	14.284	0.812	9999.0	0.488	0.521
            L95-S185	58.39326	+0.09815	16.994	0.889	9999.0	0.541	0.539
            L95-S186	58.39487	-0.15094	13.786	0.92	9999.0	0.563	0.523
            L95-S187	58.39568	+0.20981	14.861	1.037	9999.0	0.634	0.654
            L95-S188	58.40144	+0.21509	16.487	0.968	9999.0	0.58	0.574
            L95-S189	58.40363	+0.08929	16.306	1.665	9999.0	1.234	1.771
            L95-S190	58.41027	+0.21662	17.383	1.011	9999.0	0.601	0.595
            L95-S191	58.41673	+0.15811	14.387	0.975	9999.0	0.584	0.579
            L95-S192	58.41796	+0.21686	17.272	1.043	9999.0	0.61	0.613
            L95-S193	58.42091	+0.19215	15.087	0.98	9999.0	0.572	0.584
            L95-S194	58.43067	+0.07437	15.69	1.428	9999.0	0.882	0.771
            L95-S195	58.44170	+0.08806	18.22	0.936	9999.0	0.565	0.602
            L95-S196	58.44943	+0.12130	16.396	0.793	9999.0	0.486	0.53
            L95-S197	58.45428	+0.04286	11.748	0.622	-0.053	0.357	0.371
            L95-S198	58.46882	+0.11156	12.651	0.958	9999.0	0.567	0.559
            L95-S199	58.48688	-0.08065	16.231	0.902	9999.0	0.548	0.552
            L95-S200	58.48909	-0.02972	17.727	1.148	9999.0	0.678	0.653
            L95-S201	58.49079	+0.06595	13.109	0.835	0.188	0.488	0.511
            L95-S202	58.49200	-0.02283	17.206	1.173	9999.0	0.681	0.638
            L95-S203	58.49390	-0.11651	16.481	0.917	9999.0	0.569	0.563
            L95-S204	58.49754	+0.04977	14.811	0.839	0.154	0.493	0.516
            L95-S205	58.50144	-0.12869	16.514	1.523	9999.0	0.975	0.943
            L95-S206	58.50570	+0.00891	17.681	0.913	9999.0	0.539	0.566
            L95-S207	58.51913	-0.08578	12.332	0.925	9999.0	9999.0	9999.0
            L95-S208	58.52142	-0.03339	17.538	0.957	9999.0	0.573	0.584
            L95-S209	58.20402	+0.24509	16.914	9999.0	9999.0	9999.0	9999.0
            L95-S210	58.20666	+0.05616	17.334	1.38	9999.0	0.87	0.731
            L95-S211	58.21004	-0.10648	15.581	0.723	9999.0	0.434	0.449
            L95-S212	58.21018	-0.09032	19.161	9999.0	9999.0	1.051	1.104
            L95-S213	58.21417	-0.13535	17.762	0.984	9999.0	0.585	0.538
            L95-S214	58.22404	+0.13543	17.484	1.522	9999.0	0.956	0.836
            L95-S215	58.22583	+0.20014	16.383	0.739	9999.0	0.442	0.47
            L95-S216	58.23212	+0.23631	17.242	0.879	9999.0	0.497	0.537
            L95-S217	58.23388	+0.14593	18.244	1.067	9999.0	0.63	0.591
            L95-S218	58.23999	+0.05826	19.2	0.669	9999.0	0.425	0.412
            L95-S219	58.24268	+0.19237	12.893	0.669	9999.0	0.384	0.415
            L95-S220	58.25124	-0.14619	18.088	1.605	9999.0	1.065	1.25
            L95-S221	58.27707	+0.17730	17.258	0.884	9999.0	0.504	0.512
            L95-S222	58.28051	-0.13992	16.563	1.006	9999.0	0.594	0.528
            L95-S223	58.28489	+0.14611	18.517	9999.0	9999.0	1.077	0.991
            L95-S224	58.29015	+0.28982	17.737	0.972	9999.0	0.611	0.592
            L95-S225	58.29076	+0.13798	19.454	9999.0	9999.0	1.172	1.399
            L95-S226	58.30511	+0.24804	17.519	0.835	9999.0	0.513	0.525
            L95-S227	58.30510	-0.20495	13.383	0.727	9999.0	0.477	0.416
            L95-S228	58.30685	+0.15670	19.27	9999.0	9999.0	0.626	0.645
            L95-S229	58.30695	+0.23127	18.399	1.073	9999.0	0.642	0.622
            L95-S230	58.31782	-0.16314	14.39	0.936	9999.0	0.565	0.537
            L95-S231	58.32163	+0.11527	19.469	1.058	9999.0	0.674	0.605
            L95-S232	58.32519	+0.15651	19.132	9999.0	9999.0	0.734	0.69
            L95-S233	58.32716	+0.29611	18.588	9999.0	9999.0	1.136	1.092
            L95-S234	58.32879	-0.14114	18.343	0.936	9999.0	0.573	0.552
            L95-S236	58.33657	+0.02408	19.905	9999.0	9999.0	0.883	0.76
            L95-S237	58.33688	-0.17904	16.676	1.482	9999.0	0.968	0.944
            L95-S238	58.33881	+0.31230	18.503	9999.0	9999.0	9999.0	9999.0
            L95-S239	58.34290	-0.14748	17.577	1.422	9999.0	0.896	0.849
            L95-S240	58.34297	+0.12501	17.906	1.444	9999.0	0.935	0.775
            L95-S241	58.34967	-0.18120	15.596	1.288	9999.0	0.776	0.749
            L95-S242	58.35163	+0.11950	19.554	1.007	9999.0	0.651	0.681
            L95-S243	58.35494	-0.02542	19.827	0.76	9999.0	0.503	0.504
            L95-S244	58.35591	+0.14041	19.005	9999.0	9999.0	1.116	1.059
            L95-S245	58.35758	+0.13514	16.647	0.999	9999.0	0.597	0.564
            L95-S246	58.35990	+0.27835	18.276	1.061	9999.0	0.663	0.639
            L95-S247	58.36769	-0.16340	19.061	1.484	9999.0	0.944	0.848
            L95-S248	58.37098	+0.31896	18.315	9999.0	9999.0	0.652	0.607
            L95-S249	58.37146	+0.16209	17.898	1.252	9999.0	0.775	0.703
            L95-S250	58.37588	+0.19494	17.214	0.903	9999.0	0.539	0.572
            L95-S251	58.37689	-0.19996	18.253	1.213	9999.0	0.775	0.677
            L95-S252	58.37898	-0.16233	17.318	1.63	9999.0	1.053	0.895
            L95-S253	58.37899	-0.17298	16.839	1.542	9999.0	1.078	1.376
            L95-S254	58.38111	+0.16342	18.645	9999.0	9999.0	1.147	1.189
            L95-S255	58.39098	-0.20516	15.849	0.909	9999.0	0.572	0.559
            L95-S256	58.39771	-0.01116	19.932	9999.0	9999.0	0.69	0.645
            L95-S257	58.39927	+0.32239	16.848	1.051	9999.0	0.645	9999.0
            L95-S259	58.40810	+0.19822	17.892	1.677	9999.0	1.056	1.012
            L95-S260	58.41472	+0.16705	19.42	9999.0	9999.0	0.684	0.662
            L95-S261	58.41510	+0.32013	13.127	9999.0	9999.0	9999.0	9999.0
            L95-S262	58.42041	+0.27764	18.562	1.197	9999.0	0.715	0.707
            L95-S263	58.42457	+0.32531	16.463	9999.0	9999.0	9999.0	9999.0
            L95-S264	58.42957	+0.28059	17.72	1.336	9999.0	0.792	0.689
            L95-S265	58.43512	+0.22078	19.071	1.24	9999.0	0.731	0.729
            L95-S266	58.43992	+0.14078	17.602	1.41	9999.0	0.873	0.754
            L95-S267	58.44601	+0.27770	18.562	9999.0	9999.0	1.022	0.941
            L95-S268	58.45368	-0.11088	18.974	1.491	9999.0	0.927	0.85
            L95-S269	58.45396	+0.17385	15.213	0.992	9999.0	0.575	0.604
            L95-S270	58.45404	+0.01517	19.596	1.178	9999.0	0.709	0.652
            L95-S271	58.45577	+0.15536	14.559	0.981	9999.0	0.578	0.59
            L95-S272	58.45724	+0.17182	17.042	1.093	9999.0	0.657	0.652
            L95-S273	58.45796	-0.01129	19.593	9999.0	9999.0	1.102	1.048
            L95-S274	58.45908	+0.24011	17.344	1.077	9999.0	0.61	0.617
            L95-S275	58.45996	+0.15077	18.069	1.479	9999.0	0.947	0.832
            L95-S276	58.46307	-0.13841	15.575	1.23	9999.0	0.78	0.719
            L95-S277	58.46481	-0.17550	11.659	0.761	9999.0	9999.0	9999.0
            L95-S278	58.46493	-0.03759	19.254	9999.0	9999.0	0.73	0.71
            L95-S279	58.46547	+0.11553	17.321	0.921	9999.0	0.548	0.57
            L95-S280	58.46775	+0.16423	19.136	9999.0	9999.0	0.882	0.788
            L95-S281	58.47142	-0.01459	19.582	9999.0	9999.0	1.034	0.985
            L95-S282	58.47711	+0.22374	15.685	1.207	9999.0	0.704	0.662
            L95-S283	58.47937	-0.11725	19.442	9999.0	9999.0	0.772	0.702
            L95-S284	58.48240	+0.12423	16.738	1.293	9999.0	0.793	0.726
            L95-S285	58.48312	-0.07937	19.247	0.918	9999.0	0.504	0.575
            L95-S286	58.48570	-0.07408	17.897	9999.0	9999.0	1.016	0.949
            L95-S287	58.49266	-0.18526	13.705	0.818	9999.0	0.511	0.495
            L95-S288	58.49508	+0.16909	18.161	1.296	9999.0	0.794	0.709
            L95-S289	58.49632	+0.28387	16.794	0.92	9999.0	0.54	0.559
            L95-S291	58.49866	+0.19007	18.593	0.918	9999.0	0.54	0.576
            L95-S292	58.50722	-0.19701	16.942	1.625	9999.0	1.039	0.933
            L95-S293	58.50935	+0.25629	15.711	0.925	9999.0	0.543	0.554
            L95-S294	58.51410	+0.02690	19.121	9999.0	9999.0	0.77	0.689
            L95-S295	58.51967	+0.27971	15.837	1.386	9999.0	0.879	0.798
            L95-S296	58.52140	+0.18555	19.366	9999.0	9999.0	1.178	1.677
            L95-S298	58.52739	-0.17854	14.749	0.824	9999.0	0.525	0.529
            L95-S299	58.52826	+0.18171	18.704	9999.0	9999.0	1.028	1.004
            L95-S300	58.52907	-0.09571	19.17	9999.0	9999.0	1.097	1.031
            L95-S301	58.52984	-0.07215	17.695	1.255	9999.0	0.791	0.752
            L95-S302	58.53166	+0.08579	16.659	0.829	9999.0	0.501	0.515
            L95-S305	58.54081	-0.04223	18.297	9999.0	9999.0	1.119	1.116
            L95-S306	58.54111	+0.01863	16.71	1.139	9999.0	0.671	0.635
            L95-S307	58.54653	-0.05561	19.376	9999.0	9999.0	0.926	0.754
            L95-S308	58.54930	-0.07103	19.446	9999.0	9999.0	1.107	1.323
            L95-S309	58.55030	-0.13783	15.937	9999.0	9999.0	0.515	0.538
            L95-S311	58.55702	-0.11687	17.492	0.9	9999.0	0.504	0.549
            L95-S312	58.55738	+0.12855	16.791	1.048	9999.0	0.628	0.551
            L95-S313	58.55815	+0.09391	14.662	0.899	9999.0	0.53	0.475
            L95-S314	58.55834	+0.15538	18.556	9999.0	9999.0	0.985	0.843
            L95-S315	58.55893	+0.10889	16.36	0.942	0.393	0.543	0.486
            L95-S316	58.56011	+0.18183	16.363	0.963	9999.0	0.571	0.553
            L95-S317	58.56043	+0.25617	15.126	0.836	9999.0	0.488	0.507
            L95-S318	58.56195	+0.23262	19.306	9999.0	9999.0	0.862	0.77
            L95-S319	58.56206	-0.01887	16.568	1.534	9999.0	1.007	1.185
            L95-S320	58.56928	+0.22911	16.525	0.879	9999.0	0.518	0.522
            L95-S321	58.56981	+0.00525	15.553	0.904	9999.0	0.553	0.523
            L95-S322	58.56999	+0.11805	18.79	9999.0	9999.0	0.736	0.671
            L95-S323	58.57752	+0.02232	18.729	0.951	9999.0	0.581	0.546
            L95-S324	58.57816	-0.12614	16.865	0.956	0.341	0.566	0.559
            L95-S325	58.57953	+0.26554	15.126	1.065	9999.0	9999.0	9999.0
            L95-S326	58.58038	-0.14850	18.733	9999.0	9999.0	0.59	0.589
            L95-S327	58.58162	+0.24930	99.999	9999.0	9999.0	9999.0	1.298
            L95-S329	58.58277	+0.06263	16.704	0.885	9999.0	0.537	0.524
            L95-S330	58.58417	-0.19608	16.789	0.953	9999.0	0.595	0.594
            L95-S331	58.58593	+0.05634	16.918	1.08	9999.0	0.659	0.602
            L95-S332	58.58793	+0.20974	13.51	0.942	9999.0	0.556	0.558
            L95-S333	58.58846	-0.17151	14.281	1.418	9999.0	0.807	0.735
            L95-S334	58.59259	+0.00907	19.078	9999.0	9999.0	1.184	1.16
            L95-S335	58.59310	-0.08733	18.925	9999.0	9999.0	9999.0	9999.0
            L95-S336	58.59684	+0.12773	17.661	0.934	9999.0	0.545	0.538
            L95-S337	58.59702	+0.27549	17.099	1.095	9999.0	0.622	0.609
            L95-S338	58.59788	-0.09689	99.999	9999.0	9999.0	9999.0	0.951
            L95-S339	58.60151	+0.07754	18.755	1.028	9999.0	0.608	0.607
            L95-S340	58.60168	-0.08084	19.276	9999.0	9999.0	1.134	1.137
            L95-S341	58.60292	-0.12809	18.121	1.097	9999.0	0.625	0.579
            L95-S342	58.60293	+0.24593	16.149	1.161	9999.0	0.689	0.656
            L95-S343	58.60305	-0.14967	16.969	1.023	9999.0	0.578	0.539
            L95-S345	58.60624	+0.07008	15.725	1.328	9999.0	0.831	0.686
            L95-S346	58.60688	-0.07382	15.652	1.036	0.218	0.646	0.64
            L95-S347	58.60719	-0.11680	17.501	1.729	9999.0	1.066	1.007
            L95-S348	58.60777	-0.10062	19.165	9999.0	9999.0	0.772	0.636
            L95-S349	58.60814	-0.08598	18.698	0.83	9999.0	0.508	0.492
            L95-S350	58.61312	-0.16863	15.625	0.945	9999.0	0.545	0.53
            L95-S351	58.61416	+0.11363	14.973	0.893	9999.0	0.536	0.499
            L95-S352	58.61523	+0.06120	17.063	0.971	9999.0	0.581	0.568
            L95-S353	58.61793	-0.12783	15.952	0.799	0.1	0.481	0.486
            L95-S354	58.62339	+0.14331	17.943	1.574	9999.0	1.0	0.877
            L95-S355	58.62516	-0.01736	18.765	9999.0	9999.0	0.941	0.808
            L95-S356	58.62638	+0.01116	17.923	1.509	9999.0	1.146	1.599
            L95-S357	58.62710	-0.03624	17.102	0.773	9999.0	0.47	0.485
            L95-S358	58.62850	+0.12689	16.124	0.92	9999.0	0.55	0.508
            L95-S359	58.62888	+0.24574	15.086	0.969	9999.0	0.566	0.572
            L95-S360	58.62907	-0.05421	17.982	9999.0	9999.0	0.838	0.721
            L95-S362	58.63140	-0.03255	17.68	1.707	9999.0	1.094	1.132
            L95-S363	58.63266	-0.04689	18.536	9999.0	9999.0	1.015	0.924
            L95-S364	58.63268	+0.02845	18.362	1.364	9999.0	0.87	0.757
            L95-S365	58.63698	-0.02123	15.628	0.829	9999.0	0.507	0.503
            L95-S366	58.63708	-0.15538	19.166	9999.0	9999.0	0.546	0.526
            L95-S367	58.63894	+0.15296	18.38	0.902	9999.0	0.539	0.528
            L95-S369	58.64346	-0.02778	16.875	1.091	9999.0	0.676	0.636
            L95-S370	58.64684	+0.01513	16.753	1.287	9999.0	0.793	0.671
            L95-S371	58.64948	+0.14705	18.963	9999.0	9999.0	0.643	0.595
            L95-S372	58.64987	+0.06936	17.834	1.222	9999.0	0.737	0.659
            L95-S373	58.65070	+0.00874	13.281	0.788	0.139	0.48	0.467
            L95-S374	58.65129	+0.27818	17.492	1.029	9999.0	0.629	0.592
            L95-S375	58.65453	-0.00987	19.155	9999.0	9999.0	0.967	0.9
            L95-S376	58.65717	+0.02149	18.38	1.181	9999.0	0.722	0.665
            L95-S377	58.65855	-0.13256	17.588	9999.0	9999.0	0.943	0.873
            L95-S378	58.66039	-0.11676	17.746	1.563	9999.0	0.987	0.86
            L95-S379	58.66058	+0.16830	14.355	0.866	9999.0	0.509	0.515
            L95-S380	58.66096	-0.02535	17.269	1.359	9999.0	0.858	0.742
            L95-S381	58.66225	-0.04916	16.717	1.162	9999.0	0.695	0.603
            L95-S382	58.66282	+0.20324	14.773	0.942	9999.0	0.574	0.594
            L95-S383	58.66361	-0.13225	18.235	0.901	9999.0	9999.0	9999.0
            L95-S384	58.66424	+0.20924	16.72	1.3	9999.0	0.821	0.727
            L95-S385	58.66685	+0.15303	16.627	0.876	9999.0	0.526	0.534
            L95-S386	58.66725	+0.24354	15.394	1.52	1.053	1.011	1.316
            L95-S387	58.67336	+0.25489	18.521	9999.0	9999.0	1.082	0.978
            L95-S390	58.68050	+0.26286	17.908	0.902	9999.0	0.579	0.585
            L95-S391	58.68091	-0.11921	16.453	1.152	9999.0	0.72	0.635
            L95-S392	58.68158	+0.15336	15.109	0.75	9999.0	0.458	0.474
            L95-S393	58.68165	+0.11213	16.612	1.118	9999.0	0.657	0.624
            L95-S394	58.68186	+0.25378	17.711	0.86	9999.0	0.555	0.556
            L95-S395	58.68341	+0.13693	18.586	9999.0	9999.0	1.153	1.52
            L95-S396	58.68344	+0.16670	15.727	1.169	9999.0	0.718	0.643
            L95-S397	58.68495	-0.11556	17.615	1.086	9999.0	0.647	0.624
            L95-S398	58.68673	+0.04555	15.186	1.095	0.672	0.641	0.612
            L95-S399	58.68675	+0.19294	17.651	1.154	9999.0	0.741	0.678
            L95-S400	58.69706	+0.01776	18.924	9999.0	9999.0	9999.0	9999.0
            L95-S402	58.69924	+0.25031	17.128	1.068	9999.0	0.67	0.652
            L95-S404	58.70329	+0.22123	17.055	0.913	9999.0	0.568	0.566
            L95-S405	58.70368	-0.00201	14.726	0.784	9999.0	0.488	0.485
            L95-S406	58.70653	-0.02596	18.703	9999.0	9999.0	1.12	1.465
            L95-S407	58.70807	+0.04352	17.102	1.235	9999.0	0.776	0.722
            L95-S408	58.71181	+0.18580	16.195	1.238	9999.0	0.742	0.65
            L95-S409	58.71438	+0.05042	19.318	9999.0	9999.0	1.127	1.121
            L95-S410	58.71441	+0.22694	17.891	1.057	9999.0	0.608	0.627
            L95-S411	58.71561	-0.12655	18.282	9999.0	9999.0	0.637	0.617
            L95-S412	58.71701	+0.28061	16.013	1.002	9999.0	0.603	0.644
            L95-S413	58.71840	+0.02444	18.65	9999.0	9999.0	1.258	1.218
            L95-S414	58.72082	+0.04919	16.373	0.977	9999.0	0.587	0.586
            L95-S415	58.72227	+0.16300	17.678	1.652	9999.0	1.098	1.069
            L95-S416	58.72236	-0.04927	18.834	9999.0	9999.0	0.73	0.619
            L95-S417	58.73309	+0.05162	17.918	1.167	9999.0	0.732	0.716
            L95-S418	58.73574	-0.06136	17.785	1.057	9999.0	0.63	0.599
            L95-S419	58.73694	-0.02265	14.376	1.029	9999.0	0.654	0.588
            L95-S420	58.73843	-0.10620	17.644	0.746	9999.0	0.449	0.459
            L95-S421	58.74507	+0.14280	17.447	1.223	9999.0	0.766	0.682
            L95-S422	58.74527	+0.15609	14.184	0.738	0.131	0.45	0.461
            L95-S423	58.74822	+0.27703	16.574	1.132	9999.0	0.678	0.645
            L95-S424	58.75038	-0.17019	17.241	1.396	9999.0	0.889	0.72
            L95-S425	58.75460	+0.11281	14.639	1.012	0.454	0.621	0.58
            L95-S426	58.75599	-0.14249	17.377	1.128	9999.0	0.679	0.618
            L95-S427	58.76101	-0.07099	18.382	1.218	9999.0	0.76	0.658
            L95-S428	58.76165	-0.14093	16.134	1.116	9999.0	0.689	0.636
            L95-S429	58.76170	+0.00636	18.545	0.033	9999.0	-0.043	9999.0
            L95-S430	58.76202	+0.18383	16.062	1.423	9999.0	0.943	0.916
            L95-S431	58.76354	-0.08590	16.126	1.076	9999.0	0.617	0.583
            L95-S432	58.76355	-0.04144	18.237	0.871	9999.0	0.518	0.569
            L95-S433	58.76568	-0.15265	18.908	9999.0	9999.0	0.914	0.762
            L95-S434	58.76699	-0.01804	16.562	0.744	0.051	0.448	0.477
            L95-S435	58.77003	-0.00957	18.498	0.985	9999.0	0.588	0.573
            L95-S436	58.77135	+0.16292	16.117	1.209	0.85	0.717	0.648
            L95-S437	58.77293	+0.14557	16.917	1.211	9999.0	0.77	0.721
            L95-S438	58.77320	-0.05269	16.659	0.888	9999.0	0.517	0.562
            L95-S439	58.77476	+0.26585	17.544	1.029	9999.0	0.598	0.606
            L95-S440	58.77572	+0.20863	16.535	0.962	0.215	0.581	0.585
            L95-S441	58.77712	-0.11653	14.917	0.896	9999.0	0.534	0.528
            L95-S442	58.77771	-0.01404	99.999	9999.0	9999.0	9999.0	1.427
            L95-S443	58.77942	-0.05208	17.68	1.096	9999.0	0.654	0.612
            L95-S444	58.78060	+0.25815	14.231	1.107	0.553	0.671	0.646
            L95-S447	58.78779	+0.09921	12.935	0.986	0.28	0.607	0.588
            L95-S448	58.79071	+0.25033	19.08	9999.0	9999.0	1.171	1.417
            L95-S449	58.79616	-0.11220	17.908	9999.0	9999.0	0.653	0.635
            L95-S450	58.79817	-0.03599	17.696	0.941	9999.0	0.542	0.564
            L95-S451	58.80493	-0.03936	17.926	1.292	9999.0	0.771	0.681
            L95-S455	57.92341	+0.01563	13.337	0.604	9999.0	9999.0	9999.0
            L95-S456	57.94311	+0.03100	15.71	0.858	9999.0	9999.0	9999.0
            L95-S457	57.94401	-0.09321	14.171	0.827	9999.0	9999.0	9999.0
            L95-S458	57.94482	-0.09890	15.353	1.036	9999.0	9999.0	9999.0
            L95-S460	57.96087	+0.01495	17.417	0.777	9999.0	9999.0	9999.0
            L95-S461	57.96535	-0.12463	16.63	1.119	9999.0	9999.0	9999.0
            L95-S463	58.00445	-0.01175	18.192	0.747	9999.0	0.458	9999.0
            L95-S464	58.01215	-0.06281	16.401	0.955	9999.0	0.589	0.516
            L95-S466	58.01897	+0.19570	14.44	0.983	9999.0	0.604	9999.0
            L95-S468	58.02175	+0.08139	19.12	9999.0	9999.0	9999.0	9999.0
            L95-S469	58.02697	+0.25418	18.209	9999.0	9999.0	0.819	9999.0
            L95-S470	58.02942	+0.21961	16.481	1.169	9999.0	0.727	9999.0
            L95-S471	58.02999	+0.04036	14.509	0.846	9999.0	0.5	0.466
            L95-S472	58.03933	+0.15567	17.781	9999.0	9999.0	0.539	9999.0
            L95-S473	58.04942	+0.11554	15.097	0.858	9999.0	0.525	0.502
            L95-S474	58.05697	-0.00066	15.352	0.848	9999.0	0.508	0.472
            L95-S475	58.06780	+0.23517	15.142	0.806	9999.0	0.448	0.453
            L95-S476	58.06917	+0.18493	19.633	9999.0	9999.0	0.486	9999.0
            L95-S477	58.06953	+0.14161	16.798	0.475	9999.0	0.315	0.332
            L95-S478	58.07427	+0.23853	17.376	9999.0	9999.0	0.962	0.909
            L95-S480	58.08338	-0.16148	13.111	9999.0	9999.0	9999.0	9999.0
            L95-S481	58.08474	-0.06084	13.034	1.32	9999.0	0.74	0.693
            L95-S483	58.08782	-0.12095	14.565	0.732	9999.0	0.438	0.418
            L95-S484	58.08818	+0.06329	16.939	0.877	9999.0	0.528	0.503
            L95-S485	58.09447	+0.02909	19.564	9999.0	9999.0	1.107	1.157
            L95-S486	58.10640	+0.00037	18.371	0.966	9999.0	0.599	0.522
            L95-S487	58.11057	-0.22524	17.549	0.96	9999.0	0.575	0.558
            L95-S488	58.11160	-0.11258	16.997	0.844	9999.0	0.501	0.486
            L95-S490	58.11805	-0.21389	19.01	9999.0	9999.0	0.915	0.855
            L95-S491	58.11925	-0.13902	19.731	9999.0	9999.0	0.99	0.985
            L95-S493	58.12331	+0.04752	15.608	0.666	9999.0	0.399	0.411
            L95-S494	58.13163	-0.03080	13.906	1.055	9999.0	0.601	0.539
            L95-S496	58.15492	-0.22927	13.133	1.074	9999.0	0.647	0.536
            L95-S497	58.16310	-0.16804	14.91	0.588	9999.0	0.375	0.376
            L95-S498	58.16312	-0.04918	20.06	9999.0	9999.0	9999.0	9999.0
            L95-S500	58.17215	+0.04492	19.877	9999.0	9999.0	9999.0	9999.0
            L95-S501	58.17366	-0.17177	17.889	0.833	9999.0	0.509	0.468
            L95-S502	58.17735	+0.07198	14.444	0.628	9999.0	0.364	0.38
            L95-S503	58.18993	+0.08272	16.342	0.429	9999.0	0.219	0.273
            L95-S504	58.19156	+0.31869	14.12	1.079	9999.0	0.609	9999.0
            L95-S506	58.20296	-0.10147	17.866	1.64	9999.0	1.044	1.061
            L95-S507	58.21779	+0.32180	15.552	0.878	9999.0	0.534	9999.0
            L95-S509	58.23262	-0.10883	20.274	9999.0	9999.0	1.063	1.096
            L95-S510	58.23264	-0.20387	19.23	1.139	9999.0	0.752	0.662
            L95-S512	58.23950	+0.35202	18.494	9999.0	9999.0	1.028	9999.0
            L95-S513	58.24900	-0.20570	14.674	0.967	9999.0	0.583	0.511
            L95-S514	58.25148	+0.04269	20.3	9999.0	9999.0	0.777	0.643
            L95-S515	58.26070	-0.23175	17.799	1.476	9999.0	0.976	0.872
            L95-S519	58.27937	-0.19352	11.138	0.532	9999.0	0.332	0.277
            L95-S521	58.30642	-0.01436	20.669	9999.0	9999.0	0.971	0.794
            L95-S523	58.34921	-0.24242	18.975	9999.0	9999.0	1.152	1.185
            L95-S524	58.34981	+0.11420	20.678	9999.0	9999.0	1.248	1.514
            L95-S527	58.38248	-0.26591	17.81	1.062	9999.0	0.641	9999.0
            L95-S528	58.38849	-0.25980	16.525	0.983	9999.0	0.612	0.573
            L95-S530	58.42855	+0.40007	16.448	0.936	9999.0	0.515	9999.0
            L95-S533	58.52382	+0.18223	17.65	0.806	9999.0	0.508	0.531
            L95-S541	58.63676	+0.14832	99.999	9999.0	9999.0	9999.0	1.403
            L95-S542	58.65140	+0.33075	99.999	9999.0	9999.0	9999.0	1.456
            L95-S547	58.73036	+0.31636	18.963	9999.0	9999.0	0.575	0.56
            L95-S549	58.78880	+0.20012	99.999	9999.0	9999.0	9999.0	1.747
            L95-S550	58.79806	+0.02422	99.999	9999.0	9999.0	9999.0	1.22
            L95-S552	58.80503	+0.11367	18.001	1.078	9999.0	0.647	0.616
            L95-S553	58.82266	+0.08985	16.491	0.998	9999.0	0.596	0.567
            L95-S554	58.82837	+0.21562	15.897	1.176	0.824	0.725	0.67
            L95-S556	58.86304	+0.02000	17.56	0.974	9999.0	0.593	0.558
            L95-S557	58.86402	+0.23437	17.101	1.135	9999.0	0.671	0.679
            L95-S558	58.89772	-0.00969	19.108	9999.0	9999.0	1.125	1.286
            L95-S559	58.90185	-0.11405	18.376	9999.0	9999.0	1.088	1.168
            L95-S560	58.90534	+0.30217	99.999	9999.0	9999.0	9999.0	1.715
            L95-S561	58.91602	+0.22857	19.185	9999.0	9999.0	0.786	9999.0
            L95-S562	58.93076	+0.11273	16.489	0.937	9999.0	0.565	0.54
            L95-S563	58.93110	+0.16098	15.357	1.329	9999.0	0.889	0.699
            L95-S564	58.93513	-0.13480	15.159	1.205	9999.0	0.784	0.642
            L95-S565	58.94062	+0.00616	14.526	0.917	0.337	0.573	0.557
            L95-S566	58.94307	-0.02331	15.64	0.852	0.278	0.531	0.536
            L95-S567	58.94551	+0.12472	18.482	9999.0	9999.0	0.791	0.715
            L95-S568	58.94689	-0.14939	13.6	1.169	9999.0	0.798	0.621
            L95-S569	58.95328	-0.00359	13.385	0.839	0.274	0.534	0.516
            L95-S570	58.95874	-0.14527	17.523	1.311	9999.0	0.893	0.769
            L95-S571	58.96195	-0.15811	99.999	9999.0	9999.0	9999.0	1.541
            L95-S572	58.96402	+0.12140	13.314	0.951	9999.0	0.673	0.539
