# BEGIN CATALOG HEADER 
# nfields '+str(nn)+' 
#     id 1 0 c INDEF %15s 
#     ra 2 0 d degrees %10.5f 
#     dec 3 0 d degrees %10.5f 
#     magV  4 0 r INDEF %6.2f 
#     magBV 5 0 r INDEF %6.2f 
#     magUB 6 0 r INDEF %6.2f 
#     magVR 7 0 r INDEF %6.2f 
#     magRI 8 0 r INDEF %6.2f 
# END CATALOG HEADER 
#
A    310.99683607419  -10.79477989409  13.260  -0.24  -1.166  -0.116  -0.138
A1   310.99360651970  -10.78660649194  15.899  0.611  -0.033  0.358  0.377
A2   310.97921015422  -10.75856334368  14.542  0.659  0.091  0.377  0.37
A3   311.01595401565  -10.76042180273  14.816  0.938  0.651  0.584  0.514
S1   311.06287135681  -10.74480357276  14.542  0.663  0.14  0.363  0.355
S2   311.05840622981  -10.78730013132  16.625  0.802  0.297  0.463  0.447
S3   311.04863508940  -10.81789582319  16.381  1.072  1.028  0.628  0.513
S4   311.04741079807  -10.78223066648  15.053  0.77  0.3  0.438  0.407
S5   311.03803511461  -10.81300811556  15.344  1.386  1.22  0.888  0.837
S10  311.02717057069  -10.71949972762  16.539  0.617  -0.03  0.365  0.365
S12  311.02150381207  -10.72570052571  17.181  1.441  0.983  0.965  1.035
S14  311.02052109838  -10.83076387088  15.939  0.677  0.11  0.39  0.384
S15  311.02032481233  -10.81186407513  15.381  1.154  1.168  0.698  0.581
S19  311.00979378919  -10.72990496635  16.202  1.327  1.27  0.838  0.766
S20  311.00951993068  -10.81851168288  17.013  0.756  0.082  0.462  0.453
S22  311.00793158561  -10.75764595668  17.699  1.133  1.072  0.701  0.594
S24  311.00438387990  -10.74710695373  16.645  0.688  0.045  0.422  0.42
S26  311.00166109564  -10.71821697381  13.121  0.55  -0.024  0.32  0.317
S29  310.99698727926  -10.75818752024  17.104  1.009  0.851  0.61  0.534
S30  310.99447787603  -10.76327005068  16.725  0.714  0.194  0.401  0.387
S31  310.99046645164  -10.76820589741  17.576  0.68  0.022  0.401  0.395
S32  310.98727647463  -10.75213190847  16.304  0.683  0.12  0.399  0.397
S33  310.98685549100  -10.74102640735  15.836  0.617  -0.06  0.38  0.386
S35  310.98215977351  -10.82596303304  18.415  0.621  -0.068  0.378  0.374
S36  310.97890268962  -10.71769266744  15.905  0.614  -0.013  0.372  0.375
S38  310.97763729095  -10.75113186532  16.308  0.7  0.123  0.4  0.409
S40  310.97319361369  -10.75132196095  14.774  0.794  0.124  0.476  0.487
S43  310.96956321398  -10.77633773698  17.387  1.4  1.268  0.906  0.854
S44  310.96823159854  -10.81338767687  14.291  0.588  -0.065  0.354  0.368
S45  310.96370317141  -10.77381292661  17.166  1.479  1.173  0.962  0.934
S46  310.96082296371  -10.76585219171  17.339  0.988  0.821  0.607  0.531
S47  310.95890471141  -10.78832839648  16.738  0.731  0.195  0.419  0.409
S49  310.95368204117  -10.80585127619  15.450  1.404  1.151  0.891  0.807
S53  310.94869813919  -10.80976175838  15.476  0.617  -0.036  0.364  0.371
S54  310.64211274783  -10.80010707662  17.182  0.831  0.445  0.515  0.482
S55  310.64218750000  -10.80428881857  17.487  0.745  0.259  0.445  0.431
S56  310.64236509005  -10.78668154690  17.153  0.84  0.298  0.491  0.487
S58  310.64313607216  -10.89473627832  16.176  0.621  -0.041  0.38  0.364
S59  310.64371509552  -10.82847691748  14.567  0.886  0.679  0.527  0.463
S61  310.64471009572  -10.79276705318  16.719  0.583  -0.047  0.352  0.369
S64  310.64689098994  -10.84986306402  15.228  0.742  0.305  0.437  0.394
S67  310.64776387215  -10.73843802982  17.301  0.418  -0.131  0.256  0.304
S69  310.64881876310  -10.89654710664  16.103  0.941  0.69  0.57  0.483
S70  310.64879638354  -10.94228459570  15.051  0.603  0.031  0.366  0.337
S72  310.65122942925  -10.62359200054  15.876  0.608  0.033  0.381  0.352
S73  310.65164333979  -10.95663636049  14.623  0.616  -0.04  0.392  0.374
S74  310.65219047864  -10.68553647214  15.273  0.92  0.76  0.572  0.48
S75  310.65233718554  -10.94472791778  16.012  1.23  1.17  0.781  0.64
S79  310.65640393893  -10.80732501931  17.729  0.602  -0.089  0.382  0.416
S80  310.65704032580  -10.82904442151  17.126  0.567  -0.071  0.358  0.364
S82  310.65822498004  -10.64188732677  16.479  0.996  0.91  0.638  0.552
S90  310.66096963882  -10.94949056943  17.146  0.607  -0.066  0.387  0.36
S91  310.66225067774  -10.56584991455  17.311  0.923  0.837  0.54  0.497
S92  310.66233073870  -10.58933283965  16.897  0.611  0.076  0.383  0.371
S93  310.66282265981  -10.64925213390  16.795  1.187  1.283  0.772  0.612
S94  310.66287686030  -10.81424679862  17.198  0.901  0.651  0.545  0.488
S95  310.66395487785  -10.56393959893  17.500  0.618  0.076  0.356  0.394
S97  310.66437147458  -10.87957543055  16.322  0.895  0.634  0.523  0.453
S98  310.66471594175  -10.82562073602  17.681  0.583  -0.009  0.356  0.385
S99  310.66471470197  -10.87391715315  17.850  1.385  1.188  0.895  0.837
