# BEGIN CATALOG HEADER 
# nfields '+str(nn)+' 
#     id 1 0 c INDEF %15s 
#     ra 2 0 d degrees %10.5f 
#     dec 3 0 d degrees %10.5f 
#     magV  4 0 r INDEF %6.2f 
#     magBV 5 0 r INDEF %6.2f 
#     magUB 6 0 r INDEF %6.2f 
#     magVR 7 0 r INDEF %6.2f 
#     magRI 8 0 r INDEF %6.2f 
# END CATALOG HEADER 
#
1	13.6650441  -37.620586	16.038	0.742	0.13	0.395   0.445
2  	13.6643997  -37.646551	18.258	0.153	-0.537	0.124   0.164
3	13.6349955  -37.664658	17.292	0.497	-0.332	0.323   0.356
4	13.6176452  -37.631784	18.615	1.607	-0.405	0.758   0.603
5	13.6675560  -37.657271	18.638	0.083	-0.433	0.038   0.112
6	13.6776731  -37.654727	18.832	1.88	0	0.955	0.98
7	13.7045400  -37.670070	15.578	0.711	0	0.271	0.385
8	13.6953703  -37.694580	15.374	1.093	0	0.654	0.559
9	13.6650092  -37.703462	17.406	0.583	0	0.516	0.201
10	13.6052625  -37.594594	15.094	0.83 	0	0.531	0.433
11	13.6526513  -37.569424	15.444	1.014	0	0.589	0.55
12	13.6652859  -37.555636	15.717	0.555	0	0.351	0.339
13	13.7546283  -37.577397	0	0	0	0	0
14	13.5881507  -37.634359	16.769	0.657	0	0.449	0.379
15	13.5950708  -37.658794	16.435	1.274	0	0.655	0.781
16	13.6931273  -37.717799	9.612	0	0	0.409	0.428
17	13.7735057  -37.746330	0	0	0	0	0
18	13.7766374  -37.715858	0	0	0	0	0
19	13.7459267  -37.677086	11.458	0.952	0	0.497	0.475
