# BEGIN CATALOG HEADER 
# nfields '+str(nn)+' 
#     id 1 0 c INDEF %15s 
#     ra 2 0 d degrees %10.5f 
#     dec 3 0 d degrees %10.5f 
#     magV  4 0 r INDEF %6.2f 
#     magBV 5 0 r INDEF %6.2f 
#     magUB 6 0 r INDEF %6.2f 
#     magVR 7 0 r INDEF %6.2f 
#     magRI 8 0 r INDEF %6.2f 
# END CATALOG HEADER 
#
1	13.6650441  -37.620586	16.059	0.7766	 0.074	0.4228	0.4067
2  	13.6643997  -37.646551	18.181	0.3143	-0.621	0.0796	0.1518
3	13.6349955  -37.664658	17.334	0.5396	-0.416	0.3527	0.3112
4	13.6176452  -37.631784	18.680	0.8544	 0.282	0.8745	0.6491
5	13.6675560  -37.657271	18.585	0.1254	-0.423	-0.013	0.2964
6	13.6776731  -37.654727	18.781	0.7937	    0	0.8842	0.9766
7	13.7045400  -37.670070	15.598	0.6998	    0	0.3139	0.3510
8	13.6953703  -37.694580	15.377	1.1106	    0	0.5969	0.5636
9	13.6650092  -37.703462	17.368	0.6163	    0 	0.3620	0.3725
10	13.6052625  -37.594594	15.044	0.8477	    0 	0.4467	0.4862
11	13.6526513  -37.569424	15.425	1.0332	    0	0.5978	0.5441
12	13.6652859  -37.555636	     0	     0	    0	     0	     0
13	13.7546283  -37.577397	17.143	1.3668	    0	1.0953	1.7309
14	13.5881507  -37.634359	16.789	0.6405	    0	0.4569	0.4169
15	13.5950708  -37.658794	16.439	1.2302	    0	0.7516	0.7132
16	13.6931273  -37.717799	9.6388	0.8283	    0	0.4415	0.4462
17	13.7735057  -37.746330	     0	     0	    0	     0	     0
18	13.7766374  -37.715858	     0	     0	    0	     0	     0
19	13.7459267  -37.677086	11.446	 0.997	    0	0.5044	0.4759
