# BEGIN CATALOG HEADER
# nfields 8
#     id 1 0 c INDEF %15s
#     ra 2 0 d degrees %10.5f
#     dec 3 0 d degrees %10.5f
#     magV  4 0 r INDEF %6.2f
#     magBV 5 0 r INDEF %6.2f
#     magUB 6 0 r INDEF %6.2f
#     magVR 7 0 r INDEF %6.2f
#     magRI 8 0 r INDEF %6.2f
# END CATALOG HEADER
#
          PG2213-006	334.11821	-0.35365	14.13	-0.221	-1.136	-0.092	-0.124
         PG2213-006A	334.09668	-0.35742	14.183	0.682	0.085	0.408	0.401
         PG2213-006B	334.09064	-0.36338	12.712	0.757	0.288	0.429	0.401
         PG2213-006C	334.07362	-0.37055	15.117	0.731	0.162	0.428	0.422
          PG2213-S15	334.07377	-0.31141	17.134	0.958	0.642	0.541	0.493
          PG2213-S12	334.12642	-0.32008	16.921	0.714	-0.021	0.428	0.43
           PG2213-S7	334.11623	-0.33610	15.825	0.748	0.183	0.429	0.407
           PG2213-S8	334.04641	-0.33080	15.938	0.797	0.321	0.438	0.413
          PG2213-S17	334.05507	-0.35345	18.633	1.354	9999.0	0.839	0.721
          PG2213-S18	334.05890	-0.37413	18.462	1.485	9999.0	0.969	0.933
          PG2213-S19	334.05951	-0.35561	19.038	0.773	9999.0	0.432	0.444
          PG2213-S20	334.06048	-0.35304	18.194	0.709	-0.008	0.412	0.422
          PG2213-S21	334.06715	-0.32777	99.999	9999.0	9999.0	9999.0	1.296
          PG2213-S23	334.06795	-0.34408	99.999	9999.0	9999.0	9999.0	1.241
          PG2213-S24	334.06856	-0.39242	18.656	1.527	9999.0	1.056	1.127
          PG2213-S25	334.06984	-0.33543	20.059	9999.0	9999.0	0.755	0.689
          PG2213-S26	334.07258	-0.32460	20.246	9999.0	9999.0	0.475	0.503
          PG2213-S27	334.07408	-0.35577	17.954	0.861	0.347	0.518	0.481
          PG2213-S28	334.07584	-0.40604	99.999	9999.0	9999.0	9999.0	1.239
          PG2213-S29	334.07611	-0.33107	19.306	0.638	9999.0	0.41	0.442
          PG2213-S30	334.07631	-0.32517	99.999	9999.0	9999.0	9999.0	0.967
          PG2213-S31	334.07674	-0.36485	19.446	9999.0	9999.0	0.991	0.928
          PG2213-S32	334.07675	-0.32342	20.182	0.719	9999.0	0.44	0.462
          PG2213-S33	334.07973	-0.31191	19.913	9999.0	9999.0	0.959	0.92
          PG2213-S34	334.08015	-0.35342	99.999	9999.0	9999.0	9999.0	0.988
          PG2213-S38	334.08679	-0.33869	17.182	0.879	0.406	0.521	0.477
          PG2213-S39	334.08695	-0.40364	16.499	1.021	0.763	0.585	0.525
          PG2213-S41	334.10038	-0.37405	19.095	1.116	9999.0	0.677	0.58
          PG2213-S43	334.11281	-0.36379	19.94	0.514	9999.0	0.334	9999.0
          PG2213-S45	334.11981	-0.34831	16.735	1.502	1.095	1.008	1.044
          PG2213-S47	334.12415	-0.38269	17.989	1.553	9999.0	1.035	1.037
          PG2213-S48	334.12475	-0.31739	19.841	0.07	9999.0	0.076	9999.0
          PG2213-S49	334.12738	-0.36286	18.306	0.804	0.212	0.47	0.455
          PG2213-S51	334.13212	-0.38677	99.999	9999.0	9999.0	9999.0	0.813
          PG2213-S52	334.13863	-0.35113	99.999	9999.0	9999.0	9999.0	1.104
          PG2213-S53	334.14733	-0.36098	16.368	1.011	0.738	0.595	0.515
          PG2213-S54	334.15256	-0.36688	18.638	1.518	9999.0	1.029	1.092
          PG2213-S56	334.15880	-0.36638	17.793	0.705	0.034	0.393	0.412
          PG2213-S57	334.15948	-0.37819	15.951	0.496	-0.09	0.319	0.328
           PG2213-S2	334.16202	-0.37467	17.075	0.842	0.269	0.487	0.463
           PG2213-S3	334.13231	-0.39004	17.045	0.701	0.107	0.418	0.406
           PG2213-S4	334.15704	-0.34773	17.306	0.663	0.008	0.39	0.401
           PG2213-S5	334.12423	-0.42142	18.182	1.625	9999.0	1.086	1.174
           PG2213-S6	334.04488	-0.37864	17.935	0.874	9999.0	0.502	0.479
           PG2213-S9	334.12281	-0.40413	18.937	1.611	9999.0	1.293	1.516
          PG2213-S10	334.08298	-0.34864	18.748	0.926	9999.0	0.554	0.528
          PG2213-S11	334.14840	-0.41198	19.042	0.599	-0.126	0.367	0.376
          PG2213-S58	333.75797	-0.31289	17.88	0.954	9999.0	9999.0	9999.0
          PG2213-S59	333.75871	-0.32441	18.172	0.655	9999.0	9999.0	9999.0
          PG2213-S60	333.76192	-0.31471	16.24	0.824	9999.0	9999.0	9999.0
          PG2213-S61	333.76403	-0.37155	17.524	1.118	9999.0	9999.0	9999.0
          PG2213-S62	333.76683	-0.24084	16.724	1.396	9999.0	9999.0	9999.0
          PG2213-S63	333.77176	-0.12917	16.974	0.731	9999.0	9999.0	9999.0
          PG2213-S64	333.77887	-0.19617	17.416	0.907	9999.0	9999.0	9999.0
          PG2213-S65	333.78094	-0.37386	18.068	0.967	9999.0	9999.0	9999.0
          PG2213-S66	333.78187	-0.51438	16.526	1.128	9999.0	9999.0	9999.0
          PG2213-S67	333.78439	-0.47275	18.046	1.277	9999.0	9999.0	9999.0
          PG2213-S68	333.78567	-0.40452	17.183	0.8	9999.0	9999.0	9999.0
          PG2213-S69	333.78671	-0.36505	17.23	1.321	9999.0	9999.0	9999.0
          PG2213-S70	333.78845	-0.34290	17.722	0.934	9999.0	9999.0	9999.0
          PG2213-S71	333.79010	-0.50116	17.911	0.786	9999.0	9999.0	9999.0
          PG2213-S73	333.79545	-0.32741	17.609	0.767	9999.0	9999.0	9999.0
          PG2213-S74	333.79790	-0.33774	16.264	0.694	9999.0	9999.0	9999.0
          PG2213-S75	333.79790	-0.53120	17.89	0.84	9999.0	9999.0	9999.0
          PG2213-S76	333.80117	-0.46717	16.904	0.792	9999.0	9999.0	9999.0
          PG2213-S77	333.80305	-0.38184	16.87	1.056	9999.0	9999.0	9999.0
          PG2213-S78	333.80333	-0.28274	17.802	0.888	9999.0	9999.0	9999.0
          PG2213-S79	333.80698	-0.22871	17.743	0.816	9999.0	9999.0	9999.0
          PG2213-S80	333.80708	-0.40225	17.78	0.814	9999.0	9999.0	9999.0
          PG2213-S81	333.80720	-0.51163	17.489	1.051	9999.0	9999.0	9999.0
          PG2213-S82	333.80847	-0.50308	17.703	0.692	9999.0	9999.0	9999.0
          PG2213-S83	333.81223	-0.38812	17.329	0.667	9999.0	9999.0	9999.0
          PG2213-S84	333.81475	-0.47157	16.869	0.756	9999.0	9999.0	9999.0
          PG2213-S85	333.81792	-0.21448	16.737	0.678	9999.0	9999.0	9999.0
          PG2213-S86	333.82035	-0.49554	17.812	0.799	9999.0	9999.0	9999.0
          PG2213-S87	333.82896	-0.30236	16.672	0.688	0.1	9999.0	9999.0
          PG2213-S88	333.82986	-0.13568	16.846	0.875	9999.0	9999.0	9999.0
          PG2213-S90	333.83495	-0.27098	17.269	0.986	9999.0	9999.0	9999.0
          PG2213-S91	333.83530	-0.32487	15.962	0.864	0.351	9999.0	9999.0
          PG2213-S92	333.83813	-0.36068	17.943	0.952	9999.0	9999.0	9999.0
          PG2213-S93	333.84083	-0.27300	16.933	1.118	9999.0	9999.0	9999.0
          PG2213-S94	333.84143	-0.28701	16.461	0.671	9999.0	9999.0	9999.0
          PG2213-S95	333.84720	-0.53829	17.877	0.647	9999.0	9999.0	9999.0
          PG2213-S96	333.84792	-0.52548	17.223	1.155	9999.0	9999.0	9999.0
          PG2213-S97	333.85536	-0.46908	17.023	1.058	9999.0	9999.0	9999.0
          PG2213-S98	333.85810	-0.28795	17.025	0.729	9999.0	9999.0	9999.0
          PG2213-S99	333.85943	-0.26374	18.095	0.765	9999.0	9999.0	9999.0
         PG2213-S100	333.86144	-0.41888	17.21	1.008	9999.0	9999.0	9999.0
         PG2213-S101	333.86320	-0.33422	16.702	1.261	9999.0	9999.0	9999.0
         PG2213-S102	333.86431	-0.52856	17.339	0.799	9999.0	9999.0	9999.0
         PG2213-S103	333.87441	-0.16446	17.29	0.644	9999.0	9999.0	9999.0
         PG2213-S104	333.87750	-0.53908	17.077	1.262	9999.0	9999.0	9999.0
         PG2213-S105	333.87794	-0.51636	17.091	0.526	9999.0	9999.0	9999.0
         PG2213-S106	333.87824	-0.57999	17.134	0.969	9999.0	9999.0	9999.0
         PG2213-S107	333.87891	-0.44922	16.722	0.746	9999.0	9999.0	9999.0
         PG2213-S108	333.88028	-0.29986	17.509	0.717	9999.0	9999.0	9999.0
         PG2213-S109	333.88155	-0.40609	17.419	0.668	9999.0	9999.0	9999.0
         PG2213-S110	333.88236	-0.23905	17.232	0.833	9999.0	9999.0	9999.0
         PG2213-S111	333.88589	-0.34558	16.927	1.405	9999.0	9999.0	9999.0
         PG2213-S112	333.89531	-0.16426	16.755	1.349	9999.0	9999.0	9999.0
         PG2213-S113	333.90693	-0.14789	17.4	1.331	9999.0	9999.0	9999.0
         PG2213-S114	333.90834	-0.56861	17.401	1.026	9999.0	9999.0	9999.0
         PG2213-S115	333.90847	-0.48245	16.371	1.384	9999.0	9999.0	9999.0
         PG2213-S116	333.91152	-0.27816	16.399	1.076	9999.0	9999.0	9999.0
         PG2213-S117	333.91169	-0.13972	17.567	0.615	9999.0	9999.0	9999.0
         PG2213-S118	333.91942	-0.17701	17.411	1.158	9999.0	9999.0	9999.0
         PG2213-S119	333.91996	-0.53066	17.632	0.836	9999.0	9999.0	9999.0
         PG2213-S120	333.92002	-0.18785	17.771	0.665	9999.0	9999.0	9999.0
         PG2213-S121	333.92090	-0.30572	17.896	0.864	9999.0	9999.0	9999.0
         PG2213-S122	333.92440	-0.44581	17.316	1.424	9999.0	9999.0	9999.0
         PG2213-S123	333.93107	-0.46552	17.181	0.801	9999.0	9999.0	9999.0
         PG2213-S124	333.93433	-0.26816	16.516	1.136	9999.0	9999.0	9999.0
         PG2213-S125	333.93564	-0.30633	15.718	1.336	9999.0	9999.0	9999.0
         PG2213-S126	333.93575	-0.35234	17.856	0.824	9999.0	9999.0	9999.0
         PG2213-S127	333.94489	-0.56941	17.975	1.012	9999.0	9999.0	9999.0
         PG2213-S128	333.95020	-0.44300	16.323	0.731	0.175	9999.0	9999.0
         PG2213-S129	333.95382	-0.48340	17.281	0.917	9999.0	9999.0	9999.0
         PG2213-S130	333.96076	-0.31317	16.716	0.662	0.01	9999.0	9999.0
         PG2213-S131	333.96272	-0.30753	17.102	0.75	9999.0	9999.0	9999.0
         PG2213-S132	333.96474	-0.24181	16.699	1.037	9999.0	9999.0	9999.0
         PG2213-S133	333.96509	-0.33581	17.927	0.792	9999.0	9999.0	9999.0
         PG2213-S134	333.96668	-0.38594	17.248	1.382	9999.0	9999.0	9999.0
         PG2213-S135	333.96701	-0.28380	17.904	1.258	9999.0	9999.0	9999.0
         PG2213-S136	333.97210	-0.29094	17.821	0.527	9999.0	9999.0	9999.0
         PG2213-S137	333.97411	-0.25545	17.309	0.656	9999.0	9999.0	9999.0
         PG2213-S138	333.97724	-0.17861	16.955	1.324	9999.0	9999.0	9999.0
         PG2213-S139	333.97879	-0.54624	17.716	1.434	9999.0	9999.0	9999.0
         PG2213-S141	333.98761	-0.34390	16.457	1.544	9999.0	0.966	0.849
         PG2213-S142	333.99277	-0.47850	17.584	0.968	9999.0	9999.0	9999.0
         PG2213-S143	333.99985	-0.16860	16.32	0.667	9999.0	9999.0	9999.0
         PG2213-S144	333.99994	-0.29399	16.889	1.103	9999.0	0.647	0.574
         PG2213-S145	334.00049	-0.22875	16.233	0.728	0.104	9999.0	9999.0
         PG2213-S146	334.00512	-0.49728	16.924	1.439	9999.0	9999.0	9999.0
         PG2213-S147	334.01076	-0.18525	16.842	0.823	9999.0	9999.0	9999.0
         PG2213-S148	334.01152	-0.19164	16.97	0.912	9999.0	9999.0	9999.0
         PG2213-S149	334.01343	-0.29136	17.496	0.794	9999.0	0.467	0.463
         PG2213-S150	334.01413	-0.29725	16.42	0.802	0.159	0.467	0.44
         PG2213-S151	334.01728	-0.55896	17.802	0.666	9999.0	9999.0	9999.0
         PG2213-S152	334.01775	-0.57359	16.984	0.739	9999.0	9999.0	9999.0
         PG2213-S153	334.01801	-0.43925	16.722	0.909	0.405	0.541	0.499
         PG2213-S154	334.01943	-0.17521	16.274	0.712	-0.136	9999.0	9999.0
         PG2213-S155	334.02006	-0.46095	17.128	0.557	-0.125	9999.0	9999.0
         PG2213-S156	334.02041	-0.15767	16.404	0.703	0.078	9999.0	9999.0
         PG2213-S157	334.02571	-0.40749	17.651	1.189	9999.0	0.724	0.608
         PG2213-S158	334.02879	-0.34307	17.045	1.354	9999.0	0.834	0.663
         PG2213-S159	334.03362	-0.52067	17.228	0.84	9999.0	9999.0	9999.0
         PG2213-S160	334.03728	-0.28260	16.119	0.632	-0.038	0.393	0.356
         PG2213-S161	334.03878	-0.25462	17.02	0.665	-0.023	9999.0	9999.0
         PG2213-S162	334.04990	-0.51276	16.38	1.606	9999.0	9999.0	9999.0
         PG2213-S163	334.05216	-0.30460	17.007	0.755	0.138	0.427	0.431
         PG2213-S164	334.05245	-0.27963	16.393	0.82	0.382	0.456	0.406
         PG2213-S165	334.05893	-0.23152	16.745	1.466	9999.0	9999.0	9999.0
         PG2213-S166	334.06181	-0.15575	17.661	1.201	9999.0	9999.0	9999.0
         PG2213-S167	334.06426	-0.12891	16.313	0.716	9999.0	9999.0	9999.0
         PG2213-S169	334.06688	-0.46641	17.929	0.68	9999.0	9999.0	9999.0
         PG2213-S170	334.07647	-0.43729	17.121	0.695	0.081	0.394	0.421
         PG2213-S171	334.07834	-0.12678	17.998	0.945	9999.0	9999.0	9999.0
         PG2213-S172	334.08021	-0.48907	16.791	0.891	0.416	9999.0	9999.0
         PG2213-S173	334.08448	-0.55304	16.673	0.684	0.0	9999.0	9999.0
         PG2213-S174	334.08471	-0.11814	17.389	1.575	9999.0	9999.0	9999.0
         PG2213-S175	334.08527	-0.13038	16.749	0.826	9999.0	9999.0	9999.0
         PG2213-S177	334.08651	-0.13637	17.371	1.463	9999.0	9999.0	9999.0
         PG2213-S179	334.09985	-0.14250	16.323	0.653	9999.0	9999.0	9999.0
         PG2213-S180	334.10121	-0.11322	17.205	1.272	9999.0	9999.0	9999.0
         PG2213-S181	334.10767	-0.17151	17.424	1.609	9999.0	9999.0	9999.0
         PG2213-S182	334.11223	-0.58244	16.69	0.946	9999.0	9999.0	9999.0
         PG2213-S183	334.11540	-0.07339	16.97	0.657	9999.0	9999.0	9999.0
         PG2213-S184	334.12262	-0.45055	16.406	0.726	0.196	9999.0	9999.0
         PG2213-S185	334.12691	-0.49403	17.217	1.34	9999.0	9999.0	9999.0
         PG2213-S186	334.12709	-0.27742	15.648	0.728	0.164	9999.0	9999.0
         PG2213-S187	334.13852	-0.44084	17.061	0.819	0.305	9999.0	9999.0
         PG2213-S188	334.13956	-0.26602	17.394	0.611	-0.158	9999.0	9999.0
         PG2213-S189	334.15135	-0.24751	16.934	0.839	9999.0	9999.0	9999.0
         PG2213-S190	334.15366	-0.10425	16.563	0.838	0.115	9999.0	9999.0
         PG2213-S191	334.15774	-0.53476	17.278	0.632	9999.0	9999.0	9999.0
         PG2213-S192	334.15829	-0.26516	17.138	0.711	0.048	9999.0	9999.0
         PG2213-S193	334.15891	-0.03517	16.877	0.62	-0.069	9999.0	9999.0
         PG2213-S194	334.16405	-0.51867	16.846	0.799	0.254	9999.0	9999.0
         PG2213-S195	334.17472	-0.44228	16.878	0.853	0.415	9999.0	9999.0
         PG2213-S196	334.17755	-0.49823	16.854	1.07	9999.0	9999.0	9999.0
         PG2213-S197	334.18156	-0.25080	16.399	1.256	9999.0	9999.0	9999.0
         PG2213-S198	334.18343	-0.24820	17.015	1.001	9999.0	9999.0	9999.0
         PG2213-S200	334.18631	-0.22865	16.999	0.495	-0.162	9999.0	9999.0
         PG2213-S201	334.19108	-0.51567	17.179	0.843	0.184	9999.0	9999.0
         PG2213-S202	334.19136	-0.43353	17.335	0.758	9999.0	9999.0	9999.0
         PG2213-S203	334.19763	-0.43774	16.241	0.763	0.168	9999.0	9999.0
         PG2213-S204	334.19767	-0.41010	16.451	0.713	0.023	9999.0	9999.0
         PG2213-S205	334.20629	-0.03760	16.731	0.706	9999.0	9999.0	9999.0
         PG2213-S206	334.20756	-0.54032	16.337	1.196	9999.0	9999.0	9999.0
         PG2213-S207	334.21115	-0.05224	16.795	0.49	9999.0	9999.0	9999.0
         PG2213-S208	334.21330	-0.20930	17.206	1.097	9999.0	9999.0	9999.0
         PG2213-S209	334.21549	-0.23911	17.7	1.593	9999.0	9999.0	9999.0
         PG2213-S210	334.21579	-0.34030	17.54	0.853	9999.0	9999.0	9999.0
         PG2213-S211	334.21727	-0.06804	17.323	0.906	9999.0	9999.0	9999.0
         PG2213-S212	334.23166	-0.35626	17.115	0.788	0.262	9999.0	9999.0
         PG2213-S213	334.23331	-0.15202	17.186	1.012	9999.0	9999.0	9999.0
         PG2213-S214	334.23542	-0.41522	17.151	1.52	9999.0	9999.0	9999.0
         PG2213-S215	334.24325	-0.40913	17.984	1.251	9999.0	9999.0	9999.0
         PG2213-S216	334.24702	-0.42649	17.77	0.525	9999.0	9999.0	9999.0
         PG2213-S217	334.24870	-0.19948	17.064	0.628	-0.005	9999.0	9999.0
         PG2213-S218	334.25930	-0.21981	16.397	0.629	-0.08	9999.0	9999.0
         PG2213-S219	334.26080	-0.35494	15.467	0.755	0.15	9999.0	9999.0
         PG2213-S220	334.26499	-0.54056	17.721	0.806	9999.0	9999.0	9999.0
         PG2213-S221	334.26809	-0.12122	16.157	0.995	9999.0	9999.0	9999.0
         PG2213-S222	334.26892	-0.41229	17.17	0.723	9999.0	9999.0	9999.0
         PG2213-S223	334.27071	-0.55948	17.6	0.713	9999.0	9999.0	9999.0
         PG2213-S224	334.27611	-0.31205	17.486	0.693	9999.0	9999.0	9999.0
         PG2213-S225	334.27966	-0.33510	17.472	0.843	9999.0	9999.0	9999.0
         PG2213-S226	334.28459	-0.26737	17.511	0.964	9999.0	9999.0	9999.0
         PG2213-S227	334.28501	-0.37658	17.451	0.493	-0.158	9999.0	9999.0
         PG2213-S228	334.28517	-0.37323	18.147	1.584	9999.0	9999.0	9999.0
         PG2213-S231	334.30196	-0.27771	16.127	1.038	0.734	9999.0	9999.0
         PG2213-S232	334.30309	-0.31739	17.447	0.844	9999.0	9999.0	9999.0
         PG2213-S233	334.30614	-0.38349	17.518	0.726	9999.0	9999.0	9999.0
         PG2213-S234	334.30622	-0.47951	17.178	1.654	9999.0	9999.0	9999.0
         PG2213-S236	334.31494	-0.30695	15.942	1.242	9999.0	9999.0	9999.0
         PG2213-S237	334.31842	-0.36118	18.051	1.044	9999.0	9999.0	9999.0
         PG2213-S238	334.32182	-0.29794	16.792	0.893	9999.0	9999.0	9999.0
         PG2213-S239	334.32385	-0.32778	16.941	1.245	9999.0	9999.0	9999.0
         PG2213-S240	334.32929	-0.44237	17.114	0.814	9999.0	9999.0	9999.0
         PG2213-S241	334.33278	-0.52619	15.902	0.807	0.133	9999.0	9999.0
         PG2213-S242	334.33567	-0.26617	17.478	0.886	9999.0	9999.0	9999.0
         PG2213-S244	334.34469	-0.21039	16.764	1.142	9999.0	9999.0	9999.0
         PG2213-S245	334.34596	-0.20813	16.18	0.969	9999.0	9999.0	9999.0
         PG2213-S246	334.34945	-0.37749	16.189	0.639	9999.0	9999.0	9999.0
         PG2213-S247	334.35486	-0.21352	16.266	0.643	-0.087	9999.0	9999.0
         PG2213-S248	334.36180	-0.39101	15.185	0.937	9999.0	9999.0	9999.0
         PG2213-S249	334.36409	-0.17115	16.975	1.09	9999.0	9999.0	9999.0
         PG2213-S250	334.36692	-0.12513	17.134	1.114	9999.0	9999.0	9999.0
         PG2213-S251	334.36725	-0.36788	16.199	0.779	9999.0	9999.0	9999.0
         PG2213-S253	334.36896	-0.24941	17.345	0.966	9999.0	9999.0	9999.0
         PG2213-S254	334.37334	-0.37778	16.449	1.305	9999.0	9999.0	9999.0
         PG2213-S255	334.37841	-0.19240	16.593	1.215	9999.0	9999.0	9999.0
         PG2213-S256	334.37914	-0.16937	17.171	1.452	9999.0	9999.0	9999.0
         PG2213-S257	334.38382	-0.26330	16.534	0.709	9999.0	9999.0	9999.0
         PG2213-S258	334.38702	-0.28929	16.448	0.928	9999.0	9999.0	9999.0
         PG2213-S259	334.39382	-0.26681	17.562	1.044	9999.0	9999.0	9999.0
         PG2213-S260	334.39435	-0.31428	15.547	1.071	0.66	9999.0	9999.0
