# BEGIN CATALOG HEADER
# catdb /Users/stefanovalenti/standard/catalogue.dat
# catname lan92@noao
# nquery 4
#     ra 6:51:50.00 hours
#     dec -0:20:55.0 degrees
#     width 0.167 degrees
#     qsystem J2000.0 INDEF
# type stext
# nheader 1
#     csystem J2000.0
# nfields 17
#     id 1 0 c INDEF %11s
#     ra 2 0 d degrees %10.5f
#     dec 3 0 d degrees %10.5f
#     v 4 0 r INDEF %6.3f
#     bv 5 0 r INDEF %6.3f
#     ub 6 0 r INDEF %6.3f
#     vr 7 0 r INDEF %6.3f
#     ri 8 0 r INDEF %6.3f
# END CATALOG HEADER
229    280.19025833     0.0304944444    13.649    +1.910    +1.391    +1.198    +1.155    
230     280.2145375           0.0398    14.281    +1.084    +0.728    +0.624    +0.596    
232    280.21808333     0.0318833333    12.516    +0.729    +0.147    +0.439    +0.450    
233    280.21962083         0.014125    12.771    +1.281    +0.812    +0.773    +0.818    
239    280.33247916     0.0037722222    13.858    +0.899    +0.584    +0.541    +0.517    
339    280.36045833     0.1403888888    13.607    +0.988    +0.776    +0.563    +0.468    
340    280.36853333     0.2563888888    10.025    +0.308    +0.124    +0.171    +0.183    
477          280.43     0.4452166666    13.988    +1.345    +0.715    +0.850    +0.857    
246     280.4614875     0.0845861111    12.706    +0.586    -0.129    +0.381    +0.410    
346    280.48003333     0.1662194444    14.757    +0.999    +0.752    +0.697    +0.646    
349    280.55587083     0.1708916666    15.095    +1.088    +0.668    +0.503    -0.059    
355     280.5788875     0.1400611111    11.944    +1.023    +0.504    +0.652    +0.727    
358    280.64798333     0.2505472222    14.430    +1.039    +0.418    +0.603    +0.543    
360    280.66865416         0.152975    14.618    +1.197    +0.539    +0.715    +0.717    
361    280.68754166     0.1346388888    12.425    +0.632    +0.035    +0.361    +0.348    
362    280.70115416     0.1077138888    15.693    +1.333    +3.919    +0.918    +0.885    
266      280.703325     0.0851222222    12.018    +0.889    +0.411    +0.538    +0.577    
L1     280.7091125     0.1202111111    16.252    +1.752    +2.953    +1.066    +0.992    
364     280.7199375     0.1319138888    13.615    +1.133    +1.095    +0.697    +0.585    
157        280.7353     -0.149569444    13.491    +2.123    +1.679    +1.257    +1.139    
365       280.73935     0.1230888888    13.470    +2.261    +1.895    +1.360    +1.270    
496    280.74705833     0.5192027777    13.004    +1.040    +0.737    +0.607    +0.681    
273    280.74809166     0.0399777777    14.686    +2.527    +1.000    +1.509    +1.345    
497    280.76044166         0.515775    14.196    +1.052    +0.380    +0.606    +0.597    
280         280.779     -0.061533333    12.996    +2.151    +2.133    +1.235    +1.148    
499    280.78192916         0.467075    11.737    +0.987    +0.639    +0.600    +0.674    
502    280.79212916     0.4617694444    12.330    +2.326    +2.326    +1.373    +1.250    
503    280.79873333     0.4952638888    11.773    +0.671    +0.506    +0.373    +0.436    
504        280.7988     0.5012694444    14.022    +1.248    +1.323    +0.797    +0.683    
506     280.8288625     0.5075388888    11.312    +0.568    +0.059    +0.335    +0.312    
507    280.82969166     0.4905555555    12.440    +1.141    +0.830    +0.633    +0.579    
290    280.84221666     -0.020944444    11.898    +0.708    +0.196    +0.418    +0.418    
441    280.89002916     0.3279777777    11.122    +0.556    +0.108    +0.325    +0.335    
311    280.94796666     -0.005730555    15.505    +1.796    +1.179    +1.010    +0.864    
312    280.95386666         0.001675    16.093    +1.319    -0.788    +1.137    +1.154    
450      280.964475     0.3829055555    11.583    +0.946    +0.683    +0.549    +0.626    
315    280.96699583     0.0137027777    13.637    +2.069    +2.256    +1.206    +1.133    
316    280.96809166     0.0178388888    14.821    +1.731    +4.355    +0.858    +0.910    
319    280.98073333     0.0334222222    11.861    +1.309    +1.076    +0.742    +0.700    
