# BEGIN CATALOG HEADER
# catdb /Users/stefanovalenti/standard/catalogue.dat
# catname lan92@noao
# nquery 4
#     ra 6:51:50.00 hours
#     dec -0:20:55.0 degrees
#     width 0.167 degrees
#     qsystem J2000.0 INDEF
# type stext
# nheader 1
#     csystem J2000.0
# nfields 17
#     id 1 0 c INDEF %11s
#     ra 2 0 d degrees %10.5f
#     dec 3 0 d degrees %10.5f
#     v 4 0 r INDEF %6.3f
#     bv 5 0 r INDEF %6.3f
#     ub 6 0 r INDEF %6.3f
#     vr 7 0 r INDEF %6.3f
#     ri 8 0 r INDEF %6.3f
# END CATALOG HEADER
L2   102.918656	-0.3666499	15.859	1.340	1.497	0.754	0.572 
590  102.928933	-0.3721160	14.642	1.352	0.853	0.753	0.747
627  102.970684	-0.3671266	14.900	0.689	0.078	0.428	0.387
618  102.956419	-0.3545690	12.723	2.192	2.144	1.254	1.151  
614  102.952473	-0.3426373	15.674	1.063	0.399	0.834	0.645
624  102.965608	-0.3380579	13.811	0.791	0.394	0.417	0.404 
626  102.968098	-0.3455654	14.758	1.406	1.067	0.806	0.816
634  102.982055	-0.3488363	14.608	0.647	0.123	0.382	0.372
556  102.875 	-0.41444	14.137	0.338	0.126	0.196	0.243 
557  102.875	-0.41861	14.780	1.397	1.072	0.755	0.741 
562  102.8791	-0.31638	12.185	0.522	-0.002	0.305	0.303
581  102.9166	-0.42861	14.556	0.238	0.161	0.118	0.244
L4   102.925 	-0.27638	16.332	1.344	1.086	0.936	0.785 
642  102.9958	-0.35916	15.290	0.571	0.318	0.302	0.393
646  103.0125	-0.35500	15.839	1.060	1.426	0.583	0.504
653  103.0208	-0.30527	9.539	-0.004	-0.099	0.009	0.008
650  103.0208	-0.32777	12.271	0.157	0.110	0.080	0.086
652  103.0208	-0.36611	14.817	0.611	0.126	0.276	0.339 
666  103.0416	-0.39277	12.732	0.164	-0.004	0.091	0.108
671  103.05     -0.3	   	13.39  0.968	0.719	0.575	0.494
670  103.05     -0.3152		11.93  1.356	1.313	0.723	0.653
676  103.05833  -0.3163		13.07  1.146	0.666	0.683 	0.673
675  103.05833  -0.3219		13.40  1.909	1.936	1.082	1.002
L5   103.06666  -0.3213		17.80  1.900	-0.100  3.100	2.600
682  103.07083  -0.3222		13.75  0.632	0.098	0.366 	0.352
685  103.07916  -0.3325		11.95  0.463	0.096	0.290	0.280
688  103.07916  -0.3866		12.75  0.293	0.245	0.158	0.180
1082 103.08333  -0.2313		15.01  0.835	-0.001	0.485	0.619
1087 103.0875   -0.2577		14.44  1.595	1.284	0.928	0.882
1102 103.11666  -0.2225		12.11  0.314	0.089	0.193	0.195
1112 103.14583  -0.2502		13.98  0.814	0.286	0.443	0.431
1119 103.15416  -0.2363		11.88  0.551	0.069	0.312	0.299
1124 103.15833  -0.27  		13.71  0.315	0.258	0.173	0.201
1122 103.15833  -0.2786		14.09  0.595	-0.297  0.376	0.442
724  103.15833  -0.3166		11.12  1.104	0.904	0.575	0.527
733  103.16666  -0.2816		12.24  1.285	1.087	0.698	0.650
