# BEGIN CATALOG HEADER 
# catdb sqlcl.query 
# catname dss1@cadc 
# nquery 4 
#     ra 12:12:12.00 hours 
#     dec 10:10:10.0 degrees 
#     radius 5.0 minutes 
#     qsystem J2000.0 INDEF 
# type btext 
# nheader 1 
#     csystem J2000.0 
# nfields 7 
#     objid 1 0 c NDEF %11s 
#     ra 2 0 d degrees %10.5f 
#     dec 3 0 d degrees %10.5f 
#     V 4 0 r INDEF %6.3f 
#     BV 5 0 r INDEF %6.3f 
#     UB 6 0 r INDEF %6.3f 
#     VR 7 0 r INDEF %6.3f 
#     RI 8 0 r INDEF %6.3f 
23651	201.7264	-10.5295	16.28906	1.190937	    9999	0.439063	    0.97
23665	201.7719	-10.7243	16.50308	2.106917	    9999	0.433083	    0.94
23672	201.7856	-10.6895	16.53238	0.577613	    9999	0.612387	     0.9
23677	201.8065	-10.7581	-5267.67	5284.366	    9999	-5282.84	    1.42
23688	201.8273	-10.7424	16.23596	0.754031	    9999	0.225969	    0.78
23696	201.8463	-10.8864	15.70625	0.423741	    9999	0.326259	    0.76
23701	201.8594	-10.7318	15.12758	 0.02242	    9999	 0.50758	    0.75
23706	201.8703	-10.7126	 16.3529	  0.7271	    9999	  0.2929	    0.68
23715	201.9137	-10.7510	14.63631	0.913685	    9999	0.156315	    1.05
23724	201.9501	-10.8812	16.15491	-0.29491	    9999	0.964912	    0.77
23729	201.9657	-10.5124	15.18771	0.442288	    9999	0.407712	    0.47
23734	201.9839	-10.5698	15.84253	0.877466	    9999	0.212534	    0.71
23739	202.0150	-10.5468	15.56408	0.995917	    9999	0.124083	    0.74
23748	202.0513	-10.7708	13.31026	0.349733	    9999	0.180267	    0.72
23755	202.0603	-10.8762	14.10368	0.826317	    9999	-0.17631	     1.0
23760	202.0757	-10.7922	15.93721	0.752783	    9999	0.377217	    0.85
23768	202.0964	-10.8757	15.37775	0.592247	    9999	0.307753	    0.98
23774	202.1225	-10.7300	15.74086	0.739133	    9999	0.070867	    0.67
23781	202.1315	-10.5478	15.33742	0.762576	    9999	0.097424	     0.9
23789	202.1763	-10.8442	-5267.42	5284.039	    9999	-5282.94	    0.68
23794	202.1935	-10.7996	12.18193	0.518066	    9999	-0.23806	    1.12
23800	202.2203	-10.7285	13.20439	1.005606	    9999	0.114394	    0.95
23807	202.2395	-10.5096	12.15993	0.100065	    9999	1.059935	    0.47
23814	202.2659	-10.6783	16.36466	1.165331	    9999	0.254669	    1.03
23823	202.2993	-10.5755	16.35120	1.168792	    9999	0.201208	    0.72
23830	202.3341	-10.8642	11.57637	0.373628	    9999	0.466372	    0.35
23836	202.3511	-10.5697	14.55423	1.005762	    9999	-0.13576	    0.95
23846	202.3758	-10.6052	15.49058	 0.56942	    9999	 0.22058	     0.8
23852	202.3995	-10.6041	15.92188	0.568113	    9999	0.131887	    0.91
23859	202.4123	-10.6997	-2641.23	2655.445	    9999	-2654.78	     1.0
23866	202.4364	-10.6769	15.53416	0.905833	    9999	-0.38583	    0.62
23873	202.4627	-10.8380	12.55910	0.550891	    9999	-0.25089	     0.7
23880	202.4824	-10.6296	13.27893	0.631065	    9999	-0.24106	    0.93
23887	202.4972	-10.8748	14.95278	1.137215	    9999	-0.02721	    0.71
23894	202.5181	-10.6856	16.17212	 0.82788	    9999	 0.04212	    0.54
23899	202.5453	-10.6868	14.70812	 0.61188	    9999	 0.15812	    0.97
23907	202.5804	-10.7538	15.97949	1.330507	    9999	-0.18050	    0.48
23915	202.6128	-10.6701	14.01749	0.442507	    9999	0.027493	    0.74
23925	202.6416	-10.8113	15.47554	0.994453	    9999	0.595547	    0.79
23933	202.6585	-10.7042	15.44069	1.009301	    9999	0.070699	    0.75
22737	201.7322	-10.3168	14.26755	0.742442	    9999	-0.06244	    1.05
22745	201.7596	-10.4419	15.01167	0.658328	    9999	0.101672	    0.72
22757	201.8201	-10.4415	14.81247	0.757525	    9999	0.022475	    0.86
22770	201.8612	-10.3172	13.79312	-1.40312	    9999	-9985.20	       0
22780	201.8878	-10.3565	14.31125	1.508744	    9999	0.511256	    1.93
22794	201.9315	-10.2702	14.27108	 0.57892	    9999	 0.33108	    1.07
22806	201.9755	-10.4920	16.08724	1.022759	    9999	0.117241	    0.64
22815	202.0083	-10.3339	16.27617	0.623828	    9999	0.166172	     0.7
22839	202.0834	-10.3293	16.17396	0.876038	    9999	0.333962	    0.76
22850	202.1236	-10.4788	16.12197	1.298025	    9999	0.131975	    0.91
22863	202.1815	-10.4275	15.99341	0.946587	    9999	0.113413	    0.95
22873	202.2110	-10.4427	14.95752	0.692478	    9999	0.227522	    0.85
22881	202.2407	-10.3664	16.22163	0.428365	    9999	0.461635	    0.63
22890	202.2747	-10.4413	13.43976	0.650232	    9999	0.179768	    0.96
22905	202.3385	-10.4365	15.09823	1.641769	    9999	0.258231	    1.66
22914	202.3878	-10.3116	12.58476	1.135235	    9999	0.084765	    1.36
22920	202.4171	-10.2762	14.86837	1.071629	    9999	0.158371	    1.06
22931	202.4672	-10.3850	14.74421	0.735784	    9999	0.054216	     0.6
22941	202.4880	-10.4267	15.88327	0.346726	    9999	0.483274	    0.63
22949	202.5125	-10.3347	14.69843	1.071561	    9999	0.058439	    0.86
22955	202.5277	-10.4635	15.34472	 1.18528	    9999	-0.19528	    0.54
22964	202.5655	-10.4816	15.84671	1.273281	    9999	0.286719	    0.92
22971	202.6140	-10.3885	15.27686	1.483131	    9999	0.356869	    0.92
22978	202.6302	-10.3848	14.25549	0.794502	    9999	0.045498	    0.84
22988	202.6479	-10.4495	15.79281	0.607182	    9999	0.342818	    0.88
