# BEGIN CATALOG HEADER 
# nfields '+str(nn)+' 
#     id 1 0 c INDEF %15s 
#     ra 2 0 d degrees %10.5f 
#     dec 3 0 d degrees %10.5f 
#     magg  4 0 r INDEF %6.2f 
#     magug 5 0 r INDEF %6.2f 
#     maggr 6 0 r INDEF %6.2f 
#     magri 7 0 r INDEF %6.2f 
#     magrz 8 0 r INDEF %6.2f
# END CATALOG HEADER 
#
587735342651605019  143.02462435  8.44472471  16.263708  0.523422  -1.4743  1.07019  -5.06608
587735342651605014  143.02591221  8.44176866  13.065974  2.0017  0.848466  0.435541  0.256569
587735342651605016  143.03310917  8.44212765  18.931404  0.228041  0.073593  -0.463037  0.15455
587735342651605017  143.02953944  8.44053654  16.181221  0.33198  0.275723  -2.13049  -3.0211
587735342651605020  143.02107867  8.44137177  20.984491  1.18072  0.326959  -0.222973  0.465422
587735342651605021  143.0225687  8.43938494  16.999945  -0.480324  0.318972  -3.54656  3.85319
587735342651605023  143.02127828  8.44006822  22.595402  -1.11123  1.15789  -0.546626  0.838936
587735342651605026  143.03213031  8.44498697  20.898172  0.660874  0.54154  -0.218096  -0.718634
587735342651605027  143.02017544  8.44360659  22.166538  -0.468887  0.820181  0.415294  -0.058405
587735342651605018  143.01673041  8.44591548  21.500151  1.3894  1.65567  0.899102  0.393699
587735342651605052  143.05517223  8.45427382  14.326052  1.1829  0.414881  0.127061  0.03704
587735342651605134  143.01309905  8.4211351  18.512529  1.81561  0.743061  0.243356  0.056727
587735342651605135  143.01115241  8.41977697  21.590254  1.21472  1.39322  0.58774  0.448141
587735342651605209  143.04781873  8.45606674  20.749231  0.929629  1.00186  0.452351  0.197348
587735342651605253  143.00867229  8.46165456  21.06678  0.881086  0.40914  -0.000863  -0.117038
587735342651605304  143.0367064  8.46966563  17.902876  1.43352  0.544592  0.291302  0.104748
587735342651605308  143.04415028  8.47036505  21.437878  0.577009  0.188595  0.565796  0.21879
587735342651605393  143.0191975  8.42177625  21.982903  -0.035937  0.54699  0.303261  0.639671
587735342651605413  143.02547584  8.47316587  22.766565  -0.407591  0.406011  0.132769  -0.028998
587732772649042240  143.01832383  8.40824348  21.905163  0.31245  0.971623  0.329353  0.719547
587732772649042569  143.01172882  8.40927789  22.507675  0.355253  0.453317  0.759385  0.620542
587732772649107603  143.04855699  8.40944372  18.907713  1.78366  1.04034  0.44013  0.402668
587735342651539571  142.98961489  8.43539878  17.422506  2.27104  0.957006  0.367401  0.179906
587735342651539573  142.98880215  8.44923437  17.166132  1.38526  0.529272  0.213593  0.091306
587735342651539666  142.98824807  8.46135765  19.796362  1.36007  0.644451  0.447382  0.111208
587735342651539674  142.99907134  8.41281416  18.809654  1.13018  0.535009  0.388506  0.20495
587735342651539878  142.98977696  8.46769336  20.910833  1.13518  0.778595  0.47616  0.129156
587735342651540069  142.99028521  8.42299684  21.454477  1.38562  1.38271  0.607087  0.453813
587735342651540077  142.99024876  8.44546634  21.532484  0.901625  0.281151  0.253237  -0.144318
587735342651605053  143.05656412  8.45682898  22.885031  -0.286047  2.02104  1.09222  0.24782
587735342651605056  143.05842001  8.43684371  15.547141  1.66074  0.633933  0.209188  0.096033
587735342651605151  143.06203816  8.44320926  18.909365  2.54221  1.45533  0.813536  0.447538
587735342651605195  142.99591264  8.45223787  21.032333  1.78263  0.644039  0.246406  -0.013454
587735342651605210  143.06628409  8.4359101  20.549726  1.39717  0.5911  0.208441  0.104401
587735342651605287  143.01065813  8.41517127  22.371698  -0.344356  1.31545  0.349581  0.590168
587735342651605312  143.06510642  8.45064723  21.081762  0.945151  0.438768  0.125259  -0.068813
587735342651605372  142.99502476  8.46596379  22.420559  0.09248  1.02468  0.322138  0.150385
587735342651605382  143.00901448  8.41943022  22.302433  0.635746  0.880749  0.180843  0.568096
587735342651605404  143.01746639  8.47599893  22.16217  0.093758  0.907512  0.356398  -0.062098
587735342651605414  143.02599418  8.47827034  21.705288  0.905811  0.839258  0.301499  0.49131
587735342651606088  143.05883164  8.46788879  22.183979  -0.228163  0.624723  -0.443758  0.765705
587732772649042104  143.00694783  8.4036961  19.93874  2.85923  1.07598  0.458025  0.370594
587735342651539755  142.98478413  8.45817592  18.091824  1.29739  0.539273  0.390407  0.190949
587735342651539757  142.98292902  8.45991856  21.780296  0.556044  0.748315  0.416079  0.41399
587735342651539870  142.98685526  8.4247493  20.277241  1.04948  0.511254  0.312625  0.121361
587735342651539879  142.99896254  8.40920489  20.334578  0.949564  0.509221  0.120681  -0.126897
587735342651540066  142.98325197  8.42983584  21.674377  0.903452  0.75517  0.378603  0.299515
587735342651540070  142.98416587  8.46445013  22.448595  0.52257  1.0422  0.365572  0.342657
587735342651540507  142.98281641  8.44131991  22.03686  0.232748  -0.457914  0.528586  0.576061
587735342651605083  143.07344694  8.42768594  17.60256  1.30713  0.470766  0.166698  0.089503
587735342651605125  142.99156314  8.48033625  19.33478  1.12065  0.500235  0.171362  0.048792
587735342651605149  143.05282201  8.48568521  19.611704  2.76963  1.3124  0.497751  0.282927
587735342651605205  143.01905453  8.49453759  20.611557  1.21668  0.625893  0.254749  0.233862
587735342651605318  143.0727227  8.43566157  19.667646  1.17497  0.845899  0.324177  0.166328
587735342651605426  143.03280902  8.4944836  22.694109  -0.155333  0.560392  0.555066  0.235193
587735342651605438  143.04272734  8.48842936  22.34288  0.366444  0.66888  0.37872  -0.0173
587735342651605454  143.0585939  8.47976858  22.214447  0.305265  0.294384  0.340387  0.509487
587735342651605696  143.02993953  8.49087281  22.614401  -0.048096  1.03748  -0.031149  -0.035804
