# BEGIN CATALOG HEADER 
# nfields '+str(nn)+' 
#     id 1 0 c INDEF %15s 
#     ra 2 0 d degrees %10.5f 
#     dec 3 0 d degrees %10.5f 
#     magV  4 0 r INDEF %6.2f 
#     magBV 5 0 r INDEF %6.2f 
#     magUB 6 0 r INDEF %6.2f 
#     magVR 7 0 r INDEF %6.2f 
#     magRI 8 0 r INDEF %6.2f 
# END CATALOG HEADER 
#
  1	137.447459   33.0846426     	15.627	0.7665	0.3698	0.5320	0.4588
  2	137.434228   33.0868285     	16.993	0.6613	 0.058	0.3389	0.3822
  3	137.403728   33.0952184     	17.299	0.7333	0.1897	0.4475	0.3792
  4	137.400396   33.0943824     	17.509	0.6285	0.1160	0.3592	0.3343
  5	137.383813   33.0879006     	17.886	1.0852	1.0445	0.6496	0.5583
  6	137.365553   33.0928725     	18.389	0.7566	0.0785	0.4377	 0.429
  7	137.364413   33.1428190     	18.965	1.2477	1.0420	0.7517	0.6603
  8	137.361030   33.1617040     	19.303	0.4965	-0.133	0.2937	0.2657
  9	137.356889   33.1652369     	14.388	0.6355	0.1346	0.3328	0.2908
  10	137.359873   33.1743843     	17.208	0.7637	0.3208	0.3857	0.3593
  11	137.394702   33.1579709     	12.019	0.5192	0.0049	0.2546	0.3203
  12	137.405147   33.1597455     	17.357	0.5420	-0.087	0.2966	0.3596
  13	137.415639   33.1664243     	18.605	1.1693	1.2432	0.7015	0.6542
  14	137.419728   33.1384844     	13.234	0.4502	-0.084	0.3375	0.2728
  15	137.439358   33.1254339     	18.273	1.4747	1.1045	1.0011	1.1844
  16	137.417712   33.1115356     	20.389	1.2047	-0.293	0.1408	0.6192
  17	137.416144   33.1140747     	20.035	0.5674	-0.080	0.3494	0.4469
  18	137.408388   33.1465295     	20.447	1.5033	0.4322	0.9955	1.5005
  19	137.395969   33.1435957     	20.586	0.5032	-0.116	0.2735	0.2622
  20	137.367212   33.1394790     	20.346	 1.506	  0.85	1.0584	1.3374
  21	137.329159   33.1415448     	17.162	0.5606	-0.272	0.2167	0.3384
  22	137.349002   33.1656091     	19.492	1.5367	1.0562	0.9548	1.2946
  23	137.423560   33.1896642     	15.737	1.0471	 1.151	0.7154	0.4768
