# BEGIN CATALOG HEADER 
# nfields '+str(nn)+' 
#     id 1 0 c INDEF %15s 
#     ra 2 0 d degrees %10.5f 
#     dec 3 0 d degrees %10.5f 
#     magV  4 0 r INDEF %6.2f 
#     magBV 5 0 r INDEF %6.2f 
#     magUB 6 0 r INDEF %6.2f 
#     magVR 7 0 r INDEF %6.2f 
#     magRI 8 0 r INDEF %6.2f 
# END CATALOG HEADER 
#
1	190.23995	-40.98956	 13.60	 18.40	 -4.80	  no	   0.0
2	190.25530	-40.95331	 18.10	 16.40	  1.70	  no	   0.0
3	190.21072	-40.95017	 14.00	 12.90	  1.10	 yes	   0.0
4	190.19738	-40.96554	 15.50	 14.20	  1.30	  no	   0.0
5A	190.21920	-40.94528	 V	 BV	  UB	  VR	   RI
6	190.19837	-40.97844	 17.60	 15.50	  2.10	  no	   0.0
7	190.24495	-40.99513	 16.80	 14.70	  2.10	  no	   0.0
8	190.24040	-40.94246	 17.10	 15.50	  1.60	  no	   0.0
9	190.26797	-40.95885	 17.80	 16.10	  1.70	  no	   0.0
10	190.24727	-40.94265	 18.90	 17.20	  1.70	  no	   0.0
11	190.26506	-40.99614	 18.40	 16.30	  2.10	  no	   0.0
12	190.20611	-40.93871	 18.90	 17.50	  1.40	  no	   0.0
13	190.26877	-40.94379	 18.70	 17.30	  1.40	  no	   0.0
14	190.18151	-40.98116	 17.10	 16.10	  1.00	  no	   0.0
15	190.27479	-40.99288	 14.00	 12.60	  1.40	 yes	   0.0
16	190.28347	-40.96075	 18.10	 17.40	  0.70	  no	   0.0
17	190.26518	-41.00318	 17.80	 16.50	  1.30	  no	   0.0
18	190.26146	-40.93411	 15.30	 14.20	  1.10	  no	   0.0
19	190.24976	-40.88856	 12.60	 11.30	  1.30	 yes	   0.0
20	190.23086	-41.01239	 18.90	 18.30	  0.60	  no	   0.0
21	190.23652	-40.92721	 18.10	 16.50	  1.60	  no	   0.0
22	190.28033	-40.99466	 16.10	 14.20	  1.90	  no	   0.0
23	190.24447	-40.92642	 16.50	 14.70	  1.80	  no	   0.0
24	190.24816	-41.01362	 14.40	 12.30	  2.10	 yes	   0.0
25	190.17505	-40.95296	 18.60	 17.30	  1.30	  no	   0.0
26	190.27647	-41.00204	 14.40	 12.40	  2.00	 yes	   0.0
27	190.17263	-40.95407	 18.40	 17.00	  1.40	  no	   0.0
28	190.29447	-40.95725	 14.60	 12.40	  2.20	 yes	   0.0
29A	190.24437	-41.02249	 18.10	 16.50	  1.60	  no	   0.0
30A	190.17761	-41.00625	 16.80	 15.70	  1.10	  no	   0.0
31A	190.22520	-41.02448	 15.00	 13.60	  1.40	 yes	   0.0
32A	190.19283	-40.92157	 17.40	 16.40	  1.00	  no	   0.0
33A	190.18704	-40.92364	 13.70	 10.90	  2.80	 yes	   0.0
34A	190.15584	-40.97736	 17.40	 14.00	  3.40	  no	   0.0
35B	190.30982	-40.96049	 14.00	 12.90	  1.10	 yes	   0.0
36B	190.15338	-40.98365	 15.30	 99.90	-84.60	 yes	   0.0
37B	190.31181	-40.95764	 19.20	 17.50	  1.70	  no	   0.0
38B	190.29477	-41.01095	 17.30	 15.40	  1.90	  no	   0.0
39	190.31098	-40.94935	 12.40	 11.30	  1.10	 yes	   0.0
40	190.19022	-40.91502	 19.20	 17.90	  1.30	  no	   0.0
41	190.21484	-41.03240	 16.90	 15.30	  1.60	  no	   0.0
42	190.27469	-40.91493	 17.90	 16.40	  1.50	  no	   0.0
43	190.20176	-40.89053	 16.00	 15.10	  0.90	  no	   0.0
44	190.21661	-41.03569	 17.10	 15.40	  1.70	  no	   0.0
45	190.31778	-40.95339	 15.00	 13.90	  1.10	 yes	   0.0
46	190.30035	-40.92185	 16.10	 14.50	  1.60	  no	   0.0
47	190.31557	-40.93835	 17.80	 16.10	  1.70	  no	   0.0
48	190.15055	-40.93452	 17.30	 16.10	  1.20	  no	   0.0
50	190.31213	-40.93268	 14.60	 12.90	  1.70	 yes	   0.0
51	190.13207	-40.94643	 16.60	 15.10	  1.50	  no	   0.0
52	190.14939	-40.92057	 12.70	 11.40	  1.30	 yes	   0.0
53	190.33016	-40.94138	 17.60	 16.70	  0.90	  no	   0.0
54	190.20502	-41.04713	  9.80	  9.00	  0.80	 yes	   0.0
55	190.12498	-40.97667	 16.50	 14.50	  2.00	  no	   0.0
56	190.12614	-40.95392	 14.10	 13.50	  0.60	 yes	   0.0
57	190.12640	-40.95218	 16.00	 15.50	  0.50	  no	   0.0
58	190.19456	-40.89321	 10.10	  9.60	  0.50 	 yes	   0.0
