# BEGIN CATALOG HEADER 
# nfields '+str(nn)+' 
#     id 1 0 c INDEF %15s 
#     ra 2 0 d degrees %10.5f 
#     dec 3 0 d degrees %10.5f 
#     magV  4 0 r INDEF %6.2f 
#     magBV 5 0 r INDEF %6.2f 
#     magUB 6 0 r INDEF %6.2f 
#     magVR 7 0 r INDEF %6.2f 
#     magRI 8 0 r INDEF %6.2f 
# END CATALOG HEADER 
#
  1	137.447459   33.0846426     	 15.68	0.7423	0.3889	0.6325	0.4192
  2	137.434228   33.0868285     	16.977	0.6754	0.0467	0.3302	0.3729
  3	137.403728   33.0952184     	17.254	0.7597	0.1844	0.4157	0.4290
  4	137.400396   33.0943824     	17.485	0.6722	0.0894	0.3461	0.3544
  5	137.383813   33.0879006     	17.870	1.1086	1.0650	0.6296	0.5616
  6	137.365553   33.0928725     	18.365	0.7561	0.0963	0.4210	0.4181
  7	137.364413   33.1428190     	18.986	1.2266	1.0615	0.7407	0.6549
  8	137.361030   33.1617040     	19.335	0.4971	-0.121	 0.274	0.3301
  9	137.356889   33.1652369     	14.342	 0.744	0.1088	0.2432	 0.333
  10	137.359873   33.1743843     	17.198	0.7798	0.3077	0.3698	0.3966
  11	137.394702   33.1579709     	11.755	 0.764	0.0525	 0.373	 0.069
  12	137.405147   33.1597455     	17.354	 0.543	-0.034	0.2861	0.3755
  13	137.415639   33.1664243     	18.602	1.1855	1.2455	0.7200	0.6985
  14	137.419728   33.1384844     	13.210	0.4450	-0.029	0.3264	0.2420
  15	137.439358   33.1254339     	18.155	1.5765	1.0842	0.9091	1.1577
  16	137.417712   33.1115356     	20.633	0.9244	-0.274	0.4521	0.6435
  17	137.416144   33.1140747     	20.005	0.6018	-0.084	  0.35	0.3880
  18	137.408388   33.1465295     	20.458	1.5269	0.3977	1.0078	1.5287
  19	137.395969   33.1435957     	20.617	0.5422	-0.239	0.3054	0.2755
  20	137.367212   33.1394790     	20.343	1.4755	0.8836	0.9988	1.4148
  21	137.329159   33.1415448     	17.171	0.5325	-0.289	0.2413	0.2528
  22	137.349002   33.1656091     	19.542	1.4809	1.1813	1.0017	1.2471
  23	137.423560   33.1896642     	15.704	 1.168	 1.128	 0.695	 0.458
