# BEGIN CATALOG HEADER 
# nfields '+str(nn)+' 
#     id 1 0 c INDEF %15s 
#     ra 2 0 d degrees %10.5f 
#     dec 3 0 d degrees %10.5f 
#     magV  4 0 r INDEF %6.2f 
#     magBV 5 0 r INDEF %6.2f 
#     magUB 6 0 r INDEF %6.2f 
#     magVR 7 0 r INDEF %6.2f 
#     magRI 8 0 r INDEF %6.2f 
# END CATALOG HEADER 
#
  1	162.117192   12.5405129     	17.677	0.8961	0.8871	 0.634	0.4636
  2	162.117779   12.5296912     	15.870	0.7940	 0.564	 0.541	0.4254
  3	162.116123   12.5192552     	15.710	0.8064	0.2437	0.5186	0.4938
  4	162.140220   12.5266070     	19.284	1.4316	-1.462	0.9836	1.0195
  5	162.091206   12.4922343     	17.017	 0.759	 0.511	 0.466	 0.362
  6	162.081510   12.5125398     	17.748	1.2844	1.0746	0.8812	0.7188
  7	162.089862   12.5631706     	16.802	0.5920	 0.143	0.3932	0.3195
  8	162.095239   12.5758617     	16.886	 1.149	 0.911	 0.786	 0.598
  9	162.131629   12.5719778     	14.283	0.6393	 0.234	 0.417	0.3142
  10	162.124893   12.5743140     	18.821	 0.277	-0.702	-0.319	 0.524
  11	162.147693   12.5853597     	     0	     0	     0	     0	     0
  12	162.158169   12.5739388     	     0	     0	     0	     0	     0
  13	162.090667   12.5577145     	19.418	1.2255	 1.087	0.9275	0.7363
  14	162.136813   12.4824712     	     0	     0	     0	     0	     0
