# BEGIN CATALOG HEADER 
# nfields '+str(nn)+' 
#     id 1 0 c INDEF %15s 
#     ra 2 0 d degrees %10.5f 
#     dec 3 0 d degrees %10.5f 
#     magV  4 0 r INDEF %6.2f 
#     magBV 5 0 r INDEF %6.2f 
#     magUB 6 0 r INDEF %6.2f 
#     magVR 7 0 r INDEF %6.2f 
#     magRI 8 0 r INDEF %6.2f 
# END CATALOG HEADER 
#
  1	346.253341   12.2660823     	15.275	 2.885	 9999	0.4315	0.4165
  2	346.242155   12.2993287     	15.875	0.8203	0.3586	0.4797	0.4468
  3	346.159600   12.2889407     	16.029	0.6835	 9999	0.4263	0.3936
  4	346.154433   12.2927586     	15.122	0.6946	 9999	 0.396	0.3986
  5	346.184620   12.3112477     	17.052	1.0190	0.6577	0.6358	0.5251
  6	346.184264   12.3231327     	16.812	0.8453	0.3671	0.5321	0.4834
  7	346.203553   12.3263250     	16.513	0.6835	0.0220	0.3946	0.4173
  8	346.176660   12.3815884     	17.088	1.5755	 9999	0.6198	0.6101
  9	346.193617   12.3814141     	14.854	1.1695	 9999	0.5283	0.4841
  10	346.188967   12.3932240     	14.106	1.8272	 9999	0.3835	0.4327
  11	346.234674   12.3951955     	17.345	 1.273	 9999	0.8846	0.8603
  12	346.242184   12.4080376     	 14.62	 0.756	 9999	 0.375	 0.425
  13	346.258594   12.3681518     	16.988	1.0189	0.8925	0.6248	0.5429
  14	346.257817   12.3519627     	16.182	1.1961	1.1164	0.7581	0.5978
  15	346.293045   12.3424299     	15.441	 1.274	 9999	 0.691	 0.587
  16	346.271562   12.3192227     	16.881	1.7505	 9999	0.7585	0.8133
  17	346.224348   12.3168978     	14.474	1.0534	0.4625	0.4930	0.4353
  18    346.246758   12.3274203		18.708	1.5158	 9999	1.0325	1.7095
  19    346.237423   12.3442481		13.434	0.9652	0.1567	0.5008	0.5083
  20    346.226787   12.3362020		15.950	1.0362	0.7607	0.6622	0.5870
  21    346.224242   12.3497138		18.930	0.9921	0.4306	0.6920	0.5521
