# BEGIN CATALOG HEADER 
# nfields '+str(nn)+' 
#     id 1 0 c INDEF %15s 
#     ra 2 0 d degrees %10.5f 
#     dec 3 0 d degrees %10.5f 
#     magV  4 0 r INDEF %6.2f 
#     magBV 5 0 r INDEF %6.2f 
#     magUB 6 0 r INDEF %6.2f 
#     magVR 7 0 r INDEF %6.2f 
#     magRI 8 0 r INDEF %6.2f 
# END CATALOG HEADER 
#
  1	346.253341   12.2660823     	15.275	0.7791	0.3115	0.4313	0.4166
  2	346.242155   12.2993287     	15.881	0.8368	0.3349	0.4746	0.4588
  3	346.159600   12.2889407     	16.029	0.6833	-16.71	0.4265	0.3935
  4	346.154433   12.2927586     	15.139	0.7905	 0.267	0.4132	0.3942
  5	346.184620   12.3112477     	17.048	1.0141	0.7430	0.6282	0.5257
  6	346.184264   12.3231327     	16.812	0.8424	0.2360	0.5315	 0.478
  7	346.203553   12.3263250     	16.509	0.6863	-0.009	0.3850	0.4236
  8	346.176660   12.3815884     	17.088	1.5755	-18.66	  0.62	0.6675
  9	346.193617   12.3814141     	14.848	 1.006	 0.406	0.5076	0.4988
  10	346.188967   12.3932240     	14.053	0.6835	0.1095	 0.405	 0.413
  11	346.234674   12.3951955     	17.345	 1.273	-18.61	0.8847	0.8602
  12	346.242184   12.4080376     	 14.62	 0.756	 0.064	 0.375	 0.425
  13	346.258594   12.3681518     	16.973	1.0484	1.0295	0.6217	0.5310
  14	346.257817   12.3519627     	16.185	1.1999	1.1912	0.7617	0.5976
  15	346.293045   12.3424299     	15.441	 1.274	-16.71	 0.691	 0.587
  16	346.271562   12.3192227     	16.881	1.5375	 1.523	0.7845	0.7875
  17	346.224348   12.3168978     	14.457	0.9144	0.5949	0.5100	0.4167
  18    346.246758   12.3274203		18.708	1.4786	-0.516	1.0069	1.7461
  19    346.237423   12.3442481		13.421	0.8826	0.2526	0.4945	0.5013
  20    346.226787   12.3362020		15.945	1.0462	0.7644	0.6592	0.5862
  21    346.224242   12.3497138		18.941	0.9649	0.4465	0.7069	0.5594
