# BEGIN CATALOG HEADER 
# catdb sqlcl.query 
# catname dss1@cadc 
# nquery 4 
#     ra 12:12:12.00 hours 
#     dec 10:10:10.0 degrees 
#     radius 5.0 minutes 
#     qsystem J2000.0 INDEF 
# type btext 
# nheader 1 
#     csystem J2000.0 
# nfields 7 
#     objid 1 0 c NDEF %11s 
#     ra 2 0 d degrees %10.5f 
#     dec 3 0 d degrees %10.5f 
#     r 4 0 r INDEF %6.3f 
#     gr 5 0 r INDEF %6.3f 
#     ug 6 0 r INDEF %6.3f 
#     ri 7 0 r INDEF %6.3f 
#     iz 8 0 r INDEF %6.3f 
4965	188.8370	27.07350	18.95205	1.350598	2.292366	1.188684	0.645558
0335	188.8642	27.09206	14.76154	0.553063	1.524131	0.227528	 0.06977
0321	188.8417	27.09079	19.65048	0.081177	0.280492	0.223175	0.047531
0324	188.8410	27.03848	13.01554	0.866981	1.579709	 0.15821	-0.33553
0437	188.8961	27.08237	19.47320	1.183527	2.240594	 0.45192	0.291718
0510	188.8994	27.08175	19.84516	1.368885	2.422516	1.049524	0.594626
4847	188.8276	27.05128	15.40383	0.743421	1.963276	0.288621	0.133841
4852	188.8336	27.03931	19.86985	1.416414	2.132027	1.621605	0.935894
4838	188.7916	27.04864	15.97992	0.616762	1.567341	0.285969	0.122824
4840	188.7983	27.07595	18.36934	0.252426	1.023132	 0.09162	0.013962
4844	188.8266	27.13094	17.56247	0.268189	0.986187	0.118618	-0.00401
4943	188.7844	27.04878	18.56700	 1.31698	3.013026	0.741898	0.400751
4945	188.7877	27.02928	19.56150	0.696604	1.243851	0.276744	0.128254
4963	188.8254	27.13463	19.20163	1.395264	3.081821	0.729219	0.372255
5012	188.7854	27.07704	19.87715	1.318836	1.855203	1.410416	0.776623
0421	188.8523	27.13974	18.39794	1.410759	2.249534	0.896716	0.460624
0424	188.8725	27.12538	19.33003	0.569205	1.167989	0.260337	0.100054
0428	188.8810	27.14317	17.12801	 1.27059	2.620328	0.546986	 0.26951
0441	188.9034	27.11037	18.06956	1.336418	2.707026	1.202026	0.597041
1797	188.8672	26.99080	18.75864	 0.08577	0.182907	0.106699	0.025036
1860	188.8194	27.01522	19.70131	 0.67379	1.279894	0.184309	0.124113
1872	188.8556	27.01242	17.82603	1.456289	2.584661	0.675189	0.377136
7420	188.8902	26.99225	19.65517	1.447392	1.589264	1.259134	0.651055
4820	188.7599	27.05844	17.08799	0.636659	 1.57267	0.154442	0.073914
4824	188.7639	27.07741	16.90955	0.667848	1.750634	0.336382	0.046313
4828	188.7694	27.08462	16.55361	0.170763	1.031756	0.045511	-0.06038
4842	188.8269	27.15304	15.35796	0.502653	1.410321	0.198287	-0.00146
4900	188.7440	27.04902	19.65132	1.321604	2.700611	0.970979	0.492684
4909	188.7514	27.10376	18.92814	0.362456	0.924045	0.119911	0.014585
4957	188.8194	27.16344	19.01129	1.337633	2.578565	1.363818	0.670581
0373	188.9572	27.05379	14.95457	0.397501	1.211461	0.127657	-0.00393
0374	188.9612	27.05088	13.81621	1.265943	2.285652	-1.64514	2.394891
0375	188.9530	27.05660	15.34612	0.437942	1.291124	0.155651	0.016398
0376	188.9639	27.05849	15.63937	0.805153	1.938866	0.289235	0.112738
0387	188.9586	27.06664	14.77176	0.950795	 2.37172	0.332735	0.139812
0419	188.8476	27.16625	19.35976	1.348259	2.151178	0.940455	0.476965
0423	188.8661	27.15872	18.59103	1.338606	2.718468	0.669937	0.346958
0462	188.9495	27.10473	19.60107	1.337866	2.148865	 0.59931	0.345112
0468	188.9629	27.10424	17.74851	1.319868	 2.55082	0.950207	0.507667
0523	188.9373	27.13358	19.88237	 1.34885	2.365725	0.923706	0.488533
1775	188.7697	26.99172	17.74074	0.466896	1.078718	0.150029	0.072855
1784	188.8241	26.97791	15.03063	1.129108	2.311283	0.401313	0.230314
1851	188.8073	27.00538	19.18674	1.514711	3.116963	1.310614	0.717611
7338	188.8679	26.96514	19.81678	0.349865	1.027958	0.092102	0.121531
7343	188.8844	26.99012	19.45154	0.756105	1.472361	0.274033	0.139379
7363	188.9177	26.98552	16.00120	1.234978	2.578796	0.474919	0.237438
7368	188.9292	26.99828	17.99443	1.251229	2.243194	0.444179	0.298676
4805	188.7114	27.05932	14.44344	0.413195	1.246654	0.182561	0.000261
4806	188.7114	27.05962	16.41025	1.600823	1.358536	-7.95295	1.530121
4815	188.7439	27.16706	15.94350	0.344665	1.018999	0.136306	0.013391
4830	188.7735	27.19073	17.83320	0.347819	 1.05989	0.117557	0.021504
4833	188.7903	27.19904	17.65318	0.294878	 0.96841	0.111031	-0.01222
4845	188.8317	27.22163	18.24327	0.241563	0.905503	0.068056	0.031853
4885	188.7009	27.12719	19.49820	0.257182	1.050397	0.142973	-0.15831
4886	188.7011	27.08622	19.95018	0.198492	 0.98391	0.065436	0.044483
4892	188.7194	27.07109	18.66297	0.517388	1.261995	0.229763	0.081913
4895	188.7258	27.07492	19.20306	0.253163	0.943351	0.112818	-0.03363
4915	188.7576	27.18161	18.09528	1.346543	2.954248	0.725275	0.373907
4919	188.7616	27.16021	19.98741	1.067836	2.333975	0.406243	0.129183
4932	188.7781	27.17043	18.50632	1.442146	2.606632	0.819838	0.443491
4941	188.7882	27.17677	18.72896	1.373033	2.255139	 1.08016	 0.53534
4947	188.7941	27.16273	18.94048	1.387371	2.942867	1.462374	0.741968
4954	188.8186	27.21978	18.50424	0.673136	1.484693	0.292029	0.083944
5026	188.8381	27.18886	19.91068	1.441272	 1.85772	0.761393	0.453752
0347	188.9122	27.19300	15.08176	0.440264	1.255216	0.152842	 0.03711
0350	188.9225	27.21441	11.77084	1.046422	2.849441	0.278006	-1.93407
0415	188.9915	27.11664	16.87928	0.686091	1.959735	0.201235	0.104246
0422	188.8553	27.22047	19.63016	0.672976	 1.61001	0.265825	-0.00070
0439	188.9018	27.18554	19.50305	0.373352	0.939514	 0.16412	 0.05163
0452	188.9326	27.20743	18.88082	0.376951	0.976967	0.140043	-0.04813
0456	188.9385	27.21094	17.10859	1.403732	2.683569	1.077421	0.573163
0464	188.9597	27.19587	17.76607	0.949198	2.238474	0.336372	0.193567
0465	188.9584	27.15121	18.32350	0.579284	1.552225	0.253777	0.130636
0466	188.9606	27.14138	19.45622	0.243076	0.846455	0.098675	-0.04993
0484	188.9946	27.14235	18.91636	0.189899	0.822319	0.049116	-0.01971
0490	189.0075	27.04973	17.32701	 1.46599	2.463423	0.934492	0.478802
0502	188.8689	27.20647	19.75771	 1.40919	2.026472	1.148386	0.606834
5871	189.0332	27.07160	19.61611	-0.33247	0.260808	-0.35300	-0.16243
5952	189.0164	27.04516	18.03836	1.137692	2.567955	 0.47071	0.264305
1725	188.7078	27.01142	15.50402	  0.6205	1.414593	0.218593	0.112051
1773	188.7555	26.98652	17.57154	0.297102	0.908437	0.102537	0.030028
1786	188.8315	26.91582	16.36828	0.394571	1.097134	0.130449	0.021946
1816	188.7353	27.01688	17.39779	1.463333	2.414757	1.223843	0.683552
1823	188.7552	26.96814	18.97011	0.385885	0.828924	0.138615	0.158733
1824	188.7694	26.96475	18.12506	1.317261	2.403377	0.603024	0.362043
1825	188.7764	26.94198	18.49724	1.481752	2.095764	 0.77953	0.405266
1835	188.7886	26.95484	19.09595	1.007752	1.914335	0.382078	0.195931
1837	188.7971	26.93123	19.12916	0.392906	0.916557	0.099469	0.159017
1852	188.8113	26.95976	19.95892	0.255114	0.696629	0.076797	0.038838
1859	188.8160	26.93082	19.67036	0.264611	0.656402	-0.03652	0.267498
1862	188.8324	26.92275	18.70928	0.663267	1.438864	  0.2262	0.128529
1863	188.8334	26.93631	19.17105	1.508667	2.177625	0.827915	0.483435
1868	188.8432	26.94955	18.68726	1.431153	 2.64028	0.990293	0.563381
1870	188.8464	26.92523	18.97565	0.259936	1.020183	 0.08105	0.045132
7243	188.8751	26.94831	15.96680	0.423146	 1.28025	0.143173	0.036754
7288	188.9600	26.94975	13.43950	0.649949	1.102171	0.194058	0.068382
7289	188.9597	26.94969	16.16461	8.922468	-0.67000	-8.17871	1.533987
7351	188.9086	26.93798	17.11942	1.446525	2.627573	0.735747	0.402762
7370	188.9311	26.93928	18.98136	1.568384	2.136709	1.667534	0.918918
7372	188.9508	26.95130	18.49453	0.968674	2.067196	0.375925	0.208605
7378	188.9600	26.97036	19.16632	0.309555	0.938434	0.139391	 0.01264
7380	188.9643	26.93939	19.83467	0.408403	0.814276	0.140984	0.193815
7382	188.9836	27.00894	18.02723	1.348156	2.677174	1.163504	0.594347
7392	189.0035	27.00821	18.43887	1.508375	3.048064	1.071418	0.586422
7405	189.0144	26.99381	18.53534	1.019919	 2.54529	0.392641	0.236393
7407	189.0247	27.01495	18.66558	0.560677	1.325743	0.233984	0.125898
4799	188.6850	27.03658	15.21668	0.549472	1.522314	0.172946	  0.0295
4817	188.7469	27.19168	15.63054	1.461723	 2.65815	1.071368	0.532243
4866	188.6809	27.09749	19.44058	1.181021	2.488657	0.578117	0.260634
4883	188.6941	27.12310	19.87278	1.485448	2.267003	1.424488	0.752701
6261	188.6851	27.01910	16.72647	0.433389	 1.26346	  0.1479	0.089146
6367	188.6967	27.00895	16.85934	1.175104	2.609033	0.440911	0.261581
1794	188.8633	26.90607	14.78701	0.259624	0.888191	 0.11225	-0.01355
1839	188.7975	26.91286	17.89232	1.080473	2.230915	0.396318	0.242438
1850	188.8007	26.91631	18.43902	0.419371	0.942003	0.194549	0.083703
7245	188.9013	26.91069	16.21005	0.648634	1.701342	0.231667	0.102931
