# BEGIN CATALOG HEADER 
# nfields 22 
#     id 1 0 c INDEF %15s 
#     ra 2 0 d degrees %10.5f 
#     dec 3 0 d degrees %10.5f 
#     magV  4 0 r INDEF %6.2f 
#     magBV 5 0 r INDEF %6.2f 
#     magUB 6 0 r INDEF %6.2f 
#     magVR 7 0 r INDEF %6.2f 
#     magRI 8 0 r INDEF %6.2f 
# END CATALOG HEADER 
#
  1	194.205515   22.3826255     	20.539	1.7476	-1.464	0.9244	1.5122	
  2	194.212854   22.3977666     	16.423	0.8496	0.4615	0.5238	0.4444	
  3	194.232178   22.4071411     	18.665	0.5108	-0.126	0.3562	0.4077	
  4	194.265391   22.3927478     	17.904	0.5124	-0.139	0.3342	0.2953	
  5	194.275970   22.3860694     	16.744	0.9422	0.5291	0.5878	0.4916	
  6	194.240190   22.4192415     	19.031	0.8512	0.6258	 0.676	0.6296	
  7	194.194749   22.4128803     	20.164	2.8031	0.4255	0.7798	1.3731	
  9	194.191477   22.3757335     	20.234	 0.753	-0.979	-0.215	0.5246	
  10	194.169806   22.3575583     	19.542	0.1216	-0.815	0.2995	 0.511	
  11	194.246900   22.3214258     	17.623	0.4565	-0.272	0.3205	0.3045	
  12	194.154667   22.3811099     	17.791	1.1058	0.8616	0.6945	0.5535	
  13	194.147805   22.3513020     	18.920	1.1475	  1.44	 1.104	1.2125	
  14	194.199645   22.4486278     	18.164	 1.313	 9999	 0.921	 0.934	
  16	194.237415   22.3929528     	21.181	1.4428	-1.898	0.5003	1.7377	
  17	194.258400   22.3711372     	20.550	0.7433	0.1375	0.4868	0.5164	
  18	194.183460   22.3580670     	20.379	1.6885	-1.402	 0.527	 1.413	
  19	194.162886   22.3510353     	20.398	  1.22	-1.166	1.1355	1.2491	
  20	194.152072   22.3287585     	18.229	1.0035	0.6235	 0.585	  0.57	
