# BEGIN CATALOG HEADER 
# nfields 17 
#     id 1 0 c INDEF %15s 
#     ra 2 0 d degrees %10.5f 
#     dec 3 0 d degrees %10.5f 
#     magV  4 0 r INDEF %6.2f 
#     magBV 5 0 r INDEF %6.2f 
#     magUB 6 0 r INDEF %6.2f 
#     magVR 7 0 r INDEF %6.2f 
#     magRI 8 0 r INDEF %6.2f 
# END CATALOG HEADER 
#
  1	100.655213   -27.464331     	16.903	 0.599	 0.157	 0.361	 0.304
  2	100.654853   -27.466899     	16.243	 1.018	 1.013	 0.603	  0.44
  3	100.652881   -27.469460     	 16.59	 0.735	 0.318	 0.448	 0.325
  4	100.666637   -27.438956     	 16.63	 0.879	 0.704	 0.524	 0.451
  5	100.664574   -27.434432     	17.197	 0.662	 0.251	 0.371	 0.377
  6	100.656867   -27.428484     	17.302	 0.554	 0.224	 0.379	 1.127
  7	100.674900   -27.426869     	17.872	 0.987	 1.007	 0.577	 0.523
  8	100.680888   -27.442133     	17.634	  0.49	 0.184	 0.354	 0.263
  9	100.690476   -27.451828     	18.221	  1.64	 1.469	 1.584	 1.575
  10	100.698014   -27.438394     	17.145	 0.717	 0.407	 0.411	 0.409
  11	100.690476   -27.451827     	 9999	  9999	 9999	 9999	 9999
  12	100.684804   -27.464944     	16.221	 0.606	 0.207	 0.351	 0.283
  13	100.689752   -27.474961     	17.906	 0.539	 0.195	 0.363	 0.251
  14	100.699043   -27.464150     	19.053	 1.326	 0.964	 0.717	 0.635
  15	100.703317   -27.461548     	19.071	 0.624	 0.152	 0.414	 0.372
  16	100.692629   -27.421527     	 18.82	 0.722	 0.152	 0.364	 0.758
  17	100.709106   -27.477069     	18.233	 0.781	 0.405	  0.48	 0.334
