# BEGIN CATALOG HEADER
# nfields 8
#     id 1 0 c INDEF %15s
#     ra 2 0 d degrees %10.5f
#     dec 3 0 d degrees %10.5f
#     magV  4 0 r INDEF %6.2f
#     magBV 5 0 r INDEF %6.2f
#     magUB 6 0 r INDEF %6.2f
#     magVR 7 0 r INDEF %6.2f
#     magRI 8 0 r INDEF %6.2f
# END CATALOG HEADER
#
 377	 40.6762	 -0.0601537	 18.014 	 1.49008	 1.22768	 1.00474	 1.10955
 021	 40.6329	 -0.0697059	 19.4467	 1.43979	 0.702487	 1.01278	 1.21259
 884	 40.6134	 -0.0435267	 15.041 	 -0.248281	 0.241234	 -0.326034	 -0.537496	
 890	 40.598 	 -0.0216214	 18.4948	 1.50764	 1.76337	 1.14295	 1.53023	
 910	 40.6148	 -0.0116292	 18.475 	 1.00567	 0.549007	 0.603975	 0.553642	
 889	 40.6148	 -0.0130286	 17.4058	 1.19998	 0.857918	 0.748215	 0.723141
 885	 40.6362	 -0.00648378	 16.2444	 1.10314	 1.09749	 0.676689	 0.639823	
 814	 40.5844	 0.00919397	 18.5274	 0.723666	 0.230299	 0.441276	 0.458686	
 827	 40.5983	 0.015342	 17.5844	 1.44148	 1.17697	 1.08679	 1.44967	
 770	 40.6587	 0.012328	 19.2978	 1.50453	 1.94121	 0.919238	 0.81051	
 774	 40.6738	 0.0226599	 18.9099	 0.630203	 -0.026836	 0.379085	 0.40044	
 765	 40.6869	 0.0155884	 16.3582	 0.535135	 -0.0613822	 0.320504	 0.356341	
 768	 40.6714	 0.0312082	 19.4063	 1.96022	 1.11976	 1.26115	 1.21983	
 887	 40.6603	 -0.0288795	 17.3413	 1.3904 	 4.19394	 0.845086	 0.74519	
 831	 40.6111	 0.0388313	 17.7914	 1.27377	 1.05747	 0.780526	 0.714755	
 846	 40.6546	 0.0641435	 18.6969	 0.986834	 0.686599	 0.588487	 0.532335	
 821	 40.5955	 0.073207	 19.0128	 1.45986	 1.20446	 0.976171	 1.0633	
 353	 40.5841	 0.0773479	 16.8709	 0.664504	 0.100366	 0.391547	 0.38826	
 753	 40.6324	 0.0637065	 17.5624	 0.49955	 -0.159186	 0.295286	 0.329177	
 766	 40.681 	 0.0513532	 17.1487	 1.14381	 0.464595	 0.670373	 0.557084	
 807	 40.6902	 0.0517239	 13.0803	 0.534948	 0.0540812	 0.309497	 0.320981	
 838	 40.6357	 0.0829838	 17.7025	 1.10865	 0.953047	 0.647356	 0.536394	
 769	 40.6985	 0.0379209	 21.5387	 5.64219	 -1.20665	 3.12022	 1.60076	
 039	 40.7238	 0.0352806	 17.4725	 1.4424 	 1.27214	 0.90428	 0.857232	
 871	 40.7153	 0.0612414	 17.1937	 1.49295	 1.12235	 0.980142	 1.02548	
 866	 40.6992	 0.0715125	 19.1109	 1.19217	 1.17757	 0.727141	 0.666854	
 349	  40.73 	 -0.00284217	 19.0698	 0.74407	 0.188772	 0.442062	 0.429981	
 347	 40.738 	 -0.0258575	 16.5804	 -2.99087	 0.167189	 0.0348186	 4.8318	
 370	 40.6835	 -0.0221624	 17.2391	 1.35708	 4.31588	 0.816517	 0.703707	
 041	 40.7247	 0.00711843	 18.2858	 1.33717	 1.06583	 0.797608	 0.672958	
 368	 40.6916	 -0.023263	 13.7141	 -3.8657	 1.65358	 -1.79853	 0.234573	
 401	 40.6817	 -0.0075515	 18.0541	 0.308559	 -0.74687	 0.180711	 0.25067	
 348	 40.7266	 -0.0543148	 15.5001	 -1.32056	 0.200565	 -0.78595	 -0.384531	
 538	 40.7334	 -0.0810302	 17.6167	 0.971885	 0.751947	 0.578545	 0.523036	