# BEGIN CATALOG HEADER 
# nfields 22 
#     id 1 0 c INDEF %15s 
#     ra 2 0 d degrees %10.5f 
#     dec 3 0 d degrees %10.5f 
#     magV  4 0 r INDEF %6.2f 
#     magBV 5 0 r INDEF %6.2f 
#     magUB 6 0 r INDEF %6.2f 
#     magVR 7 0 r INDEF %6.2f 
#     magRI 8 0 r INDEF %6.2f 
# END CATALOG HEADER 
#
1  159.422105 53.636349 15.316 0.72 9999 9999 9999
2  159.461131 53.481654 13.770 0.393 9999 9999 9999
3  159.475636 53.519694 13.273 0.498 9999 9999 9999
4  159.503401 53.566255 16.509 0.754 9999 9999 9999
5  159.523576 53.639401 16.401 1.319 9999 9999 9999
6  159.525217 53.557934 14.277 0.93 9999 9999 9999
7  159.536301 53.505116 14.511 0.36 9999 9999 9999
8  159.538485 53.601393 16.275 0.345 9999 9999 9999
9  159.564017 53.458606 13.393 0.479 9999 9999 9999
10 159.564914 53.625195 15.189 0.457 9999 9999 9999
11 159.565625 53.593447 16.628 0.796 9999 9999 9999
12 159.589362 53.581334 9999.000 0 9999 9999 9999
13 159.613828 53.566229 12.712 0.467 9999 9999 9999
14 159.62168  53.428969 13.949 0.561 9999 9999 9999
15 159.630953 53.540299 14.593 0.456 9999 9999 9999
16 159.636905 53.597795 15.860 9983.14 9999 9999 9999
17 159.668618 53.598236 9999.000 0 9999 9999 9999
18 159.685654 53.551036 11.921 0.433 9999 9999 9999
19 159.691034 53.50272  12.322 0.213 9999 9999 9999
20 159.694292 53.457249 16.818 0.961 9999 9999 9999
21 159.698656 53.528986 15.420 0.607 9999 9999 9999
22 159.721189 53.610767 15.907 0.402 9999 9999 9999
23 159.732031 53.666066 14.725 1.207 9999 9999 9999
24 159.751046 53.563448 14.318 0.491 9999 9999 9999
25 159.769589 53.559991 13.321 0.337 9999 9999 9999
26 159.776829 53.427962 13.157 0.643 9999 9999 9999
27 159.791905 53.383141 12.550 0.886 9999 9999 9999
28 159.794905 53.400096 14.116 0.574 9999 9999 9999
29 159.822097 53.605436 16.832 0.693 9999 9999 9999
30 159.876974 53.530521 14.937 0.521 9999 9999 9999
31 159.900433 53.381522 16.197 0.711 9999 9999 9999
32 159.902091 53.446431 16.829 0.472 9999 9999 9999
33 159.904755 53.630701 14.056 0.721 9999 9999 9999
34 159.922244 53.650751 12.863 0.615 9999 9999 9999
35 159.93729  53.449748 13.500 0.733 9999 9999 9999
36 159.943744 53.576705 14.706 0.573 9999 9999 9999
37 159.949284 53.512544 14.145 0.833 9999 9999 9999
38 159.971228 53.629447 14.205 0.603 9999 9999 9999
