# BEGIN CATALOG HEADER 
# nfields '+str(nn)+' 
#     id 1 0 c INDEF %15s 
#     ra 2 0 d degrees %10.5f 
#     dec 3 0 d degrees %10.5f 
#     magV  4 0 r INDEF %6.2f 
#     magBV 5 0 r INDEF %6.2f 
#     magUB 6 0 r INDEF %6.2f 
#     magVR 7 0 r INDEF %6.2f 
#     magRI 8 0 r INDEF %6.2f 
# END CATALOG HEADER 
#
  1	192.047255   -3.3623467     	17.600	 0.823	 0.259	 0.505	0.4331
  2	192.064099   -3.3540030     	17.351	  1.42	 1.396	 0.894	0.8306
  3	192.037284   -3.3337761     	16.533	1.0166	1.0808	0.6945	0.5958
  4	192.075752   -3.3386561     	18.694	0.9425	1.0055	0.7125	  0.55
  5	192.065959   -3.3163697     	18.279	0.7973	-0.693	0.4853	0.4793
  6	192.049629   -3.3051480     	16.769	0.9255	0.7895	 0.599	0.5136
  7	192.067429   -3.2988434     	19.026	 1.429	0.0565	0.7275	0.6275
  8	192.083615   -3.2962033     	18.148	 1.645	  0.12	1.2845	 1.535
  9	192.093306   -3.3031951     	18.128	 0.684	 0.343	  0.56	 0.456
  10	192.088467   -3.3087296     	18.331	0.9025	 0.441	0.5405	0.5145
  11	192.028305   -3.3563891     	19.804	1.4453	0.2711	0.5345	 0.817
  12	192.021527   -3.3348436     	20.084	2.3055	-1.666	1.0655	 1.483
  13	192.033453   -3.3094170     	20.701	  0.72	-0.785	 0.572	 0.728
  14	192.022505   -3.3032075     	20.635	0.8565	-0.670	 0.608	0.5065
  15	192.094926   -3.3686966     	20.094	 1.169	-0.016	 0.996	 0.705
  16	192.059508   -3.3240154     	18.232	 0.695	0.5145	0.5715	 0.384
