# BEGIN CATALOG HEADER 
# nfields '+str(nn)+' 
#     id 1 0 c INDEF %15s 
#     ra 2 0 d degrees %10.5f 
#     dec 3 0 d degrees %10.5f 
#     magV  4 0 r INDEF %6.2f 
#     magBV 5 0 r INDEF %6.2f 
#     magUB 6 0 r INDEF %6.2f 
#     magVR 7 0 r INDEF %6.2f 
#     magRI 8 0 r INDEF %6.2f 
# END CATALOG HEADER 
#
  1	192.047255   -3.3623467     	17.585	0.8096	0.2726	0.5144	0.4176
  2	192.064099   -3.3540030     	17.326	1.4617	1.3757	0.8944	0.8009
  3	192.037284   -3.3337761     	16.496	1.0695	1.0790	0.6706	 0.582
  4	192.075752   -3.3386561     	18.671	1.0243	2.0337	 0.673	0.5486
  5	192.065959   -3.3163697     	18.318	0.8417	0.1621	0.5235	0.4734
  6	192.049629   -3.3051480     	16.750	0.9542	0.7527	0.5920	0.5083
  7	192.067429   -3.2988434     	19.069	1.4063	0.1316	 0.755	 0.684
  8	192.083615   -3.2962033     	18.113	1.6921	-0.182	1.2762	1.5089
  9	192.093306   -3.3031951     	18.069	0.7388	 0.309	 0.528	0.4411
  10	192.088467   -3.3087296     	18.309	 0.917	0.5465	0.5535	 0.491
  11	192.028305   -3.3563891     	19.783	1.4584	-0.499	0.5568	0.8027
  12	192.021527   -3.3348436     	20.080	2.2900	-1.392	1.0662	 1.474
  13	192.033453   -3.3094170     	20.688	0.8092	-0.853	0.5978	0.6767
  14	192.022505   -3.3032075     	20.616	0.8861	-1.485	0.5925	0.1975
  15	192.094926   -3.3686966     	20.009	1.2335	-0.265	0.9036	0.6878
  16	192.059508   -3.3240154     	18.187	 0.708	0.5493	0.5378	0.4169
