# BEGIN CATALOG HEADER 
# nfields '+str(nn)+' 
#     id 1 0 c INDEF %15s 
#     ra 2 0 d degrees %10.5f 
#     dec 3 0 d degrees %10.5f 
#     magV  4 0 r INDEF %6.2f 
#     magBV 5 0 r INDEF %6.2f 
#     magUB 6 0 r INDEF %6.2f 
#     magVR 7 0 r INDEF %6.2f 
#     magRI 8 0 r INDEF %6.2f 
# END CATALOG HEADER 
#
 1	999.7194	999.2299	9999	     0 	     0	 0.439	     0
 2	353.7194	18.22299	16.309	     0 	     0	 0.439	     0
 3	999.7194	999.2299	9999	     0 	     0	 0.439	     0
 4	999.7194	999.2299	9999	     0 	     0	 0.439	     0
 5 	353.7217	18.23481	19.057	     0	     0	0.1126	     0
 6 	353.7273	18.23171	18.226	     0	     0	 0.326	     0
 7 	353.7300	18.22716	17.109	     0	     0	0.0473	     0
 8 	353.7053	18.23968	17.689	     0	     0	0.7333	     0
 9 	353.7034	18.20755	18.735	     0	     0	 0.628	     0
 10 	353.7480	18.22422	17.890	     0	     0	 1.064	     0
 11 	353.6880	18.21384	18.903	     0	     0	 0.448	     0
 12	999.7194	999.2299	9999	     0 	     0	 0.439	     0
 13 	353.6844	18.20944	  19.4	     0	     0	0.6125	     0
 14	999.7194	999.2299	9999	     0 	     0	 0.439	     0
 15	999.7194	999.2299	9999	     0 	     0	 0.439	     0
 16	999.7194	999.2299	9999	     0 	     0	 0.439	     0
 17	999.7194	999.2299	9999	     0 	     0	 0.439	     0
 18	999.7194	999.2299	9999	     0 	     0	 0.439	     0
 19	999.7194	999.2299	9999	     0 	     0	 0.439	     0
 20	999.7194	999.2299	9999	     0 	     0	 0.439	     0
 21	999.7194	999.2299	9999	     0 	     0	 0.439	     0
 22 	353.7604	18.19980	18.430	     0	     0	 0.473	     0
 23 	353.7681	18.23373	18.742	     0	     0	1.0515	     0
 24 	353.7070	18.17772	19.454	     0	     0	0.6695	     0
 25 	353.6906	18.27162	17.184	     0	     0	 0.427	     0
 26 	353.6704	18.19906	19.227	     0	     0	 0.638	     0
 27	999.7194	999.2299	9999	     0 	     0	 0.439	     0
 28 	353.6634	18.24343	18.257	     0	     0	0.6675	     0
 29	999.7194	999.2299	9999	     0 	     0	 0.439	     0
 30 	353.6595	18.20794	17.386	     0	     0	 0.509	     0
 31 	353.7737	18.20404	19.081	     0	     0	 0.741	     0
 32	999.7194	999.2299	9999	     0 	     0	 0.439	     0
 33 	353.6679	18.26358	19.494	     0	     0	0.7105	     0
 34 	353.6816	18.27675	17.585	     0	     0	 0.386	     0
 35	999.7194	999.2299	9999	     0 	     0	 0.439	     0
 36 	353.7547	18.17585	 19.59	     0	     0	 0.844	     0
 37	999.7194	999.2299	9999	     0 	     0	 0.439	     0
 38 	353.7296	18.28807	18.948	     0	     0	0.2425	     0
 39	999.7194	999.2299	9999	     0 	     0	 0.439	     0
 40 	353.6604	18.19030	18.732	     0	     0	0.4295	     0
 41 	353.7834	18.21224	18.266	     0	     0	0.7505	     0
 42 	353.7852	18.22092	18.041	     0	     0	 0.467	     0
 43	999.7194	999.2299	9999	     0 	     0	 0.439	     0
 44	999.7194	999.2299	9999	     0 	     0	 0.439	     0
 45	999.7194	999.2299	9999	     0 	     0	 0.439	     0
 46 	353.7730	18.26901	19.302	     0	     0	 0.558	     0
 47 	353.6465	18.24594	19.573	     0	     0	 1.078	     0
 48 	353.7264	18.29525	19.212	     0	     0	0.8655	     0
 49 	353.6441	18.21828	19.873	     0	     0	 1.084	     0
 64 	353.6610	18.16766	17.531	     0	     0	0.3265	     0
 65 	353.7799	18.27870	19.134	     0	     0	 0.956	     0
 69 	353.7805	18.28258	18.607	     0	     0	 0.776	     0
