# BEGIN CATALOG HEADER 
# catdb sqlcl.query 
# catname dss1@cadc 
# nquery 4 
#     ra 12:12:12.00 hours 
#     dec 10:10:10.0 degrees 
#     radius 5.0 minutes 
#     qsystem J2000.0 INDEF 
# type btext 
# nheader 1 
#     csystem J2000.0 
# nfields 7 
#     objid 1 0 c NDEF %11s 
#     ra 2 0 d degrees %10.5f 
#     dec 3 0 d degrees %10.5f 
#     J 4 0 r INDEF %6.3f 
#     JH 5 0 r INDEF %6.3f 
#     HK 6 0 r INDEF %6.3f 
# END CATALOG HEADER
#
046985	102.9046	-0.40286	  14.539	   0.392	   0.147
046999	102.9116	-0.41453	  15.528	   0.745	   0.088
047001	102.9122	-0.40085	  10.442	    0.67	   0.214
047013	102.9159	-0.40427	  15.168	   0.407	  -0.014
047019	102.9176	-0.40908	  16.574	   0.583	   0.084
047029	102.9232	-0.40921	  13.854	   0.325	   0.009
047031	102.9237	-0.40000	  14.905	   0.653	   0.222
047033	102.9247	-0.40809	  14.821	   0.364	   0.185
047037	102.9279	-0.42360	  14.409	   0.326	   0.145
047042	102.9303	-0.41751	   14.55	   0.232	  -0.009
047046	102.9313	-0.40778	  14.016	   0.234	   0.183
047055	102.9339	-0.40774	  16.083	   0.099	   0.419
047058	102.9348	-0.42607	  10.001	   0.287	   0.038
047060	102.9350	-0.40937	  14.066	     0.1	   0.116
047068	102.9390	-0.40967	  14.342	   0.395	   0.164
047071	102.9396	-0.40215	  15.757	   0.503	   0.241
047079	102.9423	-0.42765	  16.775	   0.939	   0.235
047080	102.9437	-0.42560	  15.139	   0.424	  -0.085
047082	102.9437	-0.42319	  16.049	   0.609	  -0.183
047085	102.9448	-0.40301	  16.091	   0.547	   0.107
047103	102.9511	-0.40487	  12.605	   0.247	   0.056
047114	102.9546	-0.41293	  14.542	   0.396	   0.113
047117	102.9548	-0.40725	  14.949	   0.277	   0.214
047119	102.9563	-0.41552	  15.378	   0.693	   0.104
047120	102.9570	-0.40379	   14.93	   0.701	   0.017
047121	102.9571	-0.40587	  14.773	   0.478	    0.14
047122	102.9572	-0.41148	  15.712	    0.31	   0.155
047123	102.9575	-0.42583	  12.666	   0.295	   0.033
047125	102.9595	-0.41890	  14.159	   0.329	   0.139
047126	102.9597	-0.42381	  16.331	   0.456	   0.489
047127	102.9605	-0.41061	  13.846	   0.491	   0.146
047130	102.9612	-0.42190	   15.92	   0.442	    0.06
047133	102.9630	-0.43063	  16.073	   0.485	   0.503
047143	102.9686	-0.42456	  15.643	   0.561	   0.298
047144	102.9687	-0.42241	  15.702	   0.379	  -0.062
047147	102.9697	-0.41565	  15.659	   0.308	   0.076
047152	102.9726	-0.40641	  15.669	   0.501	   0.249
047154	102.9731	-0.40945	  14.562	   0.397	   0.195
047160	102.9781	-0.42804	  16.569	   0.672	    0.51
047167	102.9796	-0.42358	  15.571	   0.496	   0.156
047168	102.9797	-0.40045	  16.444	    0.62	   0.427
047172	102.9807	-0.41658	  15.563	   0.594	   0.145
047176	102.9817	-0.40383	  16.491	   0.446	   0.586
047205	102.9966	-0.42037	  16.143	   0.372	   0.361
047211	103.0001	-0.41277	  14.939	   0.383	   0.201
047220	103.0019	-0.41763	  14.771	   0.371	   0.059
047229	103.0068	-0.41007	  16.623	   0.537	   0.546
047235	103.0083	-0.40324	   14.03	   0.443	   0.053
047240	103.0107	-0.40319	  15.352	    0.24	   0.064
047246	103.0129	-0.40332	  15.166	   0.391	   0.174
047252	103.0152	-0.40318	  13.946	   0.656	   0.243
047256	103.0168	-0.40099	  15.253	   0.343	   0.018
047263	103.0204	-0.40133	  15.123	   0.365	   0.009
046766	102.8771	-0.36680	  15.152	   0.299	   0.171
046768	102.8774	-0.35540	  13.748	   0.684	    0.21
046778	102.8817	-0.38035	  15.077	   0.236	   0.349
046780	102.8846	-0.33152	  15.961	    0.62	   0.179
046781	102.8846	-0.36722	  13.695	   0.274	   0.138
046783	102.8849	-0.30975	  15.958	   0.708	   0.043
046785	102.8853	-0.32273	  16.164	   0.349	   0.434
046787	102.8862	-0.36321	  14.729	   0.354	   0.074
046788	102.8867	-0.31085	  15.832	   0.511	  -0.002
046789	102.8873	-0.34513	  16.334	   0.808	   0.291
046790	102.8879	-0.35859	  14.965	    0.15	   0.199
046791	102.8879	-0.31257	  15.191	    0.71	  -0.036
046793	102.8883	-0.30930	  16.571	   0.605	   0.428
046794	102.8888	-0.31155	  14.083	   0.471	   0.188
046795	102.8897	 -0.3768	  15.508	   0.401	   0.084
046796	102.8898	-0.33376	  13.269	   0.879	   0.233
046797	102.8904	-0.30134	  11.961	   0.728	   0.191
046798	102.8906	-0.31080	  12.261	   0.462	   0.091
046799	102.8906	-0.35590	  16.069	    0.51	   0.302
046800	102.8909	-0.34302	  16.324	   0.685	   0.346
046801	102.8915	-0.37183	  15.794	   0.437	   0.165
046802	102.8917	-0.35121	  16.656	   0.677	   0.304
046803	102.8926	-0.35262	  14.804	   0.294	   0.209
046804	102.8928	-0.38942	  16.607	   0.652	   0.395
046806	102.8950	-0.31643	  15.193	   0.514	   0.122
046807	102.8956	-0.32285	  16.491	   0.618	   0.658
046808	102.8959	-0.39473	   15.88	   0.766	  -0.132
046809	102.8962	-0.38630	  16.145	   0.684	  -0.143
046810	102.8967	-0.37616	  15.838	   0.322	  -0.108
046811	102.8970	-0.31818	  16.276	   0.532	   0.115
046812	102.8995	-0.32469	  16.413	   0.353	   0.172
046815	102.9007	-0.38506	  15.143	   0.127	    0.22
046818	102.9017	-0.37400	  14.437	   0.359	   0.119
046819	102.9017	-0.39762	  13.629	   0.765	   0.259
046820	102.9022	-0.35798	  15.545	   0.375	   0.426
046821	102.9023	-0.31527	  15.708	    0.49	   0.147
046822	102.9028	-0.32970	  16.423	   0.674	   0.136
046824	102.9029	-0.37069	  15.324	   0.458	   0.033
046825	102.9029	-0.39079	  12.565	   0.685	   0.197
046826	102.9033	-0.36418	  15.637	   0.285	   0.235
046827	102.9035	-0.34213	  16.372	   0.688	   0.262
046828	102.9036	-0.36620	  16.071	   0.454	   0.328
046830	102.9047	-0.39407	  16.199	   0.319	    0.34
046831	102.9049	-0.30928	  14.468	   0.389	   0.153
046832	102.9050	-0.35969	  12.638	   0.623	   0.215
046833	102.9051	-0.35416	  13.649	   0.435	   0.068
046835	102.9098	-0.37733	  15.924	   0.546	   0.297
046836	102.9099	-0.37328	  15.671	   0.248	   0.468
046837	102.9102	-0.33477	  14.803	   0.231	   0.145
046838	102.9107	-0.35030	  14.989	   0.284	   0.164
046839	102.9115	-0.36554	  16.028	   0.418	   0.361
046840	102.9115	-0.31494	  16.531	   0.397	   0.371
046841	102.9119	-0.31263	  15.879	   0.349	   0.546
046842	102.9126	-0.38203	  14.606	   0.425	   0.071
046843	102.9133	-0.37073	  15.071	    0.36	   0.158
046844	102.9133	-0.37398	  12.485	   0.104	   0.133
046845	102.9134	-0.32725	  15.763	   0.141	   0.154
046846	102.9138	-0.38855	  15.149	   0.331	   0.103
046847	102.9142	  -0.338	   16.06	   0.517	   0.218
046848	102.9142	-0.30357	  15.802	   0.728	   0.191
046849	102.9144	-0.33521	  13.918	   0.371	   0.029
046850	102.9145	-0.30197	  14.259	   0.544	   0.153
046851	102.9149	-0.31651	  14.412	   0.275	    0.13
046852	102.9149	-0.38773	  15.888	   0.405	   0.217
046854	102.9160	 -0.3283	  15.193	   0.513	   0.209
046855	102.9160	-0.35636	  14.885	   0.421	   0.241
046856	102.9164	-0.35463	  16.129	   0.362	    0.16
046857	102.9169	-0.33856	  16.004	   0.355	   0.165
046859	102.9172	-0.36985	   16.03	   0.405	   0.598
046860	102.9175	-0.34116	  15.355	   0.332	   0.085
046863	102.9184	-0.37308	  15.356	   0.365	    0.18
046864	102.9188	-0.36639	  13.662	   0.652	   0.107
046865	102.9188	-0.33615	  11.517	    0.13	   0.138
046866	102.9199	-0.38294	    15.1	   0.442	   0.097
046868	102.9205	-0.36775	   15.78	   0.627	  -0.007
046869	102.9206	-0.34938	  16.044	   1.174	   0.738
046870	102.9210	-0.39216	  13.011	   0.717	   0.217
046871	102.9217	-0.36273	  15.405	   0.472	  -0.104
046873	102.9223	-0.35935	  15.513	    0.25	   0.457
046874	102.9230	-0.32580	  16.542	   0.349	   0.541
046875	102.9233	-0.36473	  15.166	   0.651	   0.185
046876	102.9237	-0.34200	   15.13	   0.412	   0.162
046877	102.9240	-0.38817	  14.516	   0.156	   0.215
046878	102.9244	-0.31495	   14.32	   0.314	   0.173
046879	102.9247	-0.36396	  15.856	   0.466	   0.225
046880	102.9249	-0.30104	  11.718	   0.614	   0.182
046881	102.9260	-0.32109	  15.112	   0.457	  -0.118
046883	102.9266	 -0.3841	  15.931	   0.485	   0.012
046885	102.9284	-0.38496	  14.401	   0.179	   0.283
046886	102.9290	-0.37188	  11.995	   0.606	   0.229
046887	102.9290	-0.31921	  15.382	   0.451	    0.18
046888	102.9292	-0.33528	  13.495	   0.291	   0.127
046889	102.9304	-0.34881	  16.261	   0.691	   0.106
046890	102.9311	-0.34109	  15.682	    0.26	   0.196
046891	102.9312	-0.34553	  14.433	   0.241	   0.147
046892	102.9313	-0.36516	  16.669	   0.815	   0.371
046893	102.9318	-0.35351	  16.184	    0.47	   0.089
046894	102.9319	-0.30101	  16.499	    0.83	   0.085
046897	102.9334	-0.32545	  16.485	   0.602	   0.295
046898	102.9339	-0.35088	  15.952	    0.49	   0.032
046899	102.9340	-0.38362	  12.701	    0.22	   0.076
046900	102.9340	-0.34528	   13.82	    0.42	   0.051
046901	102.9340	-0.37185	  15.875	   0.702	  -0.289
046902	102.9343	-0.30656	  15.288	   0.285	   0.357
046903	102.9343	-0.39697	  14.085	   0.265	   0.058
046904	102.9343	-0.36659	  13.092	   0.356	   0.057
046905	102.9345	-0.35910	  14.484	   0.323	   0.279
046906	102.9352	-0.34978	  14.447	   0.392	   0.054
046907	102.9355	-0.32832	  16.039	   0.354	   0.544
046908	102.9357	-0.39846	  15.629	    0.05	    0.53
046910	102.9362	-0.39478	  16.762	   0.897	    0.34
046911	102.9372	-0.34791	  16.053	   0.398	   0.242
046912	102.9372	-0.37069	  15.258	   0.389	   0.125
046913	102.9372	-0.30921	  13.761	   0.324	    0.09
046915	102.9379	-0.36738	  16.512	    0.47	   0.383
046916	102.9385	-0.31237	  15.643	   0.352	   0.095
046918	102.9394	-0.34979	   14.22	   0.318	   0.131
046919	102.9396	-0.34316	  15.642	   0.492	   0.402
046920	102.9399	-0.32252	  16.375	    0.65	   0.219
046922	102.9401	-0.36135	  14.758	   0.279	   0.128
046925	102.9420	-0.32416	  14.711	   0.353	   0.018
046926	102.9424	-0.37466	  15.457	   0.348	  -0.065
046927	102.9433	-0.36325	   15.68	   0.412	   0.199
046928	102.9441	-0.35038	  16.207	   0.777	  -0.055
046929	102.9441	-0.36132	  14.202	   0.613	   0.127
046930	102.9443	-0.36604	  15.014	   0.342	   0.028
046931	102.9445	-0.33573	  11.803	   0.556	   0.267
046932	102.9448	-0.31993	  16.496	    0.85	   0.151
046933	102.9451	-0.38216	  13.613	   0.338	   0.163
046934	102.9460	-0.35120	  16.426	   0.737	   0.199
046935	102.9465	-0.33247	  11.467	   0.146	   0.066
046936	102.9466	-0.34541	  15.433	   0.513	   0.204
046939	102.9482	-0.34944	  15.938	   0.666	  -0.168
046940	102.9490	-0.30441	  13.007	   0.386	   0.119
046942	102.9494	-0.30613	  13.352	   0.559	   0.111
046943	102.9496	-0.36807	  13.503	   0.394	   0.106
046944	102.9503	-0.35033	  11.878	   0.256	   0.003
046945	102.9504	-0.30661	  15.036	   0.323	   0.184
046946	102.9504	-0.37094	  12.727	   0.241	   0.108
046949	102.9516	-0.38942	  15.698	   0.286	  -0.169
046950	102.9526	-0.33585	  15.405	   0.284	    0.27
046951	102.9526	-0.34235	  13.361	    0.53	   0.158
046952	102.9528	-0.31768	  16.186	   0.501	   0.048
046953	102.9531	-0.36401	  15.423	   0.414	  -0.075
046955	102.9534	-0.34418	  15.578	   0.299	   0.376
046956	102.9534	-0.39808	  12.324	   0.732	   0.235
046957	102.9544	-0.34751	  14.045	   0.133	   0.182
046959	102.9565	-0.35433	   8.467	   0.992	    0.39
046961	102.9579	-0.35222	  14.432	   0.332	   0.276
046962	102.9580	-0.33181	  15.573	   0.497	   0.048
046963	102.9584	-0.38313	  15.949	   0.527	  -0.067
046964	102.9585	-0.38719	  16.111	   0.386	   0.344
046965	102.9588	-0.39856	   15.54	   0.409	   0.158
046966	102.9592	-0.33981	   16.22	   0.499	    0.39
046967	102.9592	-0.38652	  16.398	   0.774	  -0.032
046968	102.9592	-0.31747	   15.07	    0.59	   0.033
046969	102.9594	-0.33657	  16.086	   0.627	   0.276
046971	102.9601	-0.36391	  15.575	   0.364	   0.049
046972	102.9606	-0.32928	  14.337	    0.47	   0.198
046973	102.9610	-0.30716	  16.276	   0.406	    0.26
046974	102.9611	-0.38009	  16.316	   0.222	   0.499
046976	102.9641	-0.34128	   13.37	   0.515	    0.12
046977	102.9647	-0.33478	  14.508	   0.715	   0.316
046978	102.9649	-0.34747	  17.026	   0.763	   0.731
046979	102.9650	-0.34029	  15.794	   0.526	   -0.01
046980	102.9658	-0.33777	  12.335	   0.329	   0.078
046981	102.9659	-0.38545	   16.61	   0.595	   0.268
046982	102.9661	-0.35989	  15.519	   0.608	   0.003
046983	102.9663	-0.32502	  14.533	    0.42	   0.233
046986	102.9672	-0.30952	  16.618	   0.391	   0.742
046987	102.9673	-0.38817	   14.54	    0.53	   0.054
046988	102.9683	-0.34532	  11.977	   0.678	   0.201
046989	102.9683	-0.35475	  13.962	   0.544	   0.202
046990	102.9702	-0.32856	  15.849	   0.466	   0.379
046991	102.9706	 -0.3693	  15.018	   0.659	   0.199
046993	102.9708	-0.36693	  13.484	   0.336	   0.168
046994	102.9711	-0.34184	  15.342	   0.553	   0.234
046995	102.9712	-0.38989	  14.908	   0.613	   0.132
046996	102.9713	-0.34825	  15.336	    0.59	   0.152
046997	102.9715	-0.34022	   12.64	   0.685	   0.297
046998	102.9727	-0.36578	  15.825	   0.675	   0.019
046999	102.9729	-0.38055	  16.146	   0.625	   0.019
047000	102.9731	-0.37899	   14.75	    0.62	    0.26
047001	102.9731	-0.37525	  16.495	   0.679	   0.137
047003	102.9734	-0.35630	  14.946	   0.138	   0.281
047004	102.9739	-0.38590	  15.623	   0.551	   0.153
047005	102.9746	-0.31944	  14.374	   0.418	   0.028
047006	102.9749	-0.35452	  16.029	   0.294	   0.096
047008	102.9753	-0.37924	   16.29	   0.687	   0.334
047009	102.9754	-0.31718	  14.454	   0.342	   0.162
047010	102.9761	-0.38765	  15.466	   0.174	   0.381
047011	102.9762	-0.30990	  15.232	   0.323	   0.093
047013	102.9781	-0.36851	  15.418	   0.442	  -0.104
047014	102.9785	-0.35111	  16.672	   0.532	   0.549
047015	102.9788	-0.30429	  15.811	   0.444	   0.119
047016	102.9792	-0.32195	  15.147	   0.379	   0.059
047017	102.9794	-0.33185	  15.656	    0.47	   0.084
047018	102.9805	-0.32162	  14.677	   0.453	    0.09
047019	102.9817	-0.38973	   16.28	   0.593	   0.318
047020	102.9822	 -0.3486	  13.414	   0.284	   0.098
047021	102.9823	-0.31568	  14.573	   0.465	    0.21
047022	102.9824	-0.38405	  14.377	   0.563	   0.139
047024	102.9828	-0.34472	  14.268	    0.75	   0.247
047025	102.9830	-0.33947	  16.552	   0.598	   0.189
047026	102.9836	 -0.3228	  15.773	   0.471	   0.038
047027	102.9841	-0.32832	  16.032	   0.274	   0.355
047028	102.9845	-0.31437	  16.278	   0.579	   0.465
047029	102.9850	-0.31197	  16.659	   0.698	   0.403
047030	102.9851	-0.37003	  14.436	   0.338	   0.115
047033	102.9868	-0.39190	  16.039	   0.418	   0.072
047035	102.9872	-0.30228	  15.686	   0.401	   0.145
047036	102.9880	-0.37798	  16.096	   0.201	   0.117
047038	102.9887	-0.37995	  13.672	   0.102	   0.062
047040	102.9890	-0.31291	   14.28	   0.455	   0.046
047042	102.9896	-0.37675	   14.08	   0.375	    0.05
047043	102.9908	-0.37536	  16.674	   0.353	   0.831
047044	102.9917	-0.31847	  14.991	   0.504	   0.246
047045	102.9919	-0.33459	  12.238	   0.668	   0.224
047046	102.9932	-0.38222	  15.452	   0.425	   0.045
047047	102.9942	-0.37393	   11.96	   0.059	   0.056
047048	102.9958	-0.36868	  14.516	     0.3	   0.217
047049	102.9959	-0.35878	  14.016	   0.203	   0.076
047050	102.9962	 -0.3742	  14.841	   0.282	   0.463
047051	102.9969	-0.32281	  14.517	   0.259	   0.167
047052	102.9977	-0.37424	  10.073	   0.179	   0.064
047053	102.9981	-0.34439	  16.444	   0.546	   0.445
047054	102.9981	-0.31521	  16.462	   0.311	   0.439
047055	102.9983	-0.34671	  17.226	   1.102	   0.469
047056	102.9990	-0.32496	  16.246	   0.343	   0.527
047057	102.9991	-0.33004	  15.396	   0.322	   0.207
047058	102.9992	-0.36204	  15.391	   0.281	   0.227
047060	103.0001	-0.31795	  15.436	   0.564	   0.113
047064	103.0035	-0.34468	  16.041	   0.505	  -0.016
047065	103.0037	-0.30021	  15.958	   0.547	    0.35
047067	103.0047	-0.38130	   15.52	   0.555	  -0.223
047069	103.0063	-0.34907	  14.902	   0.303	   0.253
047071	103.0073	-0.31716	  15.505	   0.381	   0.098
047072	103.0074	-0.37084	  14.633	   0.723	    0.14
047073	103.0074	-0.30174	  16.328	   0.699	   0.025
047075	103.0085	-0.38708	   15.32	    0.65	   0.224
047076	103.0094	-0.39202	  15.794	   0.305	   0.322
047077	103.0095	-0.35441	  13.961	   0.442	   0.111
047078	103.0101	-0.31802	  15.056	   0.403	   0.085
047079	103.0129	-0.32007	  15.483	   0.655	   0.263
047080	103.0129	-0.31300	  16.763	    0.99	   0.111
047082	103.0139	-0.32741	   14.09	   0.414	   0.029
047083	103.0140	-0.33228	  14.229	   0.526	   0.141
047086	103.0150	-0.33115	  14.148	   0.361	   0.099
047087	103.0153	-0.32732	  11.696	    0.35	   0.025
047088	103.0157	-0.31359	  14.124	   0.649	   0.269
047090	103.0167	-0.38423	  15.526	   0.527	   0.085
047093	103.0172	-0.30804	  16.313	   0.693	   0.212
047094	103.0174	-0.34479	  15.233	     0.4	   0.388
047095	103.0177	-0.36822	  13.948	   0.505	   0.042
047096	103.0177	-0.39556	  14.599	   0.312	   0.162
047097	103.0180	-0.35191	  15.852	   0.243	   0.326
047099	103.0188	-0.32729	  11.972	   0.091	   0.005
047101	103.0190	  -0.347	    14.9	   0.461	   0.052
047102	103.0191	-0.38748	  14.149	   0.456	   0.036
047103	103.0196	-0.36953	  16.108	   0.628	   0.007
047104	103.0199	-0.37766	  16.111	   0.626	  -0.099
047105	103.0200	-0.36544	   13.69	   0.234	   0.087
047106	103.0206	-0.30507	   9.476	   0.003	   0.021
047107	103.0216	-0.32240	   14.68	    0.43	  -0.028
047110	103.0222	-0.35380	  15.682	   0.534	  -0.054
047111	103.0224	-0.35530	  14.005	   0.265	   0.067
047112	103.0225	-0.39863	  13.409	   0.149	   0.082
047113	103.0228	-0.33715	  16.188	   0.555	   0.306
047114	103.0233	-0.31215	   15.31	   0.341	   0.299
047116	103.0237	-0.38739	  16.259	   0.135	   0.703
047117	103.0251	-0.38332	  13.312	   0.345	     0.0
047120	103.0255	-0.33593	  16.105	   0.294	   0.607
047122	103.0260	-0.35843	  15.242	   0.436	   0.094
047125	103.0277	-0.33644	  14.991	   0.699	   0.155
047126	103.0278	-0.34753	  14.832	   0.534	   0.129
047127	103.0285	 -0.3923	  15.815	   0.255	   0.344
047130	103.0312	-0.35433	  15.763	   0.784	   0.259
047132	103.0319	-0.37275	  16.343	    0.88	   0.004
047133	103.0332	-0.34780	  15.541	   0.653	   0.334
047134	103.0337	-0.31592	  16.225	   0.537	   0.072
047136	103.0349	-0.32037	  14.136	   0.435	   0.167
047137	103.0355	-0.35606	  16.202	   0.655	    0.04
047140	103.0365	-0.32724	  14.862	   0.398	   0.271
047141	103.0372	-0.36524	  14.254	   0.569	   0.146
047142	103.0377	-0.36273	  15.666	   0.283	    0.38
047143	103.0377	-0.35291	  15.218	   0.386	   0.111
047146	103.0393	-0.35474	  16.186	   0.587	   0.466
046920	102.9012	-0.29375	  15.257	   0.425	   0.199
046936	102.9088	-0.28915	   16.74	   0.615	   0.459
046940	102.9106	-0.29591	  14.379	    0.56	   0.111
046951	102.9158	-0.27833	  14.538	    0.34	  -0.012
046956	102.9179	-0.29058	  15.983	   0.313	   0.479
046960	102.9204	-0.29689	  16.103	   0.804	   0.171
046961	102.9213	-0.29326	  15.442	   0.598	   0.115
046969	102.9241	-0.29744	   13.36	   0.378	   0.087
046978	102.9260	-0.27257	  13.149	   0.661	   0.193
046979	102.9261	-0.28075	   8.679	   0.549	   0.118
046981	102.9276	-0.29458	  15.197	   0.396	    0.16
046982	102.9282	-0.29059	  15.532	   0.467	   0.366
046985	102.9288	-0.28883	  13.729	   0.272	   0.137
046997	102.9321	-0.27993	  14.525	   0.514	   0.154
046999	102.9328	-0.27655	  16.925	   0.877	   0.212
047000	102.9332	-0.29216	  15.386	    0.54	  -0.058
047002	102.9355	-0.27126	  16.059	   0.729	  -0.203
047003	102.9358	-0.27784	  12.581	   0.737	   0.204
047005	102.9364	-0.27515	  16.145	   0.641	   0.401
047012	102.9402	-0.26837	  11.806	   0.165	   0.093
047013	102.9402	-0.27285	  16.212	   0.665	   0.278
047015	102.9412	-0.28833	  16.198	   0.301	   0.054
047025	102.9447	-0.28092	   15.55	   0.328	   -0.01
047032	102.9466	-0.29479	  13.872	   0.311	   0.174
047033	102.9470	-0.27056	  15.256	   0.505	   0.193
047034	102.9478	-0.27576	  16.817	   1.004	   -0.12
047035	102.9485	-0.29839	  15.635	   0.501	   0.193
047041	102.9510	-0.29687	  16.706	   0.509	   0.639
047043	102.9529	-0.27927	   14.86	   0.484	   0.173
047045	102.9541	-0.29026	  15.809	   0.352	   0.237
047046	102.9542	-0.27402	  15.579	   0.601	   0.249
047049	102.9558	-0.29589	  12.706	   0.689	    0.15
047052	102.9577	-0.28718	  15.439	   0.525	   0.083
047054	102.9584	-0.28241	  14.683	   0.426	   0.075
047057	102.9599	-0.29290	  15.637	   0.445	   0.235
047058	102.9600	-0.29454	  14.139	   0.237	   0.153
047059	102.9606	-0.27635	  16.439	   0.286	   0.639
047062	102.9614	-0.29531	  15.718	   0.603	   0.062
047063	102.9614	-0.27388	  14.931	   0.735	   0.201
047067	102.9627	-0.26946	  15.687	   0.715	  -0.006
047069	102.9628	-0.27652	  16.258	    0.56	   0.595
047070	102.9631	-0.29147	  15.674	   0.366	   0.177
047077	102.9681	-0.29705	  15.389	   0.457	   0.254
047078	102.9682	-0.28088	   13.94	   0.816	   0.251
047089	102.9716	-0.27521	  15.935	   0.455	   0.057
047093	102.9734	-0.28530	  16.056	   0.812	    0.08
047094	102.9734	-0.27201	  16.264	   0.605	   0.108
047096	102.9739	  -0.289	  14.961	   0.369	   0.369
047097	102.9739	-0.29376	  13.375	   0.288	   0.069
047104	102.9788	-0.28885	  14.681	   0.401	   0.143
047115	102.9832	-0.28693	   14.88	   0.744	   0.227
047127	102.9858	-0.29202	  15.146	   0.408	   0.221
047130	102.9868	-0.28278	  16.012	   0.535	   0.177
047134	102.9878	-0.29323	  15.246	   0.337	   0.067
047136	102.9886	-0.28661	  15.769	   0.356	   0.008
047138	102.9890	-0.28890	  16.074	   0.597	   0.046
047143	102.9903	-0.28306	  15.101	   0.482	   0.129
047146	102.9909	-0.29890	  15.144	   0.232	   0.364
047147	102.9912	-0.27245	  15.864	     0.4	   0.025
047148	102.9914	-0.29105	  15.514	   0.583	   0.242
047154	102.9938	-0.28055	  14.093	    0.23	   0.058
047155	102.9943	-0.27481	  15.066	     0.6	   0.277
047159	 102.995	-0.29921	  16.009	   0.519	   0.185
047162	102.9964	-0.29606	  16.109	   0.617	  -0.034
047168	102.9981	-0.28421	  14.453	   0.281	   0.052
047173	103.0010	-0.29010	  16.564	   0.866	   0.087
047187	103.0075	-0.28966	  16.457	   0.544	   0.247
047191	103.0085	-0.29210	  16.152	   0.453	    0.27
047200	103.0120	-0.29611	  14.968	   0.194	   0.327
047205	103.0179	-0.29253	  15.528	   0.963	   0.247
