# BEGIN CATALOG HEADER 
# catdb sqlcl.query 
# catname dss1@cadc 
# nquery 4 
#     ra 12:12:12.00 hours 
#     dec 10:10:10.0 degrees 
#     radius 5.0 minutes 
#     qsystem J2000.0 INDEF 
# type btext 
# nheader 1 
#     csystem J2000.0 
# nfields 7 
#     objid 1 0 c NDEF %11s 
#     ra 2 0 d degrees %10.5f 
#     dec 3 0 d degrees %10.5f 
#     J 4 0 r INDEF %6.3f 
#     JH 5 0 r INDEF %6.3f 
#     HK 6 0 r INDEF %6.3f 
# END CATALOG HEADER
#
066505	114.1915	65.58178	  15.142	   0.314	   0.418
066507	114.1938	65.58748	  16.511	   0.389	   0.548
066510	114.2033	65.59491	  10.787	   0.534	    0.07
066512	114.2048	65.57898	  13.043	   0.321	   0.048
066513	114.2052	65.59030	  16.719	   0.412	   0.627
066516	114.2108	65.59519	  17.153	   1.031	   0.414
066517	114.2112	65.58022	  16.042	   0.765	   0.244
066518	114.2133	65.59878	  16.012	   0.745	   0.175
066523	114.2195	65.59842	  15.933	   0.798	   0.407
066526	114.2248	65.59498	   16.49	   0.897	   0.433
066529	114.2287	65.58821	  16.562	    0.84	  -0.127
066531	114.2319	65.55313	  15.229	   0.527	   0.214
066532	114.2368	65.53047	  16.184	   0.622	   0.341
066533	114.2377	65.52821	  16.048	   0.664	     0.2
066537	114.2500	65.57291	  15.012	   0.463	  -0.028
066538	114.2514	65.57434	  17.178	   0.884	   0.522
066539	114.2546	65.59817	  14.707	   0.488	   0.037
066540	114.2551	65.54525	  16.436	   0.251	   0.542
066541	114.2593	65.52658	  16.173	   0.429	   0.242
066542	114.2602	65.59851	  16.031	   0.521	  -0.289
066543	114.2660	65.52855	  15.704	   0.419	  -0.161
066545	114.2703	65.59322	  16.566	   0.556	    0.82
066546	114.2730	65.57872	  12.756	   0.345	   0.073
066547	114.2760	65.59352	  17.036	   0.712	   0.389
066548	114.2916	65.59822	  13.891	   0.432	   0.042
066549	114.2920	65.58696	   8.899	   0.282	   0.071
066550	114.2961	65.59899	  16.295	   0.489	   0.367
066552	114.3082	65.59022	  16.513	   0.725	   0.485
066556	114.3209	65.59942	  16.193	   0.654	   0.123
066557	114.3260	65.56356	  16.221	   0.703	   0.382
066558	114.3296	65.59474	  14.886	   0.463	   0.215
066559	114.3371	65.52887	  15.994	   0.635	  -0.053
066560	114.3438	65.53139	  12.948	   0.263	   0.097
066562	114.3535	65.53322	  15.329	   0.568	   0.382
066563	114.3567	65.51874	  15.368	   0.414	   -0.07
066564	114.3885	65.59906	  16.743	   1.039	   0.281
066565	114.3897	65.52996	  16.111	   0.638	   0.354
066566	114.3971	65.52612	  16.473	   0.496	   0.514
066567	114.3979	65.52341	  14.866	   0.265	  -0.015
066568	114.4019	65.53182	  16.286	   0.489	   0.756
066570	114.4073	65.58963	  15.998	   0.601	   0.033
066572	114.4323	65.56021	   14.87	   0.435	  -0.041
066573	114.4327	65.55149	  15.542	   0.691	    0.05
066575	114.4366	65.59664	  12.004	   0.401	   0.097
066576	114.4367	65.53775	  16.704	    0.46	   0.515
066578	114.4465	65.55390	  16.249	   0.564	   0.635
066579	114.4517	65.57392	  14.331	   0.218	  -0.038
066582	114.4822	65.55549	  16.443	   0.891	   0.218
066586	114.4905	65.56993	  12.517	   0.318	   0.048
066589	114.4978	65.59828	  16.084	   0.814	   0.379
066591	114.5105	65.58874	  14.695	   0.393	   0.149
064208	114.1354	65.61905	  16.976	   0.536	   0.521
064212	114.1504	65.61121	  17.231	   1.097	   0.636
064213	114.1571	65.60848	  17.021	    1.16	   0.143
064221	114.1840	65.64992	  17.203	   0.732	   0.675
064223	114.1859	65.63288	   16.62	   0.733	    0.52
064224	114.1870	65.62698	  16.633	   0.652	   0.496
064225	114.1894	65.61674	  15.047	   0.105	   0.348
064226	114.1936	65.62780	  16.752	   0.586	   0.695
064227	114.1994	65.60115	  16.588	   0.791	   0.406
064228	114.2087	65.60105	  14.648	   0.856	   0.192
064230	114.2092	65.61258	   16.68	   0.932	   0.279
064231	114.2103	65.66656	   14.73	   0.269	  -0.034
064232	114.2125	65.63242	  15.183	   0.277	   0.186
064234	114.2137	65.60268	  16.019	   0.739	   0.323
064241	114.2244	65.66265	  17.095	   0.638	   0.898
064242	114.2254	65.65151	  16.195	   0.492	   0.366
064243	114.2261	65.67180	  15.595	   0.432	   0.178
064246	114.2444	65.60916	  16.199	   0.667	    0.05
064248	114.2556	65.67478	  17.119	   0.977	   0.282
064249	114.2598	65.65170	  15.131	   0.607	   0.197
064250	114.2662	65.60530	  16.404	   0.896	   0.419
064259	114.2872	65.62275	  13.727	   0.678	     0.2
064261	114.2954	65.68151	  15.471	   0.506	    0.08
064263	114.3033	65.60348	  17.218	   0.724	   0.414
064267	114.3499	65.67277	  15.439	   0.263	     0.3
064268	114.3651	65.63594	  16.902	   0.329	    0.63
064270	114.3719	65.66959	   15.39	    0.37	   0.153
064271	114.3827	65.64634	  14.107	   0.589	   0.168
064272	114.3998	65.61267	   14.64	   0.387	   0.119
064273	114.4046	65.60595	  15.845	   0.507	   0.328
064274	114.4170	65.60738	  13.389	   0.309	   0.008
064275	114.4264	65.63434	  15.854	   0.614	    0.35
064276	114.4336	65.62691	  14.896	   0.478	    0.05
064277	114.4405	65.64093	  15.575	   0.278	   0.252
064279	114.4546	65.61386	  16.765	   0.575	   0.621
064281	114.4727	65.60088	  15.161	   0.541	   0.283
