# BEGIN CATALOG HEADER
# nfields '+str(nn)+'
#     id 1 0 c INDEF %15s
#     ra 2 0 d degrees %10.5f
#     dec 3 0 d degrees %10.5f
#     magJ  4 0 r INDEF %6.2f
#     magJH 5 0 r INDEF %6.2f
#     magHK 6 0 r INDEF %6.2f
# END CATALOG HEADER
#
1 	 40.79829 	 37.28478 	 15.160 	 0.587 	 0.155
2 	 40.80835 	 37.2869 	 13.487 	 0.665 	 0.158
3 	 40.81746 	 37.28129 	 15.442 	 0.793 	 -0.077
4 	 40.82593 	 37.27429 	 13.248 	 0.373 	 0.071
5 	 40.83943 	 37.26712 	 15.875 	 0.461 	 0.37
6 	 40.84263 	 37.28848 	 15.601 	 0.601 	 0.209
7 	 40.868 	 37.27284 	 13.492 	 0.348 	 0.051
8 	 40.8767 	 37.29522 	 15.875 	 0.468 	 -0.224
9 	 40.8842 	 37.29603 	 15.804 	 0.535 	 0.058
10 	 40.89195 	 37.29552 	 15.808 	 0.727 	 0.192
11 	 40.90547 	 37.27798 	 15.357 	 0.73 	 0.288
12 	 40.91795 	 37.27449 	 15.825 	 0.737 	 -0.189
13 	 40.76361 	 37.35889 	 12.398 	 0.264 	 0.039
14 	 40.77318 	 37.36127 	 14.241 	 0.358 	 0.056
15 	 40.77367 	 37.35937 	 14.937 	 0.4 	 0.024
16 	 40.77977 	 37.30190 	 14.621 	 0.522 	 0.147
17 	 40.78566 	 37.36518 	 14.773 	 0.296 	 0.249
18 	 40.79890 	 37.37360 	 13.425 	 0.33 	 0.075
19 	 40.80120 	 37.32872 	 15.571 	 0.385 	 -0.137
20 	 40.80350 	 37.38288 	 14.630 	 0.373 	 0.22
21 	 40.82051 	 37.36038 	 11.963 	 0.322 	 0.049
22 	 40.83118 	 37.32393 	 12.553 	 0.29 	 0.026
23 	 40.83564 	 37.32934 	 14.217 	 0.329 	 0.133
24 	 40.83817 	 37.31185 	 13.598 	 0.28 	 0.051
25 	 40.84067 	 37.37043 	 15.384 	 0.449 	 -0.006
26 	 40.84200 	 37.38180 	 15.418 	 0.435 	 -0.112
27 	 40.84312 	 37.31425 	 14.872 	 0.6 	 0.159
28 	 40.85016 	 37.30855 	 11.368 	 0.086 	 0.049
29 	 40.85292 	 37.30287 	 14.500 	 0.771 	 0.148
30 	 40.85520 	 37.39601 	 14.345 	 0.682 	 0.231
31 	 40.85619 	 37.36710 	 15.755 	 0.773 	 0.186
32 	 40.85910 	 37.38674 	 14.017 	 0.416 	 0.081
33 	 40.85967 	 37.32379 	 15.101 	 0.602 	 0.154
34A 	 40.86614 	 37.34451 	 13.529 	 0.385 	 0.046
35A 	 40.86695 	 37.34689 	 15.146 	 0.575 	 0.158
36A 	 40.86837 	 37.39862 	 14.065 	 0.577 	 0.122
37A 	 40.87181 	 37.33205 	 13.578 	 0.623 	 0.164
38 	 40.87767 	 37.39877 	 12.866 	 0.473 	 0.162
39 	 40.88213 	 37.36956 	 13.479 	 0.285 	 0.047
40 	 40.89267 	 37.32037 	 14.428 	 0.454 	 -0.037
41 	 40.89546 	 37.39619 	 15.045 	 0.694 	 -0.004
42 	 40.89631 	 37.31501 	 12.503 	 0.575 	 0.133
43 	 40.89702 	 37.38238 	 13.724 	 0.3 	 0.12
44 	 40.89805 	 37.32964 	 15.548 	 0.599 	 0.169
45 	 40.89884 	 37.35867 	 13.807 	 0.647 	 0.131
46 	 40.90273 	 37.30140 	 15.451 	 0.679 	 0.142
47 	 40.90327 	 37.35501 	 15.345 	 0.626 	 0.312
48 	 40.90947 	 37.30814 	 15.466 	 0.523 	 -0.061
49 	 40.91367 	 37.35273 	 13.093 	 0.45 	 0.082
50 	 40.91437 	 37.31939 	 15.260 	 0.76 	 0.178
51 	 40.91557 	 37.30633 	 15.228 	 0.421 	 -0.012
52 	 40.92141 	 37.32764 	 15.449 	 0.485 	 0.166
53 	 40.92733 	 37.33373 	 15.093 	 0.43 	 0.097
54 	 40.9312 	 37.36679 	 9.733  	 0.511 	 0.077
55 	 40.94013 	 37.37927 	 12.822 	 0.27 	 0.09
56 	 40.94340 	 37.34153 	 15.255 	 0.506 	 -0.111
57 	 40.95045 	 37.33798 	 15.016 	 0.738 	 0.06
58 	 40.96081 	 37.33027 	 15.201 	 0.428 	 -0.004
59 	 40.87385 	 37.40834 	 9.928  	 0.54 	 0.091
60 	 40.89439 	 37.41013 	 13.207 	 0.381 	 0.036
61 	 40.93690 	 37.40463 	 15.998 	 0.542 	 0.386
