# BEGIN CATALOG HEADER 
# catdb sqlcl.query 
# catname dss1@cadc 
# nquery 4 
#     ra 12:12:12.00 hours 
#     dec 10:10:10.0 degrees 
#     radius 5.0 minutes 
#     qsystem J2000.0 INDEF 
# type btext 
# nheader 1 
#     csystem J2000.0 
# nfields 7 
#     objid 1 0 c NDEF %11s 
#     ra 2 0 d degrees %10.5f 
#     dec 3 0 d degrees %10.5f 
#     J 4 0 r INDEF %6.3f 
#     JH 5 0 r INDEF %6.3f 
#     HK 6 0 r INDEF %6.3f 
# END CATALOG HEADER
#
1	137.3086	33.09554	 9999	 9999	 9999	
2	137.3342	33.06381	 9999	 9999	 9999	  
3	137.3413	 33.0882	 9999	 9999	 9999	  
4	137.3647	33.08270	15.946	  0.34	 0.067	  
5	137.3657	33.09259	16.837	-0.178	0.2385	  
6	137.3840	33.08771	15.931	0.4725	-0.002	  
7	137.3851	33.08572	16.413	 0.983	-0.273	  
8	137.4039	33.09501	15.852	0.5165	 0.042	  
9	137.4344	33.08655	 15.89	 0.325	-0.225	  
10	137.4477	33.08440	14.466	14.466	-13.93	  
11	137.2813	33.15198	 9999	 9999	 9999	  
12	137.2822	33.14832	 9999	 9999	 9999	  
13	137.2842	33.14207	 9999	 9999	 9999	  
14	137.2906	33.16849	 9999	 9999	 9999	  
15	137.2936	33.10696	 9999	 9999	 9999	  
16	137.2968	33.13511	 9999	 9999	 9999	  
17	137.2993	33.10955	 9999	 9999	 9999	  
18	137.3096	33.12107	 9999	 9999	 9999	  
19	137.3156	33.19752	 9999	 9999	 9999	  
20	137.3268	33.11804	 9999	 9999	 9999	  
21	137.3489	33.16547	16.108	 0.593	 2.229	  
22	137.3571	33.16519	13.402	-0.064	0.2445	  
23	137.3600	33.17430	15.724	 0.763	-0.139	  
24	137.3671	33.13919	16.886	0.5095	0.1551	  
25	137.3674	33.18964	 9999	 9999	 9999	  
26	137.3827	33.12287	15.986	0.6276	0.1763	  
27	137.3865	33.11756	15.881	0.5923	 0.116	  
29	137.3949	33.15785	10.997	 0.128	 0.222	  
30	137.4054	33.15973	16.309	0.0638	0.2651	  
31	137.4158	33.16618	16.308	 0.449	-0.119	  
32	137.4199	33.13835	12.192	  0.33	 0.093	  
33	137.4233	33.18963	 9999	 9999	 9999	  
35	137.4395	33.12529	14.784	 0.301	 0.304	  
36	137.4401	33.16855	 9999	 9999	 9999	  
37	137.4527	33.17457	 9999	 9999	 9999	  
38	137.4664	33.11321	 9999	 9999	 9999	  
39	137.3249	33.20748	 9999	 9999	 9999	  
