# BEGIN CATALOG HEADER 
# catdb sqlcl.query 
# catname dss1@cadc 
# nquery 4 
#     ra 12:12:12.00 hours 
#     dec 10:10:10.0 degrees 
#     radius 5.0 minutes 
#     qsystem J2000.0 INDEF 
# type btext 
# nheader 1 
#     csystem J2000.0 
# nfields 7 
#     objid 1 0 c NDEF %11s 
#     ra 2 0 d degrees %10.5f 
#     dec 3 0 d degrees %10.5f 
#     J 4 0 r INDEF %6.3f 
#     JH 5 0 r INDEF %6.3f 
#     HK 6 0 r INDEF %6.3f 
# END CATALOG HEADER
#
078760	137.2517	33.09775	  10.428	   0.198	   0.016
078762	137.2532	33.09517	  14.601	   0.565	  -0.053
078764	137.2663	33.09825	  15.596	   0.746	   0.078
078769	137.2907	33.04791	  13.683	     0.6	   0.151
078770	137.2928	33.07059	  14.601	   0.572	   0.291
078771	137.2983	33.03533	  15.341	   0.465	   0.469
078773	137.3084	33.09814	  15.166	    0.55	   0.146
078774	137.3086	33.09554	  16.476	   0.598	   0.741
078775	137.3092	33.03377	  16.433	   0.526	   0.412
078776	137.3342	33.06381	  12.383	   0.314	   0.083
078778	137.3413	 33.0882	  15.872	   0.603	    0.15
078779	137.3440	33.03893	  13.345	   0.389	   0.072
078780	137.3509	33.05142	   14.52	   0.569	   0.291
078781	137.3557	33.00521	   15.58	  -0.124	   0.037
078782	137.3639	33.01110	  14.995	    0.17	   0.204
078783	137.3647	33.08270	   15.85	   0.614	   0.024
078784	137.3657	33.09259	   17.34	   1.399	   0.139
078785	137.3673	33.03762	   14.54	   0.712	   0.205
078786	137.3840	33.08771	  15.903	   0.741	  -0.391
078787	137.3851	33.08572	  15.622	   0.568	   0.226
078788	137.3928	33.00386	  15.616	   0.366	   0.094
078789	137.3940	33.00661	  13.567	   0.334	   0.102
078790	137.3950	33.04465	  13.873	    0.33	   0.162
078791	137.3999	33.00785	  16.116	   0.015	   0.489
078793	137.4018	33.05360	  15.374	   0.418	    0.22
078794	137.4039	33.09501	   15.89	   0.336	    0.46
078795	137.4041	33.03583	  16.435	   0.695	   0.111
078796	137.4084	33.04462	  15.771	   0.812	  -0.079
078797	137.4103	33.00201	  15.699	   0.794	  -0.075
078798	137.4344	33.08655	  15.887	   0.477	   0.283
078800	137.4477	33.08440	  14.033	   0.501	   0.086
078801	137.4863	33.02659	   10.26	   0.441	   0.104
078802	137.4979	33.03020	  14.124	   0.668	   0.199
078803	137.5009	33.04808	  14.735	    0.41	  -0.029
078804	137.5143	33.09592	  12.241	   0.356	   0.082
079219	137.2529	33.12705	  16.232	   0.777	  -0.192
079220	137.2603	33.16115	    16.3	   0.433	    0.68
079222	137.2813	33.15198	  14.853	   0.562	   0.203
079223	137.2822	33.14832	  13.889	   0.268	   0.191
079224	137.2842	33.14207	  16.664	   0.801	  -0.021
079226	137.2895	33.19859	   13.43	   0.006	   0.042
079227	137.2906	33.16849	  16.962	   0.948	   0.365
079228	137.2936	33.10696	  16.468	   0.688	   0.195
079229	137.2968	33.13511	  15.708	   0.289	   0.172
079230	137.2993	33.10955	   16.06	   0.311	   0.169
079232	137.3096	33.12107	  14.895	   0.703	   0.104
079233	137.3156	33.19752	  16.619	   0.608	   0.744
079234	137.3268	33.11804	  16.014	   0.643	   0.035
079236	137.3489	33.16547	    16.0	   0.584	     0.1
079237	137.3571	33.16519	  13.316	   0.302	   0.062
079238	137.3600	33.17430	  16.011	   0.682	    0.12
079239	137.3671	33.13919	  16.773	   0.878	   0.352
079240	137.3674	33.18964	  16.164	   0.404	   0.858
079241	137.3827	33.12287	  16.147	   0.655	   0.453
079242	137.3865	33.11756	  16.048	   0.526	   0.134
079243	137.3902	33.12341	  14.225	   0.668	   0.188
079244	137.3949	33.15785	  10.968	   0.287	   0.062
079245	137.4054	33.15973	  16.195	   0.351	   0.113
079247	137.4158	33.16618	  16.344	   0.686	  -0.098
079248	137.4199	33.13835	  12.177	   0.218	   0.046
079249	137.4233	33.18963	  13.817	   0.573	   0.154
079250	137.4253	33.10026	  16.329	   0.582	   0.763
079251	137.4395	33.12529	  14.832	   0.541	   0.268
079252	137.4401	33.16855	  16.243	   0.539	   0.587
079254	137.4527	33.17457	  16.306	    0.84	   0.514
079255	137.4664	33.11321	  16.402	   0.518	   1.018
079256	137.4771	33.15586	  13.932	   0.442	   0.097
079257	137.4850	33.16734	  14.227	   0.607	   0.181
079259	137.5097	33.15355	  16.926	   0.998	   0.183
079260	137.5132	33.11770	  16.389	   0.627	   0.507
079262	137.5244	33.13845	  16.374	   0.669	    0.73
079263	137.5317	33.10062	  11.784	   0.438	   0.097
079264	137.5336	33.11301	  14.664	   0.352	  -0.001
079265	137.5394	33.13201	  14.142	   0.352	   0.062
079227	137.3249	33.20748	  13.997	   0.434	   0.062
079234	137.4198	33.23982	  15.688	   0.709	   0.226
079237	137.4248	33.22665	  16.846	   0.667	   0.844
