# BEGIN CATALOG HEADER 
# catdb sqlcl.query 
# catname dss1@cadc 
# nquery 4 
#     ra 12:12:12.00 hours 
#     dec 10:10:10.0 degrees 
#     radius 5.0 minutes 
#     qsystem J2000.0 INDEF 
# type btext 
# nheader 1 
#     csystem J2000.0 
# nfields 7 
#     objid 1 0 c NDEF %11s 
#     ra 2 0 d degrees %10.5f 
#     dec 3 0 d degrees %10.5f 
#     J 4 0 r INDEF %6.3f 
#     JH 5 0 r INDEF %6.3f 
#     HK 6 0 r INDEF %6.3f 
# END CATALOG HEADER
#
1	137.3086	33.09554	  16.476	   0.598	   0.741
2	137.3342	33.06381	  12.383	   0.314	   0.083
3	137.3413	 33.0882	  15.872	   0.603	    0.15
4	137.3647	33.08270	   15.85	   0.614	   0.024
5	137.3657	33.09259	   17.34	   1.399	   0.139
6	137.3840	33.08771	  15.903	   0.741	  -0.391
7	137.3851	33.08572	  15.622	   0.568	   0.226
8	137.4039	33.09501	   15.89	   0.336	    0.46
9	137.4344	33.08655	  15.887	   0.477	   0.283
10	137.4477	33.08440	  14.033	   0.501	   0.086
11	137.2813	33.15198	  14.853	   0.562	   0.203
12	137.2822	33.14832	  13.889	   0.268	   0.191
13	137.2842	33.14207	  16.664	   0.801	  -0.021
14	137.2906	33.16849	  16.962	   0.948	   0.365
15	137.2936	33.10696	  16.468	   0.688	   0.195
16	137.2968	33.13511	  15.708	   0.289	   0.172
17	137.2993	33.10955	   16.06	   0.311	   0.169
18	137.3096	33.12107	  14.895	   0.703	   0.104
19	137.3156	33.19752	  16.619	   0.608	   0.744
20	137.3268	33.11804	  16.014	   0.643	   0.035
21	137.3489	33.16547	    16.0	   0.584	     0.1
22	137.3571	33.16519	  13.316	   0.302	   0.062
23	137.3600	33.17430	  16.011	   0.682	    0.12
24	137.3671	33.13919	  16.773	   0.878	   0.352
25	137.3674	33.18964	  16.164	   0.404	   0.858
26	137.3827	33.12287	  16.147	   0.655	   0.453
27	137.3865	33.11756	  16.048	   0.526	   0.134
28	137.3902	33.12341	  14.225	   0.668	   0.188
29	137.3949	33.15785	  10.968	   0.287	   0.062
30	137.4054	33.15973	  16.195	   0.351	   0.113
31	137.4158	33.16618	  16.344	   0.686	  -0.098
32	137.4199	33.13835	  12.177	   0.218	   0.046
33	137.4233	33.18963	  13.817	   0.573	   0.154
34	137.4253	33.10026	  16.329	   0.582	   0.763
35	137.4395	33.12529	  14.832	   0.541	   0.268
36	137.4401	33.16855	  16.243	   0.539	   0.587
37	137.4527	33.17457	  16.306	    0.84	   0.514
38	137.4664	33.11321	  16.402	   0.518	   1.018
39	137.3249	33.20748	  13.997	   0.434	   0.062
