# BEGIN CATALOG HEADER
# nfields '+str(nn)+'
#     id 1 0 c INDEF %15s
#     ra 2 0 d degrees %10.5f
#     dec 3 0 d degrees %10.5f
#     magJ  4 0 r INDEF %6.2f
#     magJH 5 0 r INDEF %6.2f
#     magHK 6 0 r INDEF %6.2f
# END CATALOG HEADER
#
013617 	 40.79829 	 37.28478 	15.137 	 0.537 	 0.096	   
013619 	 40.80835 	 37.2869 	13.517 	 0.726 	 0.051	   
013623 	 40.81746 	 37.28129 	15.501 	 0.753 	 0.106	   
013628 	 40.82593 	 37.27429 	13.235 	 0.384 	 0.012	   
013630 	 40.82923 	 37.27210 	17.243 	 0.843 	 0.682	   
013634 	 40.83943 	 37.26712 	14.360 	 0.56 	 -0.102	   
013635 	 40.84005 	 37.28473 	16.760 	 0.708 	 -0.438	   
013638 	 40.84263 	 37.28848 	16.978 	 0.782 	 0.298	   
013639 	 40.84755 	 37.28412 	13.430 	 0.364 	 -0.039	   
013640 	 40.84772 	 37.28566 	16.945 	 0.568 	 0.67	   
013646 	 40.86735 	 37.27680 	14.595 	 0.395 	 0.042	   
013647 	 40.868 	 37.27284 	16.154 	 0.383 	 0.128	   
013648 	 40.86828 	 37.29740 	16.656 	 0.325 	 -0.803	   
013650 	 40.8767 	 37.29522 	11.951 	 0.313 	 0.019	   
013651 	 40.87938 	 37.27554 	16.265 	 0.402 	 -0.405	   
013653 	 40.8842 	 37.29603 	15.761 	 0.606 	 0.074	   
013655 	 40.89195 	 37.29552 	16.983 	 0.783 	 -0.246	   
013662 	 40.90547 	 37.27798 	15.357 	 0.4 	 0.329	   
013667 	 40.91795 	 37.27449 	11.366 	 0.014 	 0.068	   
013670 	 40.92329 	 37.29867 	16.979 	 0.871 	 -0.287	   
013673 	 40.92936 	 37.28703 	14.019 	 0.438 	 0.106	   
013631 	 40.77318 	 37.36127 	14.197 	 0.37 	 -0.017	   
013632 	 40.77367 	 37.35937 	14.983 	 0.325 	 0.054	   
013633 	 40.77629 	 37.37015 	16.191 	 0.677 	 0.548	   
013634 	 40.77977 	 37.30190 	14.360 	 0.56 	 -0.102	   
013635 	 40.78170 	 37.34497 	16.760 	 0.708 	 -0.438	   
013636 	 40.78566 	 37.36518 	14.747 	 0.393 	 0.052	   
013637 	 40.78715 	 37.36328 	16.010 	 0.871 	 0.003	   
013638 	 40.78751 	 37.37849 	16.978 	 0.782 	 0.298	   
013639 	 40.79890 	 37.37360 	13.430 	 0.364 	 -0.039	   
013640 	 40.80008 	 37.38521 	16.945 	 0.568 	 0.67	   
013641 	 40.80064 	 37.33047 	16.187 	 0.728 	 0.189	   
013642 	 40.80120 	 37.32872 	15.591 	 0.406 	 0.06	   
013643 	 40.80174 	 37.33208 	15.877 	 0.254 	 -0.064	   
013644 	 40.8021 	 37.34761 	16.394 	 1.001 	 -0.27	   
013645 	 40.80335 	 37.39745 	16.909 	 0.338 	 0.396	   
013646 	 40.80350 	 37.38288 	14.595 	 0.395 	 0.042	   
013647 	 40.80928 	 37.30561 	16.154 	 0.383 	 0.128	   
013648 	 40.81155 	 37.35728 	16.656 	 0.325 	 -0.803	   
013649 	 40.81946 	 37.37256 	16.178 	 0.348 	 0.062	   
013650 	 40.82051 	 37.36038 	11.951 	 0.313 	 0.019	   
013651 	 40.82076 	 37.31302 	16.265 	 0.402 	 -0.405	   
013652 	 40.82432 	 37.30042 	16.738 	 0.777 	 -0.04	   
013653 	 40.82462 	 37.32470 	15.761 	 0.606 	 0.074	   
013654 	 40.82547 	 37.37706 	15.723 	 0.458 	 -0.113	   
013655 	 40.82912 	 37.32608 	16.983 	 0.783 	 -0.246	   
013656 	 40.83118 	 37.32393 	12.564 	 0.29 	 -0.031	   
013657 	 40.83323 	 37.32507 	16.300 	 0.472 	 0.262	   
013658 	 40.83564 	 37.32934 	14.229 	 0.415 	 -0.078	   
013659 	 40.83606 	 37.37678 	19.119 	 0.125 	 -9980.01  
013660 	 40.83817 	 37.31185 	13.622 	 0.328 	 0.019	   
013661 	 40.84067 	 37.37043 	15.325 	 0.365 	 0.091	   
013662 	 40.84200 	 37.38180 	15.357 	 0.4 	 0.329	   
013663 	 40.84312 	 37.31425 	14.942 	 0.572 	 0.526	   
013664 	 40.84437 	 37.32235 	16.673 	 0.475 	 -0.007	   
013665 	 40.84744 	 37.35131 	16.726 	 0.771 	 0.211	   
013666 	 40.84966 	 37.37522 	17.368 	 0.567 	 0.033	   
013667 	 40.85016 	 37.30855 	11.366 	 0.014 	 0.068	   
013668 	 40.85292 	 37.30287 	14.488 	 0.717 	 0.213	   
013669 	 40.85520 	 37.39601 	14.347 	 0.743 	 0.168	   
013670 	 40.85532 	 37.30344 	16.979 	 0.871 	 -0.287	   
013671 	 40.85619 	 37.36710 	15.766 	 0.811 	 -0.017	   
013672 	 40.8581 	 37.32241 	16.932 	 0.46 	 0.328	   
013673 	 40.85910 	 37.38674 	14.019 	 0.438 	 0.106	   
013674 	 40.85967 	 37.32379 	15.162 	 0.726 	 0.276	   
013675 	 40.86157 	 37.33643 	16.636 	 0.559 	 0.639	   
013676 	 40.86518 	 37.37346 	16.098 	 0.708 	 0.313	   
013677 	 40.86519 	 37.32128 	16.104 	 0.642 	 0.123	   
013678 	 40.86614 	 37.34451 	13.457 	 0.337 	 -0.049	   
013679 	 40.86695 	 37.34689 	15.106 	 0.59 	 0.211	   
013680 	 40.86837 	 37.39862 	14.078 	 0.632 	 0.053	   
013681 	 40.86993 	 37.36722 	16.417 	 0.708 	 0.4	   
013682 	 40.87143 	 37.39836 	15.916 	 0.467 	 0.188	   
013683 	 40.87181 	 37.33205 	13.577 	 0.648 	 0.164	   
013684 	 40.87509 	 37.34133 	14.192 	 0.79 	 0.492	   
013685 	 40.87767 	 37.39877 	12.838 	 0.582 	 0.015	   
013686 	 40.88213 	 37.36956 	13.458 	 0.26 	 0.012	   
013687 	 40.88284 	 37.36632 	16.954 	 1.033 	 0.183	   
013688 	 40.88881 	 37.36616 	16.648 	 0.477 	 0.097	   
013689 	 40.89267 	 37.32037 	14.429 	 0.433 	 -0.006	   
013690 	 40.89546 	 37.39619 	16.079 	 0.465 	 -0.456	   
013691 	 40.89631 	 37.31501 	12.481 	 0.605 	 0.051	   
013692 	 40.89702 	 37.38238 	13.750 	 0.344 	 0.037	   
013693 	 40.89805 	 37.32964 	15.641 	 0.693 	 0.373	   
013694 	 40.89884 	 37.35867 	13.838 	 0.682 	 0.066	   
013695 	 40.90122 	 37.39025 	16.000 	 0.252 	 0.044	   
013696 	 40.90267 	 37.36739 	16.396 	 0.834 	 0.121	   
013697 	 40.90273 	 37.30140 	15.497 	 0.677 	 0.153	   
013698 	 40.90327 	 37.35501 	15.399 	 0.746 	 0.237	   
013699 	 40.90362 	 37.35273 	16.003 	 0.578 	 -0.331	   
013700 	 40.90947 	 37.30814 	15.483 	 0.365 	 0.215	   
013701 	 40.91222 	 37.39567 	16.621 	 0.72 	 0.226	   
013702 	 40.91367 	 37.35273 	13.106 	 0.477 	 0.008	   
013703 	 40.91427 	 37.36891 	16.586 	 0.411 	 0.505	   
013704 	 40.91437 	 37.31939 	15.238 	 0.755 	 0.326	   
013705 	 40.91557 	 37.30633 	15.263 	 0.406 	 0.029	   
013706 	 40.9159 	 37.36662 	17.094 	 0.653 	 0.186	   
013707 	 40.92050 	 37.39573 	16.234 	 0.413 	 -0.203	   
013708 	 40.92141 	 37.32764 	15.540 	 0.553 	 0.092	   
013709 	 40.92733 	 37.33373 	15.149 	 0.38 	 0.041	   
013710 	 40.92938 	 37.31151 	15.834 	 0.301 	 0.331	   
013711 	 40.9312 	 37.36679 	10.143 	 -0.105	0.9352	   
013713 	 40.93976 	 37.30666 	16.029 	 0.786 	 -0.088	   
013714 	 40.94013 	 37.37927 	12.828 	 0.312 	 -0.007	   
013715 	 40.94340 	 37.34153 	15.244 	 0.374 	 -0.105	   
013716 	 40.94417 	 37.3807 	16.651 	 0.684 	 0.144	   
013717 	 40.94713 	 37.31008 	16.423 	 0.636 	 0.563	   
013718 	 40.95037 	 37.37171 	16.745 	 0.483 	 0.425	   
013720 	 40.96081 	 37.33027 	15.223 	 0.382 	 0.187	   
013690 	 40.79457 	 37.40619 	16.079 	 0.465 	 -0.456	   
013695 	 40.81416 	 37.41059 	16.000 	 0.252 	 0.044	   
013707 	 40.83216 	 37.40090 	16.234 	 0.413 	 -0.203	   
013710 	 40.83665 	 37.40138 	15.834 	 0.301 	 0.331	   
013712 	 40.84382 	 37.42625 	16.263 	 0.704 	 -0.08	   
013724 	 40.89439 	 37.41013 	13.179 	 0.375 	 -0.005	   
013729 	 40.90063 	 37.42403 	16.573 	 0.851 	 -0.933	   
013746 	 40.93690 	 37.40463 	16.058 	 0.726 	 0.307     
