# BEGIN CATALOG HEADER
# nfields '+str(nn)+'
#     id 1 0 c INDEF %15s
#     ra 2 0 d degrees %10.5f
#     dec 3 0 d degrees %10.5f
#     magJ  4 0 r INDEF %6.2f
#     magJH 5 0 r INDEF %6.2f
#     magHK 6 0 r INDEF %6.2f
# END CATALOG HEADER
#
013617 	 40.79829 	 37.28478 	 15.160 	 0.587 	 0.155
013619 	 40.80835 	 37.2869 	 13.487 	 0.665 	 0.158
013623 	 40.81746 	 37.28129 	 15.442 	 0.793 	 -0.077
013628 	 40.82593 	 37.27429 	 13.248 	 0.373 	 0.071
013630 	 40.82923 	 37.27210 	 16.972 	 0.602 	 0.729
013634 	 40.83943 	 37.26712 	 15.875 	 0.461 	 0.37
013635 	 40.84005 	 37.28473 	 16.378 	 0.601 	 0.485
013638 	 40.84263 	 37.28848 	 15.601 	 0.601 	 0.209
013639 	 40.84755 	 37.28412 	 16.122 	 0.811 	 0.26
013640 	 40.84772 	 37.28566 	 16.197 	 0.522 	 0.063
013646 	 40.86735 	 37.27680 	 16.841 	 0.397 	 -0.542
013647 	 40.868 	 37.27284 	 13.492 	 0.348 	 0.051
013648 	 40.86828 	 37.29740 	 16.093 	 0.408 	 0.184
013650 	 40.8767 	 37.29522 	 15.875 	 0.468 	 -0.224
013651 	 40.87938 	 37.27554 	 16.703 	 0.312 	 0.533
013653 	 40.8842 	 37.29603 	 15.804 	 0.535 	 0.058
013655 	 40.89195 	 37.29552 	 15.808 	 0.727 	 0.192
013662 	 40.90547 	 37.27798 	 15.357 	 0.73 	 0.288
013667 	 40.91795 	 37.27449 	 15.825 	 0.737 	 -0.189
013670 	 40.92329 	 37.29867 	 16.029 	 0.726 	 -0.087
013673 	 40.92936 	 37.28703 	 16.748 	 0.676 	 0.374
013629 	 40.76361 	 37.35889 	 12.398 	 0.264 	 0.039
013631 	 40.77318 	 37.36127 	 14.241 	 0.358 	 0.056
013632 	 40.77367 	 37.35937 	 14.937 	 0.4 	 0.024
013633 	 40.77629 	 37.37015 	 16.321 	 0.729 	 0.371
013634 	 40.77977 	 37.30190 	 14.621 	 0.522 	 0.147
013635 	 40.78170 	 37.34497 	 16.427 	 0.327 	 0.547
013636 	 40.78566 	 37.36518 	 14.773 	 0.296 	 0.249
013637 	 40.78715 	 37.36328 	 16.028 	 0.746 	 0.16
013638 	 40.78751 	 37.37849 	 16.840 	 0.531 	 0.609
013639 	 40.79890 	 37.37360 	 13.425 	 0.33 	 0.075
013640 	 40.80008 	 37.38521 	 16.837 	 0.57 	 -0.964
013641 	 40.80064 	 37.33047 	 16.230 	 0.758 	 0.205
013642 	 40.80120 	 37.32872 	 15.571 	 0.385 	 -0.137
013643 	 40.80174 	 37.33208 	 15.845 	 0.26 	 0.251
013644 	 40.8021 	 37.34761 	 16.300 	 0.609 	 0.132
013645 	 40.80335 	 37.39745 	 16.940 	 0.74 	 -0.024
013646 	 40.80350 	 37.38288 	 14.630 	 0.373 	 0.22
013647 	 40.80928 	 37.30561 	 16.218 	 0.447 	 0.555
013648 	 40.81155 	 37.35728 	 16.680 	 0.574 	 0.407
013649 	 40.81946 	 37.37256 	 16.172 	 0.294 	 -0.067
013650 	 40.82051 	 37.36038 	 11.963 	 0.322 	 0.049
013651 	 40.82076 	 37.31302 	 16.281 	 0.536 	 0.097
013652 	 40.82432 	 37.30042 	 16.606 	 0.643 	 0.048
013653 	 40.82462 	 37.32470 	 15.781 	 0.527 	 0.158
013654 	 40.82547 	 37.37706 	 15.708 	 0.504 	 -0.011
013655 	 40.82912 	 37.32608 	 16.850 	 0.623 	 0.41
013656 	 40.83118 	 37.32393 	 12.553 	 0.29 	 0.026
013657 	 40.83323 	 37.32507 	 16.129 	 0.235 	 0.182
013658 	 40.83564 	 37.32934 	 14.217 	 0.329 	 0.133
013659 	 40.83606 	 37.37678 	 18.751L 	 0.928 	 2.448
013660 	 40.83817 	 37.31185 	 13.598 	 0.28 	 0.051
013661 	 40.84067 	 37.37043 	 15.384 	 0.449 	 -0.006
013662 	 40.84200 	 37.38180 	 15.418 	 0.435 	 -0.112
013663 	 40.84312 	 37.31425 	 14.872 	 0.6 	 0.159
013664 	 40.84437 	 37.32235 	 16.484 	 0.335 	 -0.08
013665 	 40.84744 	 37.35131 	 16.759 	 0.983 	 -0.612
013666 	 40.84966 	 37.37522 	 16.815 	 -1.07 	 1.483
013667 	 40.85016 	 37.30855 	 11.368 	 0.086 	 0.049
013668 	 40.85292 	 37.30287 	 14.500 	 0.771 	 0.148
013669 	 40.85520 	 37.39601 	 14.345 	 0.682 	 0.231
013670 	 40.85532 	 37.30344 	 17.018 	 1.018 	 -0.344
013671 	 40.85619 	 37.36710 	 15.755 	 0.773 	 0.186
013672 	 40.8581 	 37.32241 	 16.697 	 0.323 	 0.639
013673 	 40.85910 	 37.38674 	 14.017 	 0.416 	 0.081
013674 	 40.85967 	 37.32379 	 15.101 	 0.602 	 0.154
013675 	 40.86157 	 37.33643 	 16.807 	 0.641 	 0.061
013676 	 40.86518 	 37.37346 	 16.173 	 0.764 	 0.377
013677 	 40.86519 	 37.32128 	 16.248 	 0.834 	 0.007
013678 	 40.86614 	 37.34451 	 13.529 	 0.385 	 0.046
013679 	 40.86695 	 37.34689 	 15.146 	 0.575 	 0.158
013680 	 40.86837 	 37.39862 	 14.065 	 0.577 	 0.122
013681 	 40.86993 	 37.36722 	 16.446 	 0.566 	 0.302
013682 	 40.87143 	 37.39836 	 15.969 	 0.346 	 0.046
013683 	 40.87181 	 37.33205 	 13.578 	 0.623 	 0.164
013684 	 40.87509 	 37.34133 	 13.993 	 0.624 	 0.35
013685 	 40.87767 	 37.39877 	 12.866 	 0.473 	 0.162
013686 	 40.88213 	 37.36956 	 13.479 	 0.285 	 0.047
013687 	 40.88284 	 37.36632 	 16.717 	 0.837 	 0.194
013688 	 40.88881 	 37.36616 	 16.597 	 0.549 	 0.269
013689 	 40.89267 	 37.32037 	 14.428 	 0.454 	 -0.037
013690 	 40.89546 	 37.39619 	 15.045 	 0.694 	 -0.004
013691 	 40.89631 	 37.31501 	 12.503 	 0.575 	 0.133
013692 	 40.89702 	 37.38238 	 13.724 	 0.3 	 0.12
013693 	 40.89805 	 37.32964 	 15.548 	 0.599 	 0.169
013694 	 40.89884 	 37.35867 	 13.807 	 0.647 	 0.131
013695 	 40.90122 	 37.39025 	 16.574 	 0.699 	 0.119
013696 	 40.90267 	 37.36739 	 16.694 	 0.688 	 0.409
013697 	 40.90273 	 37.30140 	 15.451 	 0.679 	 0.142
013698 	 40.90327 	 37.35501 	 15.345 	 0.626 	 0.312
013699 	 40.90362 	 37.35273 	 16.022 	 0.529 	 -0.232
013700 	 40.90947 	 37.30814 	 15.466 	 0.523 	 -0.061
013701 	 40.91222 	 37.39567 	 16.706 	 0.751 	 0.302
013702 	 40.91367 	 37.35273 	 13.093 	 0.45 	 0.082
013703 	 40.91427 	 37.36891 	 16.598 	 0.556 	 0.622
013704 	 40.91437 	 37.31939 	 15.260 	 0.76 	 0.178
013705 	 40.91557 	 37.30633 	 15.228 	 0.421 	 -0.012
013706 	 40.9159 	 37.36662 	 16.806 	 0.833 	 -0.514
013707 	 40.92050 	 37.39573 	 16.355 	 0.797 	 0.247
013708 	 40.92141 	 37.32764 	 15.449 	 0.485 	 0.166
013709 	 40.92733 	 37.33373 	 15.093 	 0.43 	 0.097
013710 	 40.92938 	 37.31151 	 16.817 	 0.866 	 0.356
013711 	 40.9312 	 37.36679 	 9.733 	 0.511 	 0.077
013712 	 40.93735 	 37.37111 	 16.084 	 0.13 	 0.397
013713 	 40.93976 	 37.30666 	 15.845 	 0.123 	 0.589
013714 	 40.94013 	 37.37927 	 12.822 	 0.27 	 0.09
013715 	 40.94340 	 37.34153 	 15.255 	 0.506 	 -0.111
013716 	 40.94417 	 37.3807 	 16.672 	 0.848 	 0.284
013717 	 40.94713 	 37.31008 	 16.596 	 0.724 	 0.203
013718 	 40.95037 	 37.37171 	 16.763 	 0.607 	 -1.016
013719 	 40.95045 	 37.33798 	 15.016 	 0.738 	 0.06
013720 	 40.96081 	 37.33027 	 15.201 	 0.428 	 -0.004
013690 	 40.79457 	 37.40619 	 16.299 	 0.72 	 0.052
013695 	 40.81416 	 37.41059 	 16.135 	 0.411 	 -0.11
013707 	 40.83216 	 37.40090 	 16.178 	 0.399 	 -0.08
013710 	 40.83665 	 37.40138 	 16.028 	 0.493 	 0.263
013712 	 40.84382 	 37.42625 	 16.332 	 0.586 	 0.141
013719 	 40.87385 	 37.40834 	 9.928 	 0.54 	 0.091
013724 	 40.89439 	 37.41013 	 13.207 	 0.381 	 0.036
013729 	 40.90063 	 37.42403 	 16.634 	 0.449 	 0.408
013746 	 40.93690 	 37.40463 	 15.998 	 0.542 	 0.386
