# BEGIN CATALOG HEADER
# catdb /Users/stefanovalenti/standard/catalogue.dat
# catname twomass@noao
# nquery 4
#     ra 23:04:52.98 hours
#     dec 12:19:59.5 degrees
#     radius 5.0 minutes
#     qsystem J2000.0 INDEF
# type stext
# nheader 1
#     csystem J2000.0
# nfields 7
#     id 1 0 c INDEF %14s
#     ra 2 0 d degrees %11.6f
#     dec 3 0 d degrees %11.6f
#     mag1 4 0 r INDEF %7.3f
#     mag2 5 0 r INDEF %7.3f
#     mag3 6 0 r INDEF %7.3f
#     dist 7 0 r minutes %6.2f
# END CATALOG HEADER
#
 840  346.1595  12.29325  15.697  0.423  0.543
 841  346.1599  12.28865  14.629  0.465  -0.141
 842  346.1812  12.29863  17.247  0.812  1.063
 844  346.1853  12.27119  14.679  0.572  0.339
 845  346.1873  12.27487  15.440  0.404  0.297
 848  346.1939  12.26252  15.914  0.743  -0.035
 851  346.2071  12.25113  16.068  0.265  0.441
 857  346.2304  12.28454  16.787  0.603  0.603
 858  346.2357  12.25468  16.940  0.872  0.673
 859  346.2421  12.29919  14.383  0.454  -0.011
 860  346.2529  12.26598  13.786  0.26  0.027
 461  346.1371  12.32288  16.156  0.683  0.084
 464  346.1457  12.31138  14.065  0.337  0.022
 466  346.1556  12.36879  15.022  0.662  0.142
 467  346.1611  12.34120  15.121  0.421  0.087
 468  346.1636  12.35729  15.276  0.185  0.226
 469  346.1660  12.36973  15.739  0.84  0.181
 470  346.1673  12.36911  14.555  0.637  0.207
 471  346.1757  12.32983  16.415  0.763  0.225
 472  346.1766  12.38122  14.896  0.58  0.187
 473  346.1799  12.37566  16.600  0.893  0.345
 474  346.1818  12.33387  13.559  0.438  0.056
 475  346.1821  12.35815  16.309  0.58  0.253
 477  346.1844  12.32272  15.194  0.48  0.114
 478  346.1847  12.31112  15.070  0.472  0.128
 479  346.1867  12.37050  17.060  0.929  1.049
 482  346.1891  12.39296  12.660  0.362  0.035
 483  346.1937  12.38113  13.214  0.483  0.065
 485  346.2035  12.32605  15.100  0.145  0.238
 486  346.2127  12.32325  15.040  0.608  0.298
 488  346.2239  12.31660  12.900  0.406  0.037
 489  346.2267  12.33614  13.857  0.532  0.095
 491  346.2331  12.34053  16.578  0.327  0.423
 493  346.2348  12.39502  14.709  0.741  0.092
 500  346.2360  12.32291  12.775  0.782  0.508
 502  346.2363  12.32779  15.281  0.75  0.393
 505  346.2373  12.34418  11.700  0.456  0.11
 506  346.2466  12.32738  14.352  0.605  0.253
 507  346.2550  12.34582  16.001  0.78  -0.043
 509  346.2576  12.35173  13.981  0.612  0.084
 510  346.2581  12.36786  14.998  0.514  0.086
 511  346.2592  12.39677  16.270  0.45  0.157
 512  346.2605  12.34625  16.007  0.603  0.106
 513  346.2618  12.33147  15.992  0.35  0.354
 514  346.2671  12.30123  16.672  0.816  0.454
 516  346.2715  12.31894  14.279  0.652  0.172
 518  346.2758  12.30097  15.305  0.54  0.341
 520  346.2786  12.33997  16.066  0.459  0.41
 521  346.2840  12.36362  15.245  0.447  0.048
 522  346.2843  12.34220  15.525  0.369  0.108
 523  346.2852  12.36364  15.932  0.333  0.372
 576  346.1990  12.40834  16.382  0.67  0.177
 583  346.2265  12.40920  16.327  0.622  0.419
 588  346.2420  12.40755  13.241  0.344  0.052
 592  346.2512  12.40788  16.427  0.579  0.359
  1   346.265370 12.3185427  20   0.0    0.0
  2   346.246240 12.3275726  20   0.0    0.0
  3   346.241894 12.2989917  20   0.0    0.0
  4   346.267261 12.3012272  20   0.0    0.0
