# BEGIN CATALOG HEADER
# catdb /Users/stefanovalenti/standard/catalogue.dat
# catname twomass@noao
# nquery 4
#     ra 23:04:52.98 hours
#     dec 12:19:59.5 degrees
#     radius 5.0 minutes
#     qsystem J2000.0 INDEF
# type stext
# nheader 1
#     csystem J2000.0
# nfields 7
#     id 1 0 c INDEF %14s
#     ra 2 0 d degrees %11.6f
#     dec 3 0 d degrees %11.6f
#     mag1 4 0 r INDEF %7.3f
#     mag2 5 0 r INDEF %7.3f
#     mag3 6 0 r INDEF %7.3f
#     dist 7 0 r minutes %6.2f
# END CATALOG HEADER
#
 485  346.2035  12.32605  15.100  0.145  0.238
 491  346.2331  12.34053  16.578  0.327  0.423
 488  346.2239  12.31660  12.900  0.406  0.037
 489  346.2267  12.33614  13.857  0.532  0.095
 507  346.2550  12.34582  16.001  0.78  -0.043
 506  346.2466  12.32738  14.352  0.605  0.253
 509  346.2576  12.35173  13.981  0.612  0.084
 841  346.1599  12.28865  14.629  0.465  -0.141
 844  346.1853  12.27119  14.679  0.572  0.339
 845  346.1873  12.27487  15.440  0.404  0.297
 848  346.1939  12.26252  15.914  0.743  -0.035
 859  346.2421  12.29919  14.383  0.454  -0.011
 860  346.2529  12.26598  13.786  0.26  0.027
 464  346.1457  12.31138  14.065  0.337  0.022
 466  346.1556  12.36879  15.022  0.662  0.142
 467  346.1611  12.34120  15.121  0.421  0.087
 468  346.1636  12.35729  15.276  0.185  0.226
 470  346.1673  12.36911  14.555  0.637  0.207
 472  346.1766  12.38122  14.896  0.58  0.187
 474  346.1818  12.33387  13.559  0.438  0.056
 477  346.1844  12.32272  15.194  0.48  0.114
 478  346.1847  12.31112  15.070  0.472  0.128
 482  346.1891  12.39296  12.660  0.362  0.035
 483  346.1937  12.38113  13.214  0.483  0.065
 486  346.2127  12.32325  15.040  0.608  0.298
 493  346.2348  12.39502  14.709  0.741  0.092
 505  346.2373  12.34418  11.700  0.456  0.11
 510  346.2581  12.36786  14.998  0.514  0.086
 513  346.2618  12.33147  15.992  0.35  0.354
 516  346.2715  12.31894  14.279  0.652  0.172
 518  346.2758  12.30097  15.305  0.54  0.341
 588  346.2420  12.40755  13.241  0.344  0.052
