# BEGIN CATALOG HEADER 
# catdb sqlcl.query 
# catname dss1@cadc 
# nquery 4 
#     ra 12:12:12.00 hours 
#     dec 10:10:10.0 degrees 
#     radius 5.0 minutes 
#     qsystem J2000.0 INDEF 
# type btext 
# nheader 1 
#     csystem J2000.0 
# nfields 7 
#     objid 1 0 c NDEF %11s 
#     ra 2 0 d degrees %10.5f 
#     dec 3 0 d degrees %10.5f 
#     J 4 0 r INDEF %6.3f 
#     JH 5 0 r INDEF %6.3f 
#     HK 6 0 r INDEF %6.3f 
# END CATALOG HEADER
#
079606	162.0728	12.48341	  16.407	   0.698	  -0.014
079607	162.0736	12.46788	  15.286	    0.69	   0.258
079611	162.0910	12.49235	  15.527	   0.567	   0.066
079612	162.0942	12.49861	  16.398	    0.79	   0.542
079613	162.0968	 12.4675	  12.465	   0.304	   0.081
079614	162.0990	12.46645	  15.175	   0.674	   0.052
079615	162.1028	12.47429	  14.514	    0.69	   0.376
079619	162.1109	12.45688	  16.788	   0.972	   0.169
079624	162.1198	12.48185	  16.521	   0.593	   0.261
079625	162.1209	12.46362	  15.779	    0.52	   0.355
079626	162.1366	12.48253	  14.843	   0.711	   0.347
079627	162.1379	12.46104	  15.419	    0.48	    0.16
079630	162.1424	12.45929	  15.436	   0.495	   0.404
079632	162.1583	12.48166	  15.618	   0.635	   0.328
079633	162.1584	12.46845	  15.826	   0.609	   0.276
080114	162.0498	12.56688	  16.463	   0.771	   0.555
080115	162.0506	12.50438	   16.31	   0.847	   0.434
080116	162.0521	12.51671	  15.411	   0.393	   0.026
080117	162.0684	12.56549	   16.78	    0.62	   0.633
080118	162.0694	12.53793	  15.065	   0.667	   0.414
080119	162.0814	12.51273	  15.213	   0.738	   0.124
080122	162.0898	12.56336	   15.56	   0.403	  -0.067
080123	162.0906	12.55790	  16.886	   0.855	   0.382
080124	162.0951	12.57605	  14.647	   0.666	   0.125
080126	162.1041	12.58933	  16.442	   0.917	   0.072
080128	162.1075	12.53149	  16.824	   1.149	   0.389
080130	162.1150	12.59443	  16.534	   0.723	   0.394
080131	162.1159	12.51944	  14.037	   0.543	   0.123
080133	162.1170	12.54070	  15.895	   0.682	  -0.106
080135	162.1176	12.52983	  14.219	   0.491	    0.14
080137	162.1248	12.57458	  17.619	   1.021	   1.141
080141	162.1315	12.57211	  13.056	    0.31	    0.09
080142	162.1400	12.52673	  16.326	   0.916	   0.108
080144	162.1579	12.57406	  16.206	   0.391	   0.217
080145	162.1675	12.51235	  15.392	   0.627	   0.188
080146	162.1680	12.53145	   16.98	   0.932	   0.192
080148	162.1763	12.53988	  16.782	   0.845	   0.044
080149	162.1779	12.55350	  11.969	   0.496	   0.112
080150	162.1837	12.56573	  14.119	   0.569	   0.126
080114	162.0837	12.60905	  15.224	   0.602	   0.061
080119	162.0991	12.60594	   13.22	   0.313	   0.041
080124	162.1303	12.60090	   14.54	   0.414	   0.038
