# BEGIN CATALOG HEADER 
# catdb sqlcl.query 
# catname dss1@cadc 
# nquery 4 
#     ra 12:12:12.00 hours 
#     dec 10:10:10.0 degrees 
#     radius 5.0 minutes 
#     qsystem J2000.0 INDEF 
# type btext 
# nheader 1 
#     csystem J2000.0 
# nfields 7 
#     objid 1 0 c NDEF %11s 
#     ra 2 0 d degrees %10.5f 
#     dec 3 0 d degrees %10.5f 
#     J 4 0 r INDEF %6.3f 
#     JH 5 0 r INDEF %6.3f 
#     HK 6 0 r INDEF %6.3f 
# END CATALOG HEADER
#
817	237.3704	-29.4230	  16.209	   0.712	   0.192
818	237.3706	-29.4310	  15.802	   0.177	   0.528
828	237.3797	-29.4389	  15.503	   0.466	   0.107
830	237.3824	-29.4170	  15.241	   0.478	   0.015
831	237.3826	-29.4195	  16.161	   0.585	   0.243
832	237.3851	-29.4171	  15.416	   0.408	    0.29
834	237.3893	-29.4285	  11.838	   0.612	   0.139
835	237.3900	-29.4094	  15.582	    0.38	  -0.005
838	237.3909	-29.4332	  13.844	   0.641	    0.13
839	237.3918	-29.4203	   11.61	   0.245	   0.093
840	237.3929	-29.4135	   15.09	   0.429	   0.122
842	237.3955	-29.4230	  16.929	   0.647	   0.677
845	237.3972	-29.4420	  13.426	   0.649	   0.109
848	237.4002	-29.4488	  14.847	   0.366	   0.051
849	237.4005	-29.4076	  15.275	   0.485	    0.03
852	237.4018	-29.4211	  16.256	   0.315	   0.465
853	237.4024	-29.4182	  16.319	   0.962	  -0.059
855	237.4033	-29.4078	  15.833	   0.424	   0.124
857	237.4061	-29.4004	  13.324	   0.284	   0.035
858	237.4064	-29.4563	  16.562	   0.587	   0.313
863	237.4119	-29.4470	  14.658	   0.418	    0.14
864	237.4132	-29.4263	   8.454	   0.071	   0.058
865	237.4136	-29.4038	  14.931	   0.465	    0.11
868	237.4154	-29.4399	   15.28	   0.586	  -0.113
869	237.4157	-29.4617	  13.424	   0.342	   0.044
870	237.4184	-29.4023	  16.305	   0.372	   0.554
871	237.4184	-29.4548	  14.776	   0.427	   -0.08
873	237.4199	-29.4240	  13.826	   0.596	  -0.013
874	237.4213	-29.4142	  16.767	    0.66	   0.096
878	237.4258	-29.4611	  11.936	   0.485	   0.084
883	237.4318	-29.4288	   15.78	   0.338	   0.027
884	237.4325	-29.4110	  13.906	   0.352	   0.025
890	237.4421	-29.4196	  15.472	   0.244	    0.31
892	237.4465	-29.4461	  16.947	   0.803	   0.501
896	237.4498	-29.4149	  15.139	   0.535	   0.205
898	237.4524	-29.4436	  13.267	   0.298	   0.083
900	237.4560	-29.4332	   15.38	   0.344	    0.13
901	237.4560	-29.4018	  16.064	   0.993	  -0.147
903	237.4586	-29.4362	  15.224	   0.302	   0.134
906	237.4613	-29.4037	  16.314	   0.603	   0.549
907	237.4616	-29.4163	  16.329	   0.619	   0.117
908	237.4620	-29.4212	  15.324	   0.632	  -0.013
909	237.4625	-29.4289	   15.73	    0.57	  -0.045
910	237.4635	-29.4395	  16.656	   0.648	   0.274
911	237.4649	-29.4189	   16.93	   1.209	   0.053
914	237.4659	-29.4001	  15.789	   0.325	   0.326
917	237.4719	-29.4092	  12.457	   0.664	   0.159
919	237.4735	-29.4436	  15.167	   0.714	   0.125
920	237.4739	-29.4009	   15.25	   0.775	   0.109
921	237.4771	-29.4490	  14.934	    0.39	   0.049
922	237.4775	-29.4527	  15.053	   0.298	   0.095
924	237.4788	-29.4059	  15.599	   0.563	  -0.057
928	237.4867	-29.4298	  15.531	   0.609	   0.191
930	237.4873	-29.4209	   15.69	   0.511	   0.246
931	237.4875	-29.4335	  12.471	   0.311	   0.101
932	237.4887	-29.4285	  15.032	   0.391	   0.116
933	237.4908	-29.4432	  15.567	    0.65	   0.023
939	237.5007	-29.4256	  15.561	   0.533	   0.174
940	237.5007	-29.4127	  16.218	   0.354	  -0.113
941	237.5021	-29.4339	  14.264	   0.726	   0.258
943	237.5046	-29.4234	  14.064	   0.557	   0.154
947	237.5049	-29.4458	  16.377	   0.195	   0.417
949	237.5076	-29.4001	  16.168	   0.471	   0.082
954	237.5120	-29.4261	  16.206	   0.534	   0.231
956	237.5131	-29.4319	  16.459	   0.695	   0.247
958	237.5143	-29.4026	  16.205	   0.516	   0.113
959	237.5164	-29.4201	  16.594	   1.094	   0.196
960	237.5174	-29.4380	  15.775	   0.309	   0.106
961	237.5189	-29.4047	  15.968	   0.311	   0.465
963	237.5215	-29.4294	  12.597	   0.667	   0.145
982	237.5339	-29.4197	   13.09	    0.59	   0.116
989	237.5406	-29.4052	  13.725	   0.649	   0.095
895	237.3553	-29.3913	  14.918	   0.442	   0.016
902	237.3593	-29.3953	  14.731	   0.471	   0.115
904	237.3598	 -29.377	  15.421	   0.622	   0.062
907	237.3635	-29.3831	  15.654	   0.411	   0.169
909	237.3650	-29.3579	  13.277	   0.363	   0.118
910	237.3659	-29.3437	  13.935	    0.37	   0.032
912	237.3685	-29.3480	  16.143	   0.326	   0.364
913	237.3693	-29.3652	  16.867	   0.945	   0.519
914	237.3718	-29.3999	  14.926	   0.335	   0.066
917	237.3764	-29.3979	  15.474	   0.643	    0.17
918	237.3778	-29.3910	  15.854	   0.288	   0.234
919	237.3792	-29.3675	  11.204	   0.589	   0.091
921	237.3815	-29.3726	  15.391	   0.597	    0.38
922	237.3822	-29.3708	  16.151	   0.446	   0.532
929	237.3856	-29.3941	  14.926	    0.38	   0.057
930	237.3862	-29.3265	  14.306	   0.406	   0.118
931	237.3866	-29.3740	  16.483	   0.739	   0.151
932	237.3871	-29.3464	  15.278	   0.696	   0.192
934	237.3885	-29.3930	  15.925	   0.616	   0.354
935	237.3887	-29.3319	  14.435	   0.493	   0.019
936	237.3901	-29.3648	  16.157	   0.684	  -0.014
938	237.3926	-29.3845	  15.608	   0.474	  -0.086
939	237.3929	-29.3463	  15.635	   0.465	   0.014
940	237.3933	-29.3586	  15.279	   0.416	   0.039
942	237.3950	-29.3506	  15.563	   0.784	   0.118
943	237.3966	-29.3349	  13.441	   0.342	   0.123
944	237.4002	-29.3891	  15.267	   0.622	    0.21
946	237.4007	-29.3429	  14.298	    0.39	  -0.021
947	237.4011	-29.3341	  16.026	   0.522	   0.664
952	237.4030	-29.3315	  13.752	   0.403	   0.131
953	237.4031	-29.3583	  14.753	   0.586	    0.15
955	237.4037	-29.3690	  16.174	   0.609	  -0.043
956	237.4038	-29.3674	  16.776	   0.342	   0.745
957	237.4056	-29.3922	  16.283	   0.589	   0.369
958	237.4056	-29.3459	  15.366	   0.542	   0.009
959	237.4064	-29.3856	  14.745	     0.7	   0.155
960	237.4071	-29.3558	  14.798	   0.726	  -0.022
961	237.4072	-29.3662	  13.455	   0.343	   0.034
964	237.4127	-29.3877	  16.078	   0.411	   0.182
965	237.4151	-29.3410	   14.44	   0.323	   0.098
968	237.4175	-29.3743	  16.343	   0.532	   0.143
969	237.4176	-29.3453	  15.678	   0.272	   0.261
970	237.4212	-29.3719	  14.569	   0.337	   0.046
971	237.4227	-29.3041	  15.239	   0.303	   0.147
973	237.4242	-29.3720	  15.483	   0.483	  -0.018
974	237.4246	-29.3488	  15.968	   -0.12	   0.482
975	237.4248	-29.3129	  16.007	   0.816	  -0.026
977	237.4275	-29.3298	  16.364	   0.697	   0.149
978	237.4294	-29.3902	  16.871	   0.709	   0.641
979	237.4313	-29.3507	   15.67	   0.363	  -0.425
980	237.4324	-29.3566	  16.122	    0.59	   0.169
981	237.4334	-29.3340	  16.271	   0.325	   0.197
983	237.4347	-29.3979	  14.859	   0.374	   0.014
984	237.4353	-29.3187	  15.463	   0.695	   0.242
985	237.4372	-29.3408	  13.379	   0.654	   0.131
986	237.4377	-29.3377	  12.659	   0.533	   0.097
987	237.4378	-29.3390	  15.432	   0.385	   0.146
988	237.4387	-29.3242	  13.194	   0.154	   0.097
989	237.4409	-29.3937	  15.533	   0.419	   0.077
991	237.4413	-29.3163	  16.249	   0.695	    0.22
992	237.4437	-29.3644	  16.241	   0.495	    0.21
993	237.4444	-29.3798	  12.591	   0.338	   0.058
995	237.4461	-29.3773	  15.607	   0.307	   0.121
996	237.4468	-29.3084	  12.265	   0.618	   0.159
997	237.4476	-29.3668	  13.504	   0.209	   0.149
000	237.4509	-29.3654	  16.424	   0.529	   0.392
002	237.4526	-29.3358	  16.325	   0.463	   0.273
003	237.4527	-29.3557	  16.032	   0.463	    0.05
006	237.4546	-29.3173	   15.38	   0.489	  -0.214
009	237.4561	-29.3699	  14.693	    0.75	   0.197
010	237.4564	-29.3868	  11.515	   0.909	   0.657
011	237.4567	-29.3901	  13.788	   0.882	   0.446
012	237.4573	-29.3199	  14.762	   0.516	   0.178
013	237.4598	-29.3982	  15.072	   0.589	  -0.061
014	237.4609	-29.3585	  14.588	    0.35	   0.163
017	237.4641	-29.3346	  15.393	   0.767	   0.146
018	237.4655	-29.3492	   16.12	    0.67	    0.14
019	237.4657	-29.3782	  16.065	   0.879	   0.198
020	237.4664	-29.3691	  16.405	   0.594	   0.552
021	237.4680	-29.3407	  14.694	   0.396	    0.18
022	237.4687	-29.3196	  13.904	    0.35	   0.075
023	237.4687	-29.3046	  15.671	   0.586	    0.04
024	237.4688	-29.3789	  15.458	   0.711	   0.086
025	237.4711	-29.3664	  16.046	   0.619	   0.245
026	237.4712	-29.3170	  16.216	   0.823	   0.137
027	237.4736	-29.3672	   16.24	   0.659	   0.359
028	237.4744	-29.3451	  15.619	   0.769	   0.062
030	237.4799	-29.3307	  15.112	   0.468	   0.094
032	237.4838	-29.3792	  13.799	   0.412	   0.148
034	237.4857	-29.3250	  16.237	   0.463	  -0.018
035	237.4877	-29.3974	  13.376	   0.344	   0.055
036	237.4878	-29.3450	  15.608	   0.636	   0.195
037	237.4884	-29.3525	  16.067	   0.848	   0.342
038	237.4924	-29.3815	  15.285	   0.703	   0.071
039	237.4924	-29.3929	    16.8	   0.747	   0.342
042	237.4944	-29.3678	   16.25	   0.775	  -0.007
043	237.4956	-29.3162	  14.983	   0.616	   0.213
044	237.4967	-29.3886	  16.093	   0.393	   0.326
045	237.4970	-29.3212	  16.176	   0.327	   0.679
046	237.4974	-29.3829	  11.083	    0.57	    0.11
048	237.4988	-29.3795	  14.498	    0.38	   0.169
049	237.5007	-29.3901	  16.201	   0.827	  -0.037
050	237.5026	-29.3356	   15.02	   0.693	  -0.022
051	237.5028	-29.3565	  15.565	    0.35	   0.209
052	237.5048	-29.3839	  15.393	   0.345	  -0.118
053	237.5051	-29.3977	  16.864	   0.906	   0.499
054	237.5055	-29.3629	  15.964	   0.656	  -0.126
056	237.5063	-29.3197	  15.756	   0.589	   0.018
057	237.5066	-29.3664	  14.107	   0.642	   0.244
060	237.5083	-29.3841	  11.324	   0.727	   0.153
061	237.5091	-29.3685	  15.851	   0.342	   0.135
064	237.5122	-29.3488	  16.393	   0.533	   0.401
065	237.5134	-29.3557	   16.62	    0.93	   0.172
068	237.5159	-29.3664	  15.808	   0.645	   0.109
069	237.5200	-29.3407	   15.53	   0.412	   0.077
072	237.5228	-29.3889	  15.702	   0.417	   0.087
074	237.5277	-29.3778	  15.622	   0.371	   0.071
075	237.5281	-29.3704	  15.692	   0.404	   0.178
076	237.5289	-29.3543	  16.035	   0.386	   0.296
079	237.5304	-29.3604	  15.054	   0.554	   0.267
080	237.5304	-29.3972	  14.401	   0.427	   0.047
081	237.5305	-29.3778	  16.363	   0.423	   0.192
083	237.5318	-29.3565	  14.913	   0.389	   0.047
084	237.5320	-29.3850	   13.86	   0.348	   0.065
086	237.5340	-29.3559	  14.832	   0.297	   0.112
087	237.5343	-29.3627	  13.682	   0.344	   0.084
094	237.5375	-29.3588	  12.632	   0.395	   0.056
095	237.5378	-29.3857	  13.533	   0.591	   0.127
096	237.5381	-29.3709	    15.3	   0.396	  -0.088
100	237.5420	-29.3739	    15.4	   0.562	  -0.052
