# BEGIN CATALOG HEADER 
# nfields '+str(nn)+' 
#     id 1 0 c INDEF %15s 
#     ra 2 0 d degrees %10.5f 
#     dec 3 0 d degrees %10.5f 
#     magJ  4 0 r INDEF %6.2f 
#     magJH 5 0 r INDEF %6.2f 
#     magHK 6 0 r INDEF %6.2f 
# END CATALOG HEADER 
#
  1	194.212891   22.3979541     	16.425	0.844	0.1718
  2	194.232266   22.4072891     	18.316	0.827	-0.399
  3	194.240288   22.4194102     	19.142	1.379	-1.51 
  4	194.265461   22.3928207     	 17.87	0.5335	-0.302
  5	194.276040   22.3861490     	16.736	0.8605	0.5365
  6	194.246888   22.3214641     	17.608	0.374	9999  
  7	194.197410   22.3154596     	20.413	0.147	9999  
  8	194.295384   22.3156020     	17.791	0.881	9999  
  9	194.302715   22.3425834     	17.361	0.897	9999  
  10	194.305813   22.3494246     	17.661	1.671	9999  
  11	194.309537   22.3607099     	18.939	1.769	9999  
  12	194.311811   22.3742640     	14.848	0.601 	9999  
  13	194.320731   22.4036077     	14.281	0.452	9999  
  14	194.327708   22.4187192     	 9999	9999	9999  
  15	194.307931   22.4249600     	18.633	0.064	9999  
  16	194.300814   22.4103815     	17.073	0.735	9999  
  17	194.273762   22.4430005     	18.853	0.747	9999  
  18	194.264741   22.4285712     	 18.67	0.702	9999  
  19	194.238321   22.4458589     	 14.88	0.838	9999  
  20	194.238740   22.4384188     	19.315	1.081	9999  
  21	194.199564   22.4489127     	18.084	1.202	9999  
