# BEGIN CATALOG HEADER
# catdb sqlcl.query
# catname dss1@cadc
# nquery 4
#     ra 12:12:12.00 hours
#     dec 10:10:10.0 degrees
#     radius 5.0 minutes
#     qsystem J2000.0 INDEF
# type btext
# nheader 1
#     csystem J2000.0
# nfields 7
#     objid 1 0 c NDEF %11s
#     ra 2 0 d degrees %10.5f
#     dec 3 0 d degrees %10.5f
#     J 4 0 r INDEF %6.3f
#     JH 5 0 r INDEF %6.3f
#     HK 6 0 r INDEF %6.3f
# END CATALOG HEADER
#
0  289.786132   -33.731930   16.253000   0.625000   -0.852000
1  289.786150   -33.813938   16.019000   0.211000   0.181000
2  289.788184   -33.790924   16.007000   -0.046000   0.034000
3  289.789359   -33.813446   14.491000   0.380000   0.229000
4  289.789380   -33.708557   16.807000   0.460000   -0.389000
5  289.789555   -33.701706   15.054000   0.391000   0.114000
6  289.790121   -33.767563   16.742000   0.790000   0.643000
7  289.791236   -33.722485   12.267000   0.264000   0.083000
8  289.791660   -33.815155   16.230000   0.766000   0.047000
9  289.791858   -33.726109   16.707000   0.423000   1.336000
10  289.791992   -33.759857   15.201000   0.287000   0.277000
11  289.792415   -33.706097   16.778000   0.720000   0.154000
12  289.793080   -33.852684   11.988000   0.669000   0.206000
13  289.793563   -33.753021   12.543000   0.495000   0.061000
14  289.793968   -33.708527   16.160000   0.682000   -0.521000
15  289.794310   -33.772381   16.705000   1.078000   -0.485000
16  289.795087   -33.722858   16.327000   0.479000   0.054000
17  289.796186   -33.687740   13.859000   0.297000   0.056000
18  289.796464   -33.754604   12.607000   0.653000   0.204000
19  289.796474   -33.682350   10.727000   0.264000   0.047000
20  289.797536   -33.840500   15.833000   0.290000   -0.466000
21  289.797644   -33.686546   15.170000   0.595000   0.176000
22  289.798053   -33.704136   15.734000   0.583000   0.013000
23  289.798936   -33.830647   16.708000   -0.294000   1.227000
24  289.799665   -33.742710   14.503000   0.388000   0.012000
25  289.799834   -33.813427   15.684000   0.504000   -0.049000
26  289.799860   -33.777969   15.484000   0.363000   -0.062000
27  289.800815   -33.718563   15.535000   0.355000   0.525000
28  289.802006   -33.683399   16.960000   0.743000   0.151000
29  289.802326   -33.701195   16.717000   0.615000   -0.050000
30  289.802960   -33.762890   12.562000   0.652000   0.082000
31  289.803027   -33.720974   10.375000   0.188000   0.015000
32  289.804375   -33.735397   14.864000   0.550000   -0.307000
33  289.804673   -33.822960   16.522000   0.383000   0.359000
34  289.804791   -33.806248   13.415000   0.786000   0.085000
35  289.805064   -33.671818   13.706000   0.625000   0.224000
36  289.805151   -33.720802   14.578000   0.395000   -0.193000
37  289.805580   -33.717064   15.878000   0.443000   -0.177000
38  289.805987   -33.757481   16.612000   0.461000   0.527000
39  289.806034   -33.850986   15.746000   0.463000   0.110000
40  289.806458   -33.687359   16.663000   0.980000   0.261000
41  289.809054   -33.851505   13.899000   0.540000   0.107000
42  289.809312   -33.824318   12.583000   0.526000   0.088000
43  289.809729   -33.789352   16.555000   1.206000   -0.383000
44  289.809799   -33.817451   16.541000   0.307000   0.589000
45  289.810551   -33.713612   10.442000   0.211000   0.036000
46  289.811049   -33.751194   16.894000   1.569000   -0.377000
47  289.811124   -33.736588   16.371000   0.500000   -0.157000
48  289.811216   -33.694561   15.755000   0.408000   -0.040000
49  289.811333   -33.709229   16.321000   0.523000   -0.099000
50  289.811359   -33.729797   14.736000   0.455000   0.060000
51  289.812099   -33.680927   16.673000   0.853000   0.150000
52  289.812171   -33.772663   16.600000   0.473000   -0.911000
53  289.812528   -33.751022   15.401000   0.395000   -0.026000
54  289.812610   -33.826214   16.507000   0.527000   0.479000
55  289.812690   -33.711514   16.309000   0.573000   0.359000
56  289.812867   -33.722572   14.630000   0.347000   0.097000
57  289.812949   -33.714630   11.642000   0.450000   0.091000
58  289.813030   -33.737442   16.249000   -1.436000   1.606000
59  289.814586   -33.695683   16.472000   0.397000   0.306000
60  289.814612   -33.669827   16.764000   0.455000   0.599000
61  289.815266   -33.689739   12.432000   0.585000   0.067000
62  289.815602   -33.736786   16.665000   0.540000   1.062000
63  289.815927   -33.704041   14.491000   0.507000   0.078000
64  289.815978   -33.730057   16.146000   0.522000   -0.011000
65  289.816557   -33.739170   16.942000   0.508000   1.072000
66  289.819489   -33.803902   14.483000   0.398000   0.078000
67  289.819770   -33.771999   15.785000   0.479000   -0.047000
68  289.820700   -33.777767   12.829000   0.553000   0.090000
69  289.821636   -33.756973   11.232000   0.394000   0.078000
70  289.822011   -33.749828   16.588000   0.531000   0.549000
71  289.822229   -33.830898   16.530000   0.862000   0.073000
72  289.822869   -33.833736   15.184000   0.512000   0.191000
73  289.823145   -33.690910   14.580000   0.569000   0.062000
74  289.824541   -33.828091   15.300000   0.340000   0.016000
75  289.824657   -33.787643   13.057000   0.585000   0.124000
76  289.824753   -33.687904   16.441000   0.584000   0.279000
77  289.826107   -33.821068   16.203000   0.389000   0.177000
78  289.826642   -33.727001   14.824000   0.454000   -0.041000
79  289.826849   -33.805729   16.580000   0.146000   0.871000
80  289.827585   -33.673370   15.200000   0.378000   0.117000
81  289.827822   -33.777180   12.786000   0.310000   0.090000
82  289.828111   -33.671429   16.885000   0.752000   0.640000
83  289.828246   -33.724876   17.157000   1.074000   0.254000
84  289.828335   -33.738461   16.437000   0.378000   0.080000
85  289.828647   -33.754761   15.966000   0.605000   0.207000
86  289.828942   -33.833241   15.639000   0.625000   0.129000
87  289.829116   -33.769863   16.854000   0.317000   0.395000
88  289.829227   -33.743999   16.393000   0.575000   0.294000
89  289.830976   -33.789227   16.808000   0.950000   0.498000
90  289.831749   -33.807178   16.363000   0.964000   -0.016000
91  289.831869   -33.843948   16.668000   0.876000   0.503000
92  289.833104   -33.715004   16.687000   0.865000   0.154000
93  289.833697   -33.743610   15.657000   0.636000   0.075000
94  289.834260   -33.786613   15.980000   0.603000   0.325000
95  289.834354   -33.843292   14.959000   0.678000   0.231000
96  289.834798   -33.812630   15.933000   0.356000   0.143000
97  289.834911   -33.787525   14.139000   0.517000   0.128000
98  289.835519   -33.681343   15.258000   0.779000   0.078000
99  289.835776   -33.821796   15.949000   0.409000   0.047000
100  289.835838   -33.825115   16.825000   0.463000   1.089000
101  289.835998   -33.685158   15.070000   0.356000   -0.010000
102  289.836241   -33.836445   12.741000   0.674000   0.170000
103  289.836304   -33.830219   16.490000   0.704000   -0.108000
104  289.836564   -33.790977   16.428000   0.307000   0.530000
105  289.836576   -33.676140   9.836000   0.545000   0.129000
106  289.838173   -33.772301   15.589000   0.613000   -0.101000
107  289.838423   -33.768257   13.847000   0.477000   0.061000
108  289.839603   -33.713501   16.811000   0.105000   1.273000
109  289.839925   -33.695354   15.714000   0.345000   0.053000
110  289.839935   -33.779396   16.366000   0.431000   0.159000
111  289.840379   -33.726082   15.180000   0.651000   0.276000
112  289.840685   -33.767284   11.890000   0.477000   0.131000
113  289.840873   -33.781605   15.120000   0.402000   -0.093000
114  289.841503   -33.770527   16.060000   0.332000   -0.217000
115  289.841527   -33.846592   16.242000   0.505000   0.068000
116  289.842530   -33.807030   15.252000   0.540000   -0.167000
117  289.843203   -33.731480   15.285000   0.312000   0.080000
118  289.843390   -33.722111   16.517000   0.275000   0.744000
119  289.844140   -33.793682   13.901000   0.463000   0.027000
120  289.844225   -33.789330   14.206000   0.394000   -0.047000
121  289.844534   -33.802975   16.753000   0.628000   -0.244000
122  289.844900   -33.763714   16.547000   0.790000   -0.237000
123  289.845210   -33.704697   16.396000   0.452000   -0.374000
124  289.846089   -33.820156   12.152000   0.464000   0.099000
125  289.846368   -33.697941   16.150000   0.343000   0.223000
126  289.846700   -33.703674   16.504000   0.740000   0.221000
127  289.847189   -33.764503   13.627000   0.391000   0.077000
128  289.847289   -33.717525   16.721000   0.296000   -0.736000
129  289.847994   -33.793709   14.501000   0.524000   0.103000
130  289.848060   -33.805233   13.756000   0.541000   -0.083000
131  289.848146   -33.787922   14.657000   0.414000   0.011000
132  289.848157   -33.755646   16.132000   0.498000   -0.033000
133  289.848265   -33.810135   16.939000   0.402000   0.649000
134  289.848558   -33.796112   15.929000   0.751000   0.163000
135  289.849098   -33.720379   16.320000   0.702000   0.510000
136  289.849437   -33.816345   16.689000   0.422000   0.278000
137  289.849555   -33.743069   14.851000   0.214000   0.149000
138  289.849624   -33.674919   13.786000   0.480000   0.095000
139  289.850260   -33.670612   16.890000   0.649000   0.755000
140  289.850647   -33.763424   14.702000   0.488000   0.105000
141  289.851158   -33.721638   16.863000   0.383000   1.122000
142  289.851166   -33.772087   16.203000   0.254000   0.301000
143  289.851751   -33.823711   16.301000   0.647000   0.440000
144  289.851859   -33.800919   16.561000   0.730000   -0.691000
145  289.851867   -33.785549   15.294000   0.312000   0.227000
146  289.852286   -33.735733   14.127000   0.359000   0.106000
147  289.852323   -33.780720   16.535000   0.642000   0.446000
148  289.852509   -33.727814   15.116000   0.455000   0.039000
149  289.852578   -33.832024   16.533000   0.247000   0.375000
150  289.852621   -33.821293   14.429000   0.574000   0.039000
151  289.853345   -33.702602   16.628000   0.414000   0.304000
152  289.853988   -33.800739   15.913000   0.438000   0.439000
153  289.854395   -33.816753   15.862000   0.248000   -0.011000
154  289.855157   -33.829231   16.214000   0.430000   0.292000
155  289.855337   -33.730762   16.334000   0.437000   -0.051000
156  289.855436   -33.749462   15.651000   0.668000   0.295000
157  289.856535   -33.671078   15.489000   0.676000   0.350000
158  289.857795   -33.676483   16.091000   0.622000   -0.004000
159  289.857884   -33.680676   16.624000   0.742000   0.219000
160  289.857959   -33.747047   16.030000   0.626000   0.172000
161  289.858024   -33.766052   16.724000   0.433000   0.293000
162  289.858179   -33.675053   16.849000   0.447000   0.505000
163  289.858214   -33.797028   16.205000   0.586000   -0.087000
164  289.858233   -33.814568   15.488000   0.268000   0.253000
165  289.858311   -33.709942   13.659000   0.398000   0.030000
166  289.858995   -33.789478   15.294000   0.350000   0.139000
167  289.859045   -33.730347   16.134000   0.545000   -0.046000
168  289.859129   -33.727940   11.996000   0.362000   0.077000
169  289.859444   -33.692314   16.647000   0.848000   0.360000
170  289.861175   -33.682655   15.737000   0.248000   0.300000
171  289.861361   -33.826218   16.830000   0.647000   0.268000
172  289.861502   -33.753967   12.956000   0.397000   0.001000
173  289.861671   -33.760925   16.213000   0.420000   0.029000
174  289.861894   -33.780392   15.651000   0.824000   0.124000
175  289.862482   -33.710213   16.396000   0.084000   0.244000
176  289.862676   -33.820442   16.940000   0.744000   0.466000
177  289.862807   -33.813503   16.661000   0.189000   0.622000
178  289.863282   -33.756145   16.124000   0.763000   0.119000
179  289.863527   -33.688946   15.494000   0.404000   -0.034000
180  289.863975   -33.827942   17.057000   1.099000   -0.277000
181  289.864433   -33.685059   15.678000   0.470000   0.171000
182  289.864507   -33.806442   16.817000   0.848000   -1.090000
183  289.864684   -33.763432   13.973000   0.347000   0.042000
184  289.864756   -33.730389   16.471000   0.338000   0.485000
185  289.865642   -33.819412   15.810000   0.656000   0.126000
186  289.865897   -33.760796   16.401000   0.458000   0.423000
187  289.866258   -33.692345   15.399000   0.507000   0.155000
188  289.866322   -33.827339   16.485000   0.486000   0.331000
189  289.866577   -33.823456   16.687000   0.562000   0.822000
190  289.866752   -33.841732   14.009000   0.709000   0.128000
191  289.867071   -33.725494   14.172000   0.414000   0.033000
192  289.868062   -33.817089   16.313000   0.779000   0.075000
193  289.868191   -33.772335   16.533000   0.279000   0.572000
194  289.868555   -33.720345   15.523000   0.530000   -0.261000
195  289.868714   -33.727039   16.209000   0.583000   -0.045000
196  289.868729   -33.774647   14.658000   0.312000   0.086000
197  289.868732   -33.837276   15.813000   0.404000   -0.314000
198  289.868753   -33.738514   15.433000   0.161000   0.069000
199  289.869454   -33.716721   16.444000   0.208000   0.196000
200  289.869819   -33.767910   13.898000   0.718000   0.164000
201  289.869928   -33.676556   16.135000   0.544000   0.067000
202  289.870699   -33.715321   16.533000   0.407000   -0.362000
203  289.870796   -33.827995   16.009000   0.409000   -0.068000
204  289.870876   -33.681595   16.451000   0.300000   0.090000
205  289.871096   -33.761467   16.590000   0.765000   0.351000
206  289.871334   -33.793346   15.187000   0.647000   0.036000
207  289.872022   -33.801373   16.303000   0.069000   0.618000
208  289.872369   -33.717220   15.452000   0.349000   -0.166000
209  289.872521   -33.690323   14.805000   0.317000   0.028000
210  289.873346   -33.807274   11.365000   0.624000   0.142000
211  289.873461   -33.711723   16.706000   0.734000   0.664000
212  289.874563   -33.715500   16.867000   0.613000   0.017000
213  289.876807   -33.751240   16.036000   0.394000   0.179000
214  289.877068   -33.693237   16.620000   1.022000   -0.014000
215  289.877404   -33.833885   9.042000   0.447000   0.095000
216  289.877475   -33.721264   16.522000   0.688000   0.268000
217  289.877826   -33.675598   15.288000   0.298000   0.209000
218  289.878043   -33.706787   15.865000   0.617000   0.161000
219  289.878483   -33.682678   14.392000   0.510000   0.117000
220  289.879494   -33.842999   16.684000   0.223000   0.897000
221  289.879499   -33.768517   16.466000   0.519000   0.554000
222  289.879549   -33.740070   16.057000   0.506000   -0.059000
223  289.880179   -33.693893   16.557000   1.021000   0.055000
224  289.881252   -33.709347   14.613000   0.410000   0.036000
225  289.882124   -33.804806   16.806000   0.822000   0.447000
226  289.882195   -33.813679   11.559000   0.646000   0.147000
227  289.882292   -33.745449   14.849000   0.694000   0.246000
228  289.882610   -33.830341   16.754000   0.361000   0.887000
229  289.882683   -33.746784   12.806000   0.269000   0.010000
230  289.883154   -33.808308   15.046000   0.453000   0.110000
231  289.883860   -33.721157   16.933000   0.521000   0.527000
232  289.884850   -33.781727   15.204000   0.498000   0.441000
233  289.885325   -33.822784   14.586000   0.745000   0.183000
234  289.885835   -33.845688   15.638000   0.450000   -0.312000
235  289.885900   -33.817905   16.689000   0.412000   0.429000
236  289.885903   -33.703442   16.728000   0.771000   -0.007000
237  289.886114   -33.756203   16.783000   0.755000   0.058000
238  289.886171   -33.788837   16.608000   0.659000   0.014000
239  289.886469   -33.797729   15.563000   0.555000   0.300000
240  289.887083   -33.715862   15.943000   0.558000   -0.462000
241  289.887269   -33.678818   10.719000   0.548000   0.121000
242  289.887818   -33.782040   15.695000   0.245000   0.037000
243  289.887995   -33.808521   15.217000   0.506000   0.222000
244  289.888062   -33.838989   16.254000   0.328000   0.106000
245  289.888278   -33.798485   14.797000   0.391000   0.164000
246  289.889264   -33.698170   15.633000   0.281000   0.091000
247  289.889273   -33.818382   15.741000   0.617000   0.269000
248  289.890669   -33.691002   14.484000   0.428000   0.070000
249  289.890670   -33.815804   16.581000   0.742000   -1.385000
250  289.890904   -33.700092   16.565000   -0.189000   -0.403000
251  289.891384   -33.761841   16.014000   0.595000   0.172000
252  289.891484   -33.827171   16.220000   0.749000   0.407000
253  289.891499   -33.749973   15.607000   0.421000   -0.206000
254  289.893055   -33.683758   15.507000   0.643000   -0.054000
255  289.893355   -33.703201   17.216000   1.006000   0.401000
256  289.894246   -33.825317   15.802000   0.701000   0.100000
257  289.895072   -33.691338   16.554000   0.365000   0.363000
258  289.895400   -33.762196   16.461000   0.608000   -0.111000
259  289.895652   -33.732784   13.381000   0.363000   0.084000
260  289.895856   -33.669853   16.397000   0.506000   -0.448000
261  289.895906   -33.735073   14.770000   0.368000   0.073000
262  289.896035   -33.715313   12.552000   0.635000   0.081000
263  289.896124   -33.709755   16.855000   0.378000   0.901000
264  289.896284   -33.770714   14.893000   0.308000   0.136000
265  289.897081   -33.701481   16.879000   0.827000   0.310000
266  289.897679   -33.776802   16.372000   0.783000   0.042000
267  289.898275   -33.708000   15.324000   0.639000   0.201000
268  289.898552   -33.765045   14.325000   0.502000   0.000000
269  289.899077   -33.725300   16.113000   0.305000   0.474000
270  289.899828   -33.712112   16.803000   0.321000   -0.718000
271  289.900071   -33.681873   16.035000   0.429000   0.627000
272  289.900652   -33.759441   15.067000   0.443000   0.051000
273  289.900718   -33.678230   16.431000   0.564000   0.523000
274  289.901661   -33.796467   16.801000   -1.019000   2.207000
275  289.901795   -33.712303   16.529000   0.147000   -0.026000
276  289.901890   -33.704597   16.890000   0.845000   0.476000
277  289.901952   -33.796761   16.818000   0.096000   1.198000
278  289.902347   -33.776062   16.123000   0.667000   0.361000
279  289.902385   -33.708115   16.300000   0.810000   -0.021000
280  289.902635   -33.836266   15.657000   0.430000   0.251000
281  289.903388   -33.723541   10.046000   0.577000   0.138000
282  289.903956   -33.811962   15.817000   0.466000   0.208000
283  289.903969   -33.744125   15.071000   0.707000   0.061000
284  289.904188   -33.686417   16.046000   0.631000   0.275000
285  289.904563   -33.711647   16.569000   0.806000   0.187000
286  289.904596   -33.794849   16.455000   0.964000   -0.081000
287  289.905418   -33.670223   15.494000   0.318000   0.234000
288  289.905476   -33.820374   16.917000   0.433000   0.040000
289  289.905759   -33.785622   15.225000   0.365000   0.039000
290  289.906393   -33.842400   16.893000   1.326000   0.349000
291  289.906542   -33.789272   16.305000   0.626000   0.277000
292  289.906917   -33.749924   16.646000   0.895000   0.080000
293  289.907187   -33.818035   14.407000   0.328000   0.043000
294  289.907230   -33.795177   16.275000   0.207000   0.334000
295  289.907241   -33.680241   16.886000   0.638000   0.271000
296  289.907566   -33.714142   16.844000   0.903000   -0.760000
297  289.907676   -33.839195   12.920000   0.684000   0.170000
298  289.907909   -33.808640   16.194000   0.573000   0.256000
299  289.907952   -33.740238   16.403000   0.622000   0.182000
300  289.908333   -33.681934   16.669000   0.590000   0.383000
301  289.908545   -33.734676   14.573000   0.553000   -0.192000
302  289.908606   -33.709915   16.848000   0.691000   0.639000
303  289.908761   -33.683365   14.823000   0.347000   0.041000
304  289.908841   -33.853054   16.539000   0.277000   0.335000
305  289.909400   -33.733982   14.840000   0.400000   -0.644000
306  289.910500   -33.762306   16.401000   0.520000   -0.621000
307  289.910547   -33.808392   16.691000   0.467000   -0.722000
308  289.912243   -33.803890   15.669000   0.435000   0.342000
309  289.914932   -33.681797   15.343000   0.449000   -0.039000
310  289.915995   -33.730816   12.602000   0.324000   0.033000
311  289.916224   -33.801971   16.308000   0.470000   1.340000
312  289.916633   -33.714516   13.550000   0.548000   0.073000
313  289.916913   -33.818481   10.523000   0.650000   0.163000
314  289.917002   -33.732845   14.025000   0.291000   0.062000
315  289.917568   -33.801418   15.014000   0.738000   0.253000
316  289.918185   -33.828663   15.116000   0.356000   0.081000
317  289.918252   -33.799229   16.801000   0.626000   0.208000
318  289.918360   -33.823288   15.763000   0.237000   -0.040000
319  289.918784   -33.850422   14.821000   0.411000   0.168000
320  289.919427   -33.748184   14.105000   0.479000   0.087000
321  289.919965   -33.720139   16.546000   0.405000   0.595000
322  289.920250   -33.722980   16.939000   0.461000   0.519000
323  289.920351   -33.771454   12.317000   0.282000   0.069000
324  289.921029   -33.785042   16.893000   0.446000   1.028000
325  289.921345   -33.682430   16.984000   0.619000   0.365000
326  289.921488   -33.787888   16.120000   0.488000   0.432000
327  289.921742   -33.747520   15.549000   0.450000   0.056000
328  289.922284   -33.709888   16.152000   0.450000   0.119000
329  289.922495   -33.781826   14.978000   0.713000   0.035000
330  289.923448   -33.827171   16.321000   0.455000   0.309000
331  289.923724   -33.762474   14.106000   0.499000   0.057000
332  289.924313   -33.850525   13.025000   0.640000   0.138000
333  289.924361   -33.672523   14.604000   0.642000   0.120000
334  289.924535   -33.773178   17.147000   1.224000   -0.008000
335  289.924924   -33.769451   14.169000   0.359000   0.053000
336  289.925081   -33.811153   16.546000   0.555000   0.380000
337  289.926287   -33.809669   15.349000   0.236000   0.326000
338  289.926321   -33.841553   15.864000   0.525000   0.034000
339  289.926638   -33.703293   16.439000   0.714000   0.109000
340  289.926682   -33.675301   13.451000   0.522000   0.084000
341  289.927541   -33.723171   14.975000   0.427000   0.046000
342  289.928125   -33.670837   14.131000   0.555000   0.140000
343  289.928181   -33.703972   14.929000   0.327000   0.207000
344  289.928664   -33.810589   16.588000   1.248000   -0.255000
345  289.929165   -33.690861   15.346000   0.328000   0.131000
346  289.929290   -33.728039   16.619000   0.343000   0.044000
347  289.929459   -33.696579   16.747000   0.553000   -0.102000
348  289.929524   -33.794216   16.037000   0.551000   -0.286000
349  289.929544   -33.723011   15.955000   0.367000   0.136000
350  289.931608   -33.850391   16.445000   0.586000   0.332000
351  289.932018   -33.732250   13.948000   0.506000   0.081000
352  289.932352   -33.848198   13.036000   0.248000   0.053000
353  289.932654   -33.724140   14.113000   0.649000   0.137000
354  289.933338   -33.794704   14.990000   0.681000   0.138000
355  289.933440   -33.828197   15.835000   0.487000   -0.101000
356  289.933711   -33.700611   16.711000   0.728000   0.225000
357  289.934009   -33.803894   16.406000   0.550000   0.130000
358  289.934126   -33.844894   16.695000   0.412000   0.277000
359  289.934163   -33.712143   16.665000   0.816000   0.088000
360  289.934313   -33.731567   15.813000   0.548000   0.003000
361  289.934872   -33.708519   14.526000   0.487000   0.048000
362  289.934945   -33.733780   15.771000   0.583000   0.137000
363  289.936203   -33.810677   16.732000   0.600000   0.227000
364  289.936337   -33.672424   16.339000   0.910000   -0.045000
365  289.936780   -33.715149   16.016000   0.337000   0.296000
366  289.936931   -33.717445   16.841000   0.542000   0.376000
367  289.936932   -33.728397   16.409000   0.297000   0.613000
368  289.937138   -33.712524   15.649000   0.696000   0.046000
369  289.937736   -33.823063   12.136000   0.648000   0.143000
370  289.937886   -33.726082   16.765000   0.365000   -0.117000
371  289.938426   -33.743900   16.531000   0.358000   0.371000
372  289.938551   -33.755684   14.524000   0.427000   0.062000
373  289.938783   -33.837978   17.044000   0.267000   0.949000
374  289.938918   -33.844292   12.715000   0.433000   0.058000
375  289.939585   -33.775921   16.365000   0.400000   -1.212000
376  289.939738   -33.682625   16.228000   0.819000   -0.065000
377  289.939955   -33.793758   16.046000   0.799000   -0.160000
378  289.940755   -33.832138   14.030000   0.643000   0.096000
379  289.941317   -33.763306   16.739000   0.668000   0.264000
380  289.941797   -33.767368   14.738000   0.326000   0.159000
381  289.942142   -33.749657   14.250000   0.295000   -0.064000
382  289.942685   -33.778809   16.858000   0.434000   0.556000
383  289.942817   -33.701508   16.511000   0.570000   -0.038000
384  289.942914   -33.670296   14.194000   0.326000   0.075000
385  289.943133   -33.677612   15.077000   0.323000   -0.014000
386  289.943448   -33.735962   12.708000   0.329000   0.057000
387  289.943730   -33.781521   14.132000   0.355000   0.014000
388  289.943900   -33.694408   15.131000   0.649000   -0.032000
389  289.944478   -33.763588   13.612000   0.423000   0.038000
390  289.944880   -33.688168   15.468000   0.312000   -0.146000
391  289.945184   -33.684151   16.420000   0.588000   0.778000
392  289.945269   -33.698154   15.145000   0.352000   -0.023000
393  289.945401   -33.748547   15.260000   0.250000   0.117000
394  289.945966   -33.807312   15.918000   0.384000   -0.003000
395  289.946274   -33.711655   16.179000   0.654000   -0.085000
396  289.946492   -33.846947   14.753000   0.569000   -0.037000
397  289.947338   -33.672470   14.978000   0.361000   -0.015000
398  289.947547   -33.745140   17.152000   0.923000   0.510000
399  289.947610   -33.852280   12.798000   0.864000   0.148000
400  289.947759   -33.681831   16.762000   0.832000   0.256000
401  289.949184   -33.700855   15.037000   0.536000   0.155000
402  289.949889   -33.733231   15.122000   0.577000   0.562000
403  289.950022   -33.732178   15.117000   -0.323000   1.697000
404  289.950435   -33.770981   16.250000   0.469000   0.416000
405  289.950588   -33.731388   16.558000   0.714000   1.354000
406  289.951149   -33.833199   12.657000   0.536000   0.083000
407  289.951163   -33.782780   15.424000   0.437000   0.133000
408  289.951469   -33.812511   15.370000   0.597000   0.170000
409  289.952945   -33.832664   15.993000   0.395000   1.297000
410  289.953434   -33.684528   16.159000   0.391000   0.236000
411  289.953849   -33.713329   12.972000   0.290000   0.035000
412  289.954050   -33.804932   16.360000   0.534000   -0.220000
413  289.954907   -33.708809   9.825000   0.558000   0.165000
414  289.955264   -33.826965   16.394000   0.552000   0.067000
415  289.956680   -33.723721   16.449000   0.940000   -0.124000
416  289.957625   -33.841953   16.407000   0.638000   0.071000
417  289.957737   -33.739674   14.821000   0.634000   0.208000
418  289.958087   -33.849949   13.782000   0.403000   0.067000
419  289.958154   -33.725052   16.862000   0.545000   0.228000
420  289.958852   -33.784790   14.380000   0.360000   -0.023000
421  289.959582   -33.690453   16.361000   0.291000   0.479000
422  289.959611   -33.817589   14.611000   0.283000   0.197000
423  289.959721   -33.679245   14.875000   0.435000   0.203000
424  289.959783   -33.717587   16.050000   0.576000   0.093000
425  289.959908   -33.692005   14.321000   0.609000   0.200000
426  289.960490   -33.746887   16.828000   0.749000   0.525000
427  289.960669   -33.852325   15.194000   0.781000   0.220000
428  289.960681   -33.751709   16.380000   0.674000   -0.054000
429  289.960821   -33.710262   15.099000   0.417000   -0.141000
430  289.961582   -33.767754   16.861000   0.358000   0.918000
431  289.961956   -33.698517   13.441000   0.233000   0.131000
432  289.962323   -33.736374   16.647000   0.475000   0.454000
433  289.962513   -33.771069   15.186000   0.395000   0.008000
434  289.963372   -33.719212   14.921000   0.446000   0.196000
435  289.963728   -33.785889   13.096000   0.305000   0.042000
436  289.964360   -33.708984   16.759000   0.180000   0.033000
437  289.965190   -33.695637   15.659000   0.530000   -0.227000
438  289.966818   -33.786968   16.124000   0.734000   0.166000
439  289.967145   -33.842014   14.771000   0.600000   0.133000
440  289.968191   -33.779518   16.294000   0.505000   -1.280000
441  289.969955   -33.772869   16.474000   0.595000   -0.399000
442  289.970386   -33.765827   13.901000   0.462000   0.071000
443  289.970631   -33.749828   16.669000   0.305000   0.236000
444  289.971212   -33.755394   16.458000   0.279000   0.358000
445  289.971395   -33.741611   16.354000   0.320000   0.533000
446  289.971469   -33.823868   16.817000   -0.130000   1.720000
447  289.971677   -33.851383   15.567000   0.460000   -0.010000
448  289.972219   -33.777008   12.574000   0.500000   0.073000
449  289.972545   -33.839676   16.529000   0.118000   0.869000
450  289.972617   -33.816814   11.937000   0.495000   0.130000
451  289.973832   -33.789757   16.782000   0.601000   0.545000
452  289.974233   -33.723587   13.941000   0.696000   0.170000
453  289.974490   -33.686615   16.728000   0.601000   0.544000
454  289.974969   -33.834236   14.740000   0.464000   0.100000
455  289.975151   -33.682270   16.061000   0.825000   -0.061000
456  289.975283   -33.783768   16.252000   0.454000   0.313000
457  289.975674   -33.720161   14.204000   0.300000   0.152000
458  289.975996   -33.739799   14.902000   0.635000   0.249000
459  289.976054   -33.785591   16.445000   0.637000   0.988000
460  289.977559   -33.718117   13.329000   0.320000   0.088000
461  289.977612   -33.810982   15.698000   0.804000   0.157000
462  289.978032   -33.741440   16.633000   0.735000   -0.206000
463  289.978629   -33.681602   16.222000   0.447000   -0.234000
464  289.978772   -33.766376   16.654000   0.602000   0.059000
465  289.978941   -33.819771   14.422000   0.299000   0.216000
466  289.979395   -33.758640   14.771000   0.343000   0.094000
467  289.979519   -33.779865   13.144000   0.373000   0.061000
468  289.979531   -33.708706   14.448000   0.722000   0.086000
469  289.979949   -33.690746   14.260000   0.505000   0.176000
470  289.980247   -33.787945   14.312000   0.266000   -0.012000
471  289.980560   -33.743893   16.576000   0.340000   0.721000
472  289.980684   -33.770752   16.218000   0.390000   0.121000
473  289.980736   -33.797413   17.158000   1.162000   0.335000
474  289.982782   -33.838867   16.369000   0.366000   0.334000
475  289.983151   -33.793613   15.197000   0.653000   0.222000
476  289.983241   -33.678288   16.390000   0.285000   0.571000
477  289.983390   -33.716816   15.107000   0.306000   0.128000
478  289.984732   -33.755508   16.641000   0.557000   0.316000
479  289.984795   -33.800468   16.606000   0.939000   -0.145000
480  289.986012   -33.683624   15.580000   0.399000   -0.006000
481  289.987766   -33.816147   15.542000   0.302000   0.417000
482  289.988663   -33.745113   16.493000   0.124000   0.479000
483  289.989036   -33.837971   16.257000   0.331000   0.924000
484  289.989627   -33.733452   13.651000   0.738000   0.161000
485  289.989787   -33.805840   16.279000   0.589000   0.439000
486  289.990263   -33.753258   16.441000   0.423000   -1.125000
487  289.990424   -33.715584   16.488000   0.836000   0.168000
488  289.990479   -33.697052   16.780000   0.754000   0.212000
489  289.990658   -33.671024   11.883000   0.322000   0.083000
490  289.990719   -33.735199   14.268000   0.498000   0.153000
491  289.990748   -33.743404   16.893000   0.640000   0.678000
492  289.990794   -33.810860   15.567000   0.686000   0.217000
493  289.991064   -33.776669   16.784000   -0.510000   0.974000
494  289.991164   -33.761803   15.046000   0.407000   0.127000
495  289.992278   -33.789062   15.095000   0.096000   -0.005000
496  289.992433   -33.808540   15.477000   0.320000   0.337000
497  289.994049   -33.836929   16.491000   0.624000   0.095000
498  289.994200   -33.685455   15.572000   0.631000   0.037000
499  289.994285   -33.728931   16.562000   0.593000   0.317000
500  289.994289   -33.776218   12.772000   0.846000   0.202000
501  289.994363   -33.838867   16.454000   0.529000   0.358000
502  289.995144   -33.727325   15.517000   0.458000   -0.101000
503  289.995335   -33.758709   12.055000   0.500000   0.088000
504  289.995502   -33.726158   16.767000   0.649000   0.734000
505  289.995656   -33.674938   16.638000   0.986000   -0.067000
506  289.996218   -33.731380   16.453000   1.079000   -1.735000
507  289.996219   -33.787724   14.459000   0.523000   0.203000
508  289.996452   -33.714752   16.127000   0.323000   0.488000
509  289.997050   -33.782089   12.989000   0.557000   0.128000
510  289.997108   -33.736031   15.433000   0.414000   0.140000
511  289.997166   -33.845097   15.852000   0.445000   1.454000
512  289.997319   -33.742828   15.562000   0.399000   0.086000
513  289.997637   -33.689739   16.372000   0.904000   0.142000
514  289.997713   -33.824120   16.650000   0.936000   -0.078000
515  289.997752   -33.686127   15.027000   0.354000   0.123000
516  289.997868   -33.714684   15.888000   0.679000   0.229000
517  289.998190   -33.755920   16.350000   0.092000   0.871000
518  289.998393   -33.845722   13.492000   0.290000   0.127000
519  289.998442   -33.848991   16.208000   0.455000   0.107000
520  289.998769   -33.789375   16.215000   0.431000   -0.357000
521  289.998972   -33.725460   15.975000   0.660000   -0.194000
522  289.999038   -33.821606   14.245000   0.648000   0.145000
523  289.999590   -33.688442   14.231000   0.288000   0.114000
524  290.000141   -33.783318   16.774000   0.834000   0.037000
525  290.001068   -33.729599   15.120000   0.596000   0.277000
526  290.001335   -33.782269   16.577000   0.616000   -1.164000
527  290.001833   -33.751854   15.837000   0.472000   0.140000
528  290.002021   -33.728443   16.406000   0.364000   1.125000
529  290.002616   -33.674744   16.393000   0.142000   0.761000
530  290.002963   -33.757900   14.129000   0.412000   0.058000
531  290.003070   -33.683575   16.275000   0.464000   0.524000
532  290.003122   -33.740791   16.374000   0.126000   0.558000
533  290.004193   -33.712772   11.749000   0.638000   0.090000
534  290.004615   -33.776752   16.380000   0.386000   0.177000
535  290.005890   -33.794483   13.709000   0.336000   0.111000
536  290.006349   -33.812508   14.050000   0.320000   0.102000
