       2974.7302       2590.2745
       2976.5531       2589.7842
       2978.3789       2589.2968
       2980.2076       2588.8125
       2982.0393       2588.3311
       2983.8739       2587.8526
       2985.7115       2587.3772
       2987.5520       2586.9047
       2989.3954       2586.4352
       2991.2417       2585.9686
       2993.0909       2585.5050
       2994.9430       2585.0443
       2996.7981       2584.5866
       2998.6560       2584.1318
       3000.5168       2583.6800
       3002.3805       2583.2311
       3004.2471       2582.7851
       3006.1166       2582.3421
       3007.9889       2581.9020
       3009.8641       2581.4649
       3011.7421       2581.0306
       3013.6230       2580.5993
       3015.5068       2580.1709
       3017.3934       2579.7454
       3019.2828       2579.3229
       3021.1751       2578.9032
       3023.0702       2578.4865
       3024.9681       2578.0726
       3026.8688       2577.6617
       3028.7724       2577.2536
       3030.6787       2576.8485
       3032.5879       2576.4462
       3034.4999       2576.0468
       3036.4146       2575.6503
       3038.3322       2575.2567
       3040.2525       2574.8660
       3042.1756       2574.4781
       3044.1015       2574.0931
       3046.0302       2573.7110
       3047.9616       2573.3318
       3049.8958       2572.9554
       3051.8327       2572.5819
       3053.7724       2572.2112
       3055.7148       2571.8434
       3057.6600       2571.4784
       3059.6079       2571.1163
       3061.5585       2570.7570
       3063.5119       2570.4006
       3065.4679       2570.0470
       3067.4267       2569.6962
       3069.3882       2569.3483
       3071.3524       2569.0032
       3073.3193       2568.6610
       3075.2889       2568.3215
       3077.2612       2567.9849
       3079.2362       2567.6511
       3081.2139       2567.3201
       3083.1942       2566.9919
       3085.1772       2566.6665
       3087.1629       2566.3440
       3089.1512       2566.0242
       3091.1422       2565.7072
       3093.1359       2565.3931
       3095.1322       2565.0817
       3097.1311       2564.7731
       3099.1327       2564.4673
       3101.1369       2564.1643
       3103.1437       2563.8641
       3105.1532       2563.5666
       3107.1652       2563.2719
       3109.1799       2562.9800
       3111.1972       2562.6909
       3113.2171       2562.4045
       3115.2396       2562.1209
       3117.2647       2561.8401
       3119.2924       2561.5620
       3121.3227       2561.2867
       3123.3556       2561.0141
       3125.3910       2560.7442
       3127.4290       2560.4771
       3129.4696       2560.2128
       3131.5127       2559.9512
       3133.5584       2559.6923
       3135.6067       2559.4362
       3137.6575       2559.1828
       3139.7108       2558.9321
       3141.7667       2558.6841
       3143.8251       2558.4389
       3145.8860       2558.1964
       3147.9495       2557.9566
       3150.0155       2557.7195
       3152.0840       2557.4851
       3154.1550       2557.2534
       3156.2285       2557.0245
       3158.3046       2556.7982
       3160.3831       2556.5746
       3162.4641       2556.3538
       3164.5476       2556.1356
       3166.6336       2555.9201
       3168.7221       2555.7073
       3170.8130       2555.4971
       3172.9064       2555.2897
       3175.0023       2555.0849
       3177.1006       2554.8828
       3179.2014       2554.6834
       3181.3047       2554.4866
       3183.4104       2554.2926
       3185.5185       2554.1011
       3187.6291       2553.9124
       3189.7421       2553.7262
       3191.8576       2553.5428
       3193.9754       2553.3620
       3196.0957       2553.1838
       3198.2184       2553.0083
       3200.3436       2552.8354
       3202.4711       2552.6652
       3204.6010       2552.4976
       3206.7333       2552.3326
       3208.8681       2552.1703
       3211.0052       2552.0106
       3213.1447       2551.8535
       3215.2865       2551.6990
       3217.4308       2551.5472
       3219.5774       2551.3980
       3221.7264       2551.2513
       3223.8778       2551.1073
       3226.0315       2550.9659
       3228.1875       2550.8271
       3230.3460       2550.6910
       3232.5067       2550.5574
       3234.6698       2550.4264
       3236.8353       2550.2979
       3239.0031       2550.1721
       3241.1732       2550.0489
       3243.3456       2549.9282
       3245.5203       2549.8102
       3247.6974       2549.6947
       3249.8768       2549.5818
       3252.0584       2549.4714
       3254.2424       2549.3637
       3256.4287       2549.2584
       3258.6173       2549.1558
       3260.8081       2549.0557
       3263.0013       2548.9582
       3265.1967       2548.8632
       3267.3944       2548.7708
       3269.5944       2548.6809
       3271.7967       2548.5936
       3274.0012       2548.5088
       3276.2079       2548.4266
       3278.4170       2548.3469
       3280.6282       2548.2697
       3282.8418       2548.1951
       3285.0575       2548.1230
       3287.2755       2548.0534
       3289.4958       2547.9864
       3291.7183       2547.9218
       3293.9430       2547.8598
       3296.1699       2547.8003
       3298.3990       2547.7433
       3300.6304       2547.6888
       3302.8639       2547.6369
       3305.0997       2547.5874
       3307.3376       2547.5404
       3309.5778       2547.4959
       3311.8201       2547.4540
       3314.0647       2547.4145
       3316.3114       2547.3775
       3318.5603       2547.3430
       3320.8114       2547.3109
       3323.0647       2547.2814
       3325.3201       2547.2543
       3327.5777       2547.2297
       3329.8374       2547.2076
       3332.0993       2547.1880
       3334.3634       2547.1708
       3336.6296       2547.1561
       3338.8979       2547.1438
       3341.1684       2547.1340
       3343.4410       2547.1267
       3345.7158       2547.1218
       3347.9926       2547.1193
       3350.2716       2547.1193
       3352.5527       2547.1218
       3354.8360       2547.1267
       3357.1213       2547.1340
       3359.4088       2547.1438
       3361.6983       2547.1560
       3363.9900       2547.1706
       3366.2837       2547.1877
       3368.5796       2547.2071
       3370.8775       2547.2290
       3373.1775       2547.2534
       3375.4796       2547.2801
       3377.7837       2547.3093
       3380.0900       2547.3408
       3382.3983       2547.3748
       3384.7086       2547.4112
       3387.0210       2547.4500
       3389.3355       2547.4911
       3391.6520       2547.5347
       3393.9706       2547.5807
       3396.2912       2547.6290
       3398.6139       2547.6798
       3400.9386       2547.7329
       3403.2653       2547.7884
       3405.5941       2547.8463
       3407.9248       2547.9066
       3410.2576       2547.9693
       3412.5924       2548.0343
       3414.9293       2548.1017
       3417.2681       2548.1715
       3419.6089       2548.2436
       3421.9518       2548.3181
       3424.2966       2548.3949
       3426.6434       2548.4741
       3428.9922       2548.5557
       3431.3430       2548.6396
       3433.6958       2548.7258
       3436.0506       2548.8144
       3438.4073       2548.9053
       3440.7660       2548.9986
       3443.1267       2549.0942
       3445.4893       2549.1922
       3447.8539       2549.2925
       3450.2205       2549.3951
       3452.5890       2549.5000
       3454.9594       2549.6072
       3457.3318       2549.7168
       3459.7061       2549.8287
       3462.0824       2549.9429
       3464.4606       2550.0594
       3466.8407       2550.1783
       3469.2227       2550.2994
       3471.6067       2550.4228
       3473.9926       2550.5486
       3476.3804       2550.6766
       3478.7701       2550.8069
       3481.1617       2550.9396
       3483.5552       2551.0745
       3485.9506       2551.2117
       3488.3479       2551.3512
       3490.7471       2551.4929
       3493.1482       2551.6370
       3495.5512       2551.7833
       3497.9560       2551.9319
       3500.3628       2552.0828
       3502.7714       2552.2359
       3505.1818       2552.3913
       3507.5942       2552.5490
       3510.0083       2552.7089
       3512.4244       2552.8711
       3514.8423       2553.0356
       3517.2621       2553.2023
       3519.6837       2553.3712
       3522.1071       2553.5424
       3524.5324       2553.7158
       3526.9595       2553.8915
       3529.3885       2554.0694
       3531.8193       2554.2496
       3534.2519       2554.4320
       3536.6863       2554.6166
       3539.1226       2554.8035
       3541.5606       2554.9925
       3544.0005       2555.1838
       3546.4422       2555.3773
       3548.8857       2555.5731
       3551.3310       2555.7710
       3553.7781       2555.9712
       3556.2270       2556.1736
       3558.6776       2556.3782
       3561.1301       2556.5850
       3563.5843       2556.7939
       3566.0403       2557.0051
       3568.4981       2557.2185
       3570.9577       2557.4341
       3573.4190       2557.6519
       3575.8821       2557.8718
       3578.3470       2558.0940
       3580.8136       2558.3183
       3583.2820       2558.5448
       3585.7521       2558.7735
       3588.2240       2559.0044
       3590.6976       2559.2374
       3593.1730       2559.4727
       3595.6501       2559.7100
       3598.1289       2559.9496
       3600.6095       2560.1913
       3603.0918       2560.4352
       3605.5758       2560.6812
       3608.0615       2560.9294
       3610.5490       2561.1797
       3613.0381       2561.4322
       3615.5290       2561.6868
       3618.0216       2561.9436
       3620.5159       2562.2025
       3623.0119       2562.4635
       3625.5095       2562.7267
       3628.0089       2562.9921
       3630.5100       2563.2595
       3633.0127       2563.5291
       3635.5172       2563.8008
       3638.0233       2564.0747
       3640.5311       2564.3506
       3643.0405       2564.6287
       3645.5516       2564.9089
       3648.0644       2565.1912
       3650.5789       2565.4756
       3653.0950       2565.7621
       3655.6128       2566.0508
       3658.1322       2566.3415
       3660.6533       2566.6343
       3663.1760       2566.9293
       3665.7004       2567.2263
       3668.2264       2567.5254
       3670.7541       2567.8266
       3673.2833       2568.1299
       3675.8142       2568.4353
       3678.3468       2568.7428
       3680.8809       2569.0523
       3683.4167       2569.3639
       3685.9541       2569.6776
       3688.4931       2569.9934
       3691.0337       2570.3112
       3693.5759       2570.6312
       3696.1198       2570.9531
       3698.6652       2571.2772
       3701.2122       2571.6033
       3703.7608       2571.9314
       3706.3111       2572.2616
       3708.8628       2572.5939
       3711.4162       2572.9282
       3713.9712       2573.2645
       3716.5277       2573.6029
       3719.0859       2573.9434
       3721.6455       2574.2859
       3724.2068       2574.6304
       3726.7696       2574.9769
       3729.3340       2575.3255
       3731.8999       2575.6761
       3734.4674       2576.0288
       3737.0365       2576.3834
       3739.6071       2576.7401
       3742.1792       2577.0988
       3744.7529       2577.4595
       3747.3282       2577.8223
       3749.9049       2578.1870
       3752.4832       2578.5538
       3755.0631       2578.9225
       3757.6444       2579.2933
       3760.2273       2579.6661
       3762.8117       2580.0408
       3765.3976       2580.4176
       3767.9851       2580.7963
       3770.5740       2581.1771
       3773.1645       2581.5598
       3775.7565       2581.9446
       3778.3499       2582.3313
       3780.9449       2582.7200
       3783.5414       2583.1106
       3786.1393       2583.5033
       3788.7388       2583.8979
       3791.3397       2584.2945
       3793.9421       2584.6931
       3796.5460       2585.0936
       3799.1514       2585.4961
       3801.7583       2585.9005
       3804.3666       2586.3070
       3806.9764       2586.7153
       3809.5877       2587.1256
       3812.2004       2587.5379
       3814.8146       2587.9522
       3817.4302       2588.3683
       3820.0473       2588.7864
       3822.6659       2589.2065
       3825.2859       2589.6285
       3827.9074       2590.0525
       3830.5302       2590.4783
       3833.1546       2590.9061
       3835.7803       2591.3359
       3838.4075       2591.7675
       3841.0362       2592.2011
       3843.6662       2592.6366
       3846.2977       2593.0741
       3848.9306       2593.5134
       3851.5649       2593.9547
       3854.2007       2594.3978
       3856.8378       2594.8429
       3859.4764       2595.2899
       3862.1164       2595.7388
       3864.7578       2596.1896
       3867.4005       2596.6423
       3870.0447       2597.0969
       3872.6903       2597.5534
       3875.3372       2598.0118
       3877.9856       2598.4721
       3880.6353       2598.9343
       3883.2865       2599.3983
       3885.9390       2599.8643
       3888.5929       2600.3321
       3891.2481       2600.8018
       3893.9048       2601.2734
       3896.5628       2601.7468
       3899.2221       2602.2221
       3901.8829       2602.6993
       3904.5450       2603.1784
       3907.2084       2603.6593
       3909.8732       2604.1421
       3912.5394       2604.6267
       3915.2069       2605.1132
       3917.8758       2605.6016
       3920.5460       2606.0918
       3923.2175       2606.5839
       3925.8904       2607.0778
       3928.5646       2607.5735
       3931.2402       2608.0711
       3933.9171       2608.5705
       3936.5953       2609.0718
       3939.2748       2609.5749
       3941.9557       2610.0799
       3944.6379       2610.5866
       3947.3214       2611.0952
       3950.0062       2611.6057
       3952.6923       2612.1179
       3955.3798       2612.6320
       3958.0685       2613.1479
       3960.7586       2613.6656
       3963.4499       2614.1851
       3966.1425       2614.7065
       3968.8365       2615.2296
       3971.5317       2615.7546
       3974.2282       2616.2813
       3976.9260       2616.8099
       3979.6251       2617.3402
       3982.3255       2617.8724
       3985.0271       2618.4063
       3987.7301       2618.9421
       3990.4343       2619.4796
       3993.1397       2620.0190
       3995.8465       2620.5601
       3998.5545       2621.1030
       4001.2638       2621.6476
       4003.9743       2622.1941
       4006.6861       2622.7423
       4009.3991       2623.2923
       4012.1134       2623.8441
       4014.8290       2624.3977
       4017.5457       2624.9530
       4020.2638       2625.5101
       4022.9831       2626.0689
       4025.7036       2626.6295
       4028.4253       2627.1919
       4031.1483       2627.7560
       4033.8725       2628.3219
       4036.5980       2628.8895
       4039.3246       2629.4589
       4042.0525       2630.0300
       4044.7817       2630.6029
       4047.5120       2631.1775
       4050.2436       2631.7538
       4052.9763       2632.3319
       4055.7103       2632.9117
       4058.4455       2633.4933
       4061.1819       2634.0766
       4063.9195       2634.6616
       4066.6583       2635.2483
       4069.3983       2635.8368
       4072.1394       2636.4270
       4074.8818       2637.0189
       4077.6254       2637.6125
       4080.3702       2638.2078
       4083.1161       2638.8049
       4085.8632       2639.4036
       4088.6115       2640.0041
       4091.3610       2640.6062
       4094.1117       2641.2101
       4096.8635       2641.8157
       4099.6165       2642.4230
       4102.3707       2643.0319
       4105.1260       2643.6426
       4107.8825       2644.2549
       4110.6402       2644.8690
       4113.3990       2645.4847
       4116.1590       2646.1021
       4118.9201       2646.7212
       4121.6824       2647.3420
       4124.4459       2647.9644
       4127.2104       2648.5886
       4129.9761       2649.2144
       4132.7430       2649.8419
       4135.5110       2650.4710
       4138.2801       2651.1018
       4141.0504       2651.7343
       4143.8218       2652.3684
       4146.5943       2653.0042
       4149.3680       2653.6417
       4152.1428       2654.2808
       4154.9187       2654.9216
       4157.6957       2655.5640
       4160.4738       2656.2080
       4163.2531       2656.8538
       4166.0335       2657.5011
       4168.8149       2658.1501
       4171.5975       2658.8007
       4174.3812       2659.4530
       4177.1660       2660.1069
       4179.9519       2660.7625
       4182.7389       2661.4197
       4185.5270       2662.0785
       4188.3161       2662.7389
       4191.1064       2663.4010
       4193.8978       2664.0646
       4196.6902       2664.7299
       4199.4837       2665.3969
       4202.2784       2666.0654
       4205.0741       2666.7355
       4207.8708       2667.4073
       4210.6687       2668.0807
       4213.4676       2668.7556
       4216.2676       2669.4322
       4219.0686       2670.1104
       4221.8707       2670.7902
       4224.6739       2671.4715
       4227.4782       2672.1545
       4230.2835       2672.8391
       4233.0898       2673.5253
       4235.8972       2674.2130
       4238.7057       2674.9023
       4241.5152       2675.5933
       4244.3258       2676.2858
       4247.1374       2676.9799
       4249.9501       2677.6755
       4252.7637       2678.3728
       4255.5785       2679.0716
       4258.3942       2679.7720
       4261.2110       2680.4739
       4264.0289       2681.1774
       4266.8477       2681.8825
       4269.6676       2682.5892
       4272.4886       2683.2974
       4275.3105       2684.0072
       4278.1335       2684.7185
       4280.9574       2685.4314
       4283.7824       2686.1458
       4286.6084       2686.8618
       4289.4355       2687.5793
       4292.2635       2688.2984
       4295.0925       2689.0190
       4297.9226       2689.7412
       4300.7536       2690.4649
       4303.5857       2691.1901
       4306.4187       2691.9169
       4309.2528       2692.6452
       4312.0878       2693.3751
       4314.9239       2694.1064
       4317.7609       2694.8393
       4320.5989       2695.5738
       4323.4379       2696.3097
       4326.2779       2697.0472
       4329.1189       2697.7861
       4331.9608       2698.5266
       4334.8037       2699.2687
       4337.6476       2700.0122
       4340.4925       2700.7572
       4343.3383       2701.5038
       4346.1852       2702.2518
       4349.0329       2703.0014
       4351.8817       2703.7524
       4354.7314       2704.5050
       4357.5821       2705.2590
       4360.4337       2706.0145
       4363.2863       2706.7716
       4366.1398       2707.5301
       4368.9943       2708.2901
       4371.8498       2709.0516
       4374.7062       2709.8146
       4377.5635       2710.5791
       4380.4218       2711.3450
       4383.2810       2712.1125
       4386.1412       2712.8814
       4389.0023       2713.6517
       4391.8644       2714.4236
       4394.7273       2715.1969
       4397.5912       2715.9717
       4400.4561       2716.7479
       4403.3219       2717.5257
       4406.1886       2718.3048
       4409.0562       2719.0855
       4411.9247       2719.8676
       4414.7942       2720.6511
       4417.6646       2721.4361
       4420.5359       2722.2226
       4423.4081       2723.0105
       4426.2812       2723.7998
       4429.1552       2724.5906
       4432.0302       2725.3828
       4434.9060       2726.1765
       4437.7828       2726.9716
       4440.6605       2727.7682
       4443.5390       2728.5662
       4446.4185       2729.3656
       4449.2988       2730.1664
       4452.1801       2730.9687
       4455.0622       2731.7724
       4457.9452       2732.5776
       4460.8292       2733.3841
       4463.7140       2734.1921
       4466.5997       2735.0015
       4469.4863       2735.8123
       4472.3737       2736.6245
       4475.2620       2737.4381
       4478.1513       2738.2532
       4481.0414       2739.0696
       4483.9323       2739.8875
       4486.8242       2740.7067
       4489.7169       2741.5274
       4492.6104       2742.3495
       4495.5049       2743.1729
       4498.4002       2743.9978
       4501.2964       2744.8240
       4504.1934       2745.6517
       4507.0913       2746.4807
       4509.9900       2747.3111
       4512.8896       2748.1429
       4515.7901       2748.9761
       4518.6914       2749.8107
       4521.5935       2750.6467
       4524.4965       2751.4840
       4527.4004       2752.3227
       4530.3051       2753.1628
       4533.2106       2754.0042
       4536.1170       2754.8470
       4539.0242       2755.6912
       4541.9322       2756.5368
       4544.8411       2757.3837
       4547.7508       2758.2320
       4550.6614       2759.0816
       4553.5727       2759.9326
       4556.4849       2760.7850
       4559.3980       2761.6387
       4562.3118       2762.4937
       4565.2265       2763.3502
       4568.1420       2764.2079
       4571.0583       2765.0670
       4573.9754       2765.9275
       4576.8934       2766.7892
       4579.8121       2767.6524
       4582.7317       2768.5168
       4585.6521       2769.3827
       4588.5733       2770.2498
       4591.4953       2771.1183
       4594.4181       2771.9881
       4597.3417       2772.8592
       4600.2661       2773.7316
       4603.1913       2774.6054
       4606.1173       2775.4805
       4609.0440       2776.3569
       4611.9716       2777.2347
       4614.9000       2778.1137
       4617.8292       2778.9941
       4620.7591       2779.8758
       4623.6899       2780.7588
       4626.6214       2781.6431
       4629.5537       2782.5287
       4632.4868       2783.4156
       4635.4207       2784.3038
       4638.3554       2785.1934
       4641.2908       2786.0842
       4644.2270       2786.9763
       4647.1640       2787.8697
       4650.1018       2788.7644
       4653.0403       2789.6604
       4655.9796       2790.5577
       4658.9196       2791.4563
       4661.8605       2792.3561
       4664.8020       2793.2573
       4667.7444       2794.1597
       4670.6875       2795.0634
       4673.6314       2795.9684
       4676.5760       2796.8746
       4679.5214       2797.7822
       4682.4675       2798.6910
       4685.4144       2799.6011
       4688.3620       2800.5124
       4691.3104       2801.4250
       4694.2596       2802.3389
       4697.2094       2803.2540
       4700.1601       2804.1704
       4703.1114       2805.0881
       4706.0635       2806.0070
       4709.0164       2806.9272
       4711.9700       2807.8486
       4714.9243       2808.7713
       4717.8793       2809.6952
       4720.8351       2810.6204
       4723.7916       2811.5468
       4726.7489       2812.4744
       4729.7069       2813.4033
       4732.6656       2814.3335
       4735.6250       2815.2649
       4738.5851       2816.1975
       4741.5460       2817.1313
       4744.5076       2818.0664
       4747.4699       2819.0027
       4750.4329       2819.9403
       4753.3967       2820.8791
       4756.3611       2821.8191
       4759.3263       2822.7603
       4762.2922       2823.7027
       4765.2588       2824.6464
       4768.2261       2825.5913
       4771.1941       2826.5373
       4774.1628       2827.4847
       4777.1322       2828.4332
       4780.1023       2829.3829
       4783.0731       2830.3338
       4786.0446       2831.2860
       4789.0168       2832.2393
       4791.9897       2833.1939
       4794.9633       2834.1497
       4797.9376       2835.1066
       4800.9126       2836.0648
       4803.8883       2837.0241
       4806.8646       2837.9846
       4809.8417       2838.9464
       4812.8194       2839.9093
       4815.7978       2840.8734
       4818.7769       2841.8387
       4821.7567       2842.8052
       4824.7371       2843.7729
       4827.7183       2844.7417
       4830.7001       2845.7117
       4833.6825       2846.6829
       4836.6657       2847.6553
       4839.6495       2848.6289
       4842.6340       2849.6036
       4845.6192       2850.5795
       4848.6050       2851.5565
       4851.5915       2852.5348
       4854.5787       2853.5142
       4857.5665       2854.4947
       4860.5550       2855.4764
       4863.5442       2856.4593
       4866.5340       2857.4434
       4869.5245       2858.4285
       4872.5156       2859.4149
       4875.5074       2860.4024
       4878.4998       2861.3910
       4881.4929       2862.3808
       4884.4866       2863.3718
       4887.4810       2864.3639
       4890.4761       2865.3571
       4893.4717       2866.3515
       4896.4681       2867.3470
       4899.4650       2868.3436
       4902.4626       2869.3414
       4905.4609       2870.3403
       4908.4598       2871.3404
       4911.4593       2872.3416
       4914.4595       2873.3439
       4917.4603       2874.3473
       4920.4617       2875.3519
       4923.4638       2876.3576
       4926.4665       2877.3644
       4929.4698       2878.3723
       4932.4738       2879.3813
       4935.4784       2880.3915
       4938.4836       2881.4028
       4941.4894       2882.4152
       4944.4959       2883.4287
       4947.5030       2884.4433
       4950.5107       2885.4590
       4953.5190       2886.4759
       4956.5279       2887.4938
       4959.5375       2888.5128
       4962.5477       2889.5330
       4965.5585       2890.5542
       4968.5699       2891.5765
       4971.5819       2892.6000
       4974.5945       2893.6245
       4977.6077       2894.6501
       4980.6216       2895.6768
       4983.6360       2896.7046
       4986.6511       2897.7335
       4989.6667       2898.7635
       4992.6830       2899.7945
       4995.6998       2900.8266
       4998.7173       2901.8599
       5001.7353       2902.8942
       5004.7540       2903.9295
       5007.7732       2904.9660
       5010.7931       2906.0035
       5013.8135       2907.0421
       5016.8345       2908.0817
       5019.8562       2909.1225
       5022.8784       2910.1643
       5025.9012       2911.2071
       5028.9246       2912.2510
       5031.9485       2913.2960
       5034.9731       2914.3421
       5037.9982       2915.3892
       5041.0240       2916.4373
       5044.0503       2917.4865
       5047.0771       2918.5368
       5050.1046       2919.5881
       5053.1326       2920.6405
       5056.1613       2921.6939
       5059.1905       2922.7484
       5062.2202       2923.8039
       5065.2506       2924.8604
       5068.2815       2925.9180
       5071.3130       2926.9766
       5074.3450       2928.0363
       5077.3776       2929.0970
       5080.4108       2930.1588
       5083.4446       2931.2215
       5086.4789       2932.2853
       5089.5137       2933.3502
       5092.5492       2934.4160
       5095.5852       2935.4829
       5098.6217       2936.5508
       5101.6589       2937.6198
       5104.6965       2938.6897
       5107.7348       2939.7607
       5110.7735       2940.8327
       5113.8129       2941.9057
       5116.8528       2942.9797
       5119.8932       2944.0547
       5122.9342       2945.1308
       5125.9758       2946.2079
       5129.0179       2947.2859
       5132.0605       2948.3650
       5135.1037       2949.4451
       5138.1474       2950.5262
       5141.1917       2951.6082
       5144.2365       2952.6913
       5147.2818       2953.7754
       5150.3277       2954.8605
       5153.3742       2955.9466
       5156.4211       2957.0336
       5159.4687       2958.1217
       5162.5167       2959.2107
       5165.5653       2960.3008
       5168.6144       2961.3918
       5171.6640       2962.4838
       5174.7142       2963.5768
       5177.7649       2964.6708
       5180.8162       2965.7657
       5183.8679       2966.8617
       5186.9202       2967.9586
       5189.9730       2969.0565
       5193.0264       2970.1553
       5196.0802       2971.2551
       5199.1346       2972.3560
       5202.1895       2973.4577
       5205.2450       2974.5605
       5208.3009       2975.6642
       5211.3574       2976.7689
       5214.4144       2977.8745
       5217.4719       2978.9811
       5220.5299       2980.0886
       5223.5884       2981.1972
       5226.6475       2982.3066
       5229.7070       2983.4171
       5232.7671       2984.5284
       5235.8277       2985.6408
       5238.8887       2986.7541
       5241.9503       2987.8683
       5245.0124       2988.9835
       5248.0750       2990.0996
       5251.1382       2991.2167
       5254.2018       2992.3347
       5257.2659       2993.4536
       5260.3305       2994.5735
       5263.3956       2995.6943
       5266.4613       2996.8161
       5269.5274       2997.9388
       5272.5940       2999.0624
       5275.6611       3000.1870
       5278.7287       3001.3125
       5281.7968       3002.4389
       5284.8654       3003.5663
       5287.9345       3004.6945
       5291.0041       3005.8237
       5294.0741       3006.9539
       5297.1447       3008.0849
       5300.2158       3009.2169
       5303.2873       3010.3497
       5306.3593       3011.4835
       5309.4318       3012.6182
       5312.5048       3013.7539
       5315.5783       3014.8904
       5318.6523       3016.0278
       5321.7267       3017.1662
       5324.8016       3018.3054
       5327.8770       3019.4456
       5330.9529       3020.5867
       5334.0293       3021.7287
       5337.1061       3022.8715
       5340.1835       3024.0153
       5343.2612       3025.1600
       5346.3395       3026.3055
       5349.4182       3027.4520
       5352.4975       3028.5993
       5355.5771       3029.7476
       5358.6573       3030.8967
       5361.7379       3032.0467
       5364.8190       3033.1977
       5367.9006       3034.3494
       5370.9826       3035.5021
       5374.0651       3036.6557
       5377.1481       3037.8101
       5380.2315       3038.9655
       5383.3154       3040.1217
       5386.3997       3041.2787
       5389.4845       3042.4367
       5392.5698       3043.5955
       5395.6555       3044.7552
       5398.7417       3045.9158
       5401.8284       3047.0772
       5404.9155       3048.2396
       5408.0030       3049.4027
       5411.0910       3050.5668
       5414.1795       3051.7317
       5417.2684       3052.8974
       5420.3578       3054.0641
       5423.4476       3055.2316
       5426.5379       3056.3999
       5429.6286       3057.5691
       5432.7198       3058.7392
       5435.8114       3059.9101
       5438.9035       3061.0818
       5441.9960       3062.2544
       5445.0890       3063.4279
       5448.1824       3064.6022
       5451.2763       3065.7773
       5454.3706       3066.9533
       5457.4653       3068.1302
       5460.5605       3069.3079
       5463.6561       3070.4864
       5466.7522       3071.6657
       5469.8487       3072.8459
       5472.9456       3074.0270
       5476.0430       3075.2088
       5479.1408       3076.3915
       5482.2390       3077.5751
       5485.3377       3078.7594
       5488.4368       3079.9446
       5491.5364       3081.1306
       5494.6364       3082.3175
       5497.7368       3083.5052
       5500.8376       3084.6937
       5503.9389       3085.8830
       5507.0406       3087.0731
       5510.1427       3088.2641
       5513.2453       3089.4558
       5516.3483       3090.6484
       5519.4517       3091.8418
       5522.5555       3093.0360
       5525.6598       3094.2310
       5528.7644       3095.4269
       5531.8695       3096.6235
       5534.9751       3097.8210
       5538.0810       3099.0192
       5541.1874       3100.2183
       5544.2942       3101.4182
       5547.4014       3102.6188
       5550.5090       3103.8203
       5553.6170       3105.0226
       5556.7255       3106.2256
       5559.8344       3107.4295
       5562.9437       3108.6341
       5566.0534       3109.8396
       5569.1635       3111.0458
       5572.2740       3112.2529
       5575.3850       3113.4607
       5578.4963       3114.6693
       5581.6081       3115.8787
       5584.7202       3117.0889
       5587.8328       3118.2998
       5590.9458       3119.5116
       5594.0592       3120.7241
       5597.1730       3121.9374
       5600.2872       3123.1515
       5603.4018       3124.3664
       5606.5169       3125.5820
       5609.6323       3126.7984
       5612.7481       3128.0156
       5615.8643       3129.2336
       5618.9810       3130.4523
       5622.0980       3131.6718
       5625.2154       3132.8921
       5628.3332       3134.1131
       5631.4515       3135.3349
       5634.5701       3136.5574
       5637.6891       3137.7808
       5640.8085       3139.0048
       5643.9284       3140.2297
       5647.0486       3141.4553
       5650.1692       3142.6816
       5653.2902       3143.9088
       5656.4116       3145.1366
       5659.5333       3146.3652
       5662.6555       3147.5946
       5665.7781       3148.8247
       5668.9010       3150.0556
       5672.0244       3151.2872
       5675.1481       3152.5196
       5678.2722       3153.7527
       5681.3968       3154.9865
       5684.5217       3156.2211
       5687.6469       3157.4565
       5690.7726       3158.6926
       5693.8987       3159.9294
       5697.0251       3161.1669
       5700.1519       3162.4052
       5703.2791       3163.6442
       5706.4067       3164.8840
       5709.5347       3166.1245
       5712.6630       3167.3657
       5715.7918       3168.6076
       5718.9209       3169.8503
       5722.0504       3171.0937
       5725.1802       3172.3378
       5728.3105       3173.5827
       5731.4411       3174.8282
       5734.5721       3176.0745
       5737.7035       3177.3215
       5740.8352       3178.5693
       5743.9673       3179.8177
       5747.0998       3181.0669
       5750.2327       3182.3168
       5753.3659       3183.5674
       5756.4995       3184.8187
       5759.6335       3186.0707
       5762.7679       3187.3234
       5765.9026       3188.5769
       5769.0377       3189.8310
       5772.1732       3191.0858
       5775.3090       3192.3414
       5778.4452       3193.5977
       5781.5818       3194.8546
       5784.7187       3196.1123
       5787.8560       3197.3706
       5790.9937       3198.6297
       5794.1317       3199.8895
       5797.2701       3201.1499
       5800.4088       3202.4111
       5803.5479       3203.6729
       5806.6874       3204.9354
       5809.8273       3206.1987
       5812.9675       3207.4626
       5816.1080       3208.7272
       5819.2490       3209.9925
       5822.3902       3211.2584
       5825.5319       3212.5251
       5828.6739       3213.7925
       5831.8162       3215.0605
       5834.9589       3216.3292
       5838.1020       3217.5986
       5841.2454       3218.8686
       5844.3892       3220.1394
       5847.5333       3221.4108
       5850.6778       3222.6829
       5853.8227       3223.9557
       5856.9679       3225.2291
       5860.1134       3226.5032
       5863.2593       3227.7780
       5866.4056       3229.0535
       5869.5522       3230.3296
       5872.6991       3231.6064
       5875.8464       3232.8838
       5878.9940       3234.1620
       5882.1420       3235.4407
       5885.2904       3236.7202
       5888.4391       3238.0003
       5891.5881       3239.2810
       5894.7375       3240.5625
       5897.8872       3241.8445
       5901.0373       3243.1273
       5904.1877       3244.4107
       5907.3385       3245.6947
       5910.4896       3246.9794
       5913.6410       3248.2647
       5916.7928       3249.5507
       5919.9450       3250.8374
       5923.0974       3252.1247
       5926.2503       3253.4126
       5929.4034       3254.7012
       5932.5569       3255.9904
       5935.7108       3257.2803
       5938.8649       3258.5708
       5942.0194       3259.8619
       5945.1743       3261.1537
       5948.3295       3262.4461
       5951.4850       3263.7392
       5954.6409       3265.0329
       5957.7971       3266.3272
       5960.9536       3267.6222
       5964.1105       3268.9178
       5967.2677       3270.2140
       5970.4252       3271.5109
       5973.5831       3272.8084
       5976.7413       3274.1065
       5979.8998       3275.4052
       5983.0587       3276.7046
       5986.2179       3278.0046
       5989.3774       3279.3052
       5992.5372       3280.6065
       5995.6974       3281.9083
       5998.8579       3283.2108
       6002.0188       3284.5139
       6005.1800       3285.8176
       6008.3415       3287.1219
       6011.5033       3288.4269
       6014.6655       3289.7324
       6017.8279       3291.0386
       6020.9907       3292.3454
       6024.1539       3293.6528
       6027.3173       3294.9608
       6030.4811       3296.2694
       6033.6452       3297.5786
       6036.8097       3298.8885
       6039.9744       3300.1989
       6043.1395       3301.5099
       6046.3049       3302.8216
       6049.4706       3304.1338
       6052.6367       3305.4466
       6055.8030       3306.7601
       6058.9697       3308.0741
       6062.1367       3309.3887
       6065.3040       3310.7040
       6068.4717       3312.0198
       6071.6396       3313.3362
       6074.8079       3314.6532
       6077.9765       3315.9708
       6081.1454       3317.2890
       6084.3147       3318.6078
       6087.4842       3319.9272
       6090.6541       3321.2472
       6093.8243       3322.5677
       6096.9947       3323.8888
       6100.1656       3325.2106
       6103.3367       3326.5329
       6106.5081       3327.8558
       6109.6799       3329.1792
       6112.8519       3330.5033
       6116.0243       3331.8279
       6119.1970       3333.1531
       6122.3700       3334.4789
       6125.5433       3335.8052
       6128.7169       3337.1321
       6131.8909       3338.4596
       6135.0651       3339.7877
       6138.2397       3341.1164
       6141.4145       3342.4456
       6144.5897       3343.7754
       6147.7652       3345.1057
       6150.9410       3346.4366
       6154.1171       3347.7681
       6157.2935       3349.1002
       6160.4702       3350.4328
       6163.6472       3351.7660
       6166.8245       3353.0997
       6170.0022       3354.4340
       6173.1801       3355.7689
       6176.3583       3357.1043
       6179.5369       3358.4403
       6182.7157       3359.7768
       6185.8949       3361.1139
       6189.0743       3362.4515
       6192.2541       3363.7897
       6195.4342       3365.1285
       6198.6145       3366.4678
       6201.7952       3367.8076
       6204.9761       3369.1480
       6208.1574       3370.4890
       6211.3390       3371.8305
       6214.5208       3373.1725
       6217.7030       3374.5151
       6220.8855       3375.8583
       6224.0682       3377.2020
       6227.2513       3378.5462
       6230.4347       3379.8909
       6233.6183       3381.2362
       6236.8023       3382.5821
       6239.9865       3383.9285
       6243.1711       3385.2754
       6246.3560       3386.6229
       6249.5411       3387.9708
       6252.7265       3389.3194
       6255.9123       3390.6684
       6259.0983       3392.0180
       6262.2846       3393.3681
       6265.4713       3394.7188
       6268.6582       3396.0700
       6271.8454       3397.4217
       6275.0329       3398.7739
       6278.2207       3400.1267
       6281.4088       3401.4800
       6284.5971       3402.8338
       6287.7858       3404.1882
       6290.9748       3405.5430
       6294.1640       3406.8984
       6297.3536       3408.2543
       6300.5434       3409.6107
       6303.7336       3410.9677
       6306.9240       3412.3251
       6310.1147       3413.6831
       6313.3057       3415.0416
       6316.4970       3416.4006
       6319.6885       3417.7602
       6322.8804       3419.1202
       6326.0725       3420.4808
       6329.2650       3421.8418
       6332.4577       3423.2034
       6335.6507       3424.5655
       6338.8440       3425.9281
       6342.0376       3427.2912
       6345.2315       3428.6548
       6348.4256       3430.0189
       6351.6201       3431.3835
       6354.8148       3432.7486
       6358.0098       3434.1142
       6361.2051       3435.4803
       6364.4007       3436.8470
       6367.5965       3438.2141
       6370.7927       3439.5817
       6373.9891       3440.9498
       6377.1858       3442.3184
       6380.3828       3443.6876
       6383.5801       3445.0572
       6386.7776       3446.4273
       6389.9755       3447.7979
       6393.1736       3449.1690
       6396.3720       3450.5405
       6399.5707       3451.9126
       6402.7697       3453.2852
       6405.9689       3454.6582
       6409.1684       3456.0318
       6412.3682       3457.4058
       6415.5683       3458.7803
       6418.7687       3460.1553
       6421.9693       3461.5308
       6425.1702       3462.9067
       6428.3714       3464.2832
       6431.5729       3465.6601
       6434.7746       3467.0375
       6437.9767       3468.4154
       6441.1790       3469.7938
       6444.3815       3471.1726
       6447.5844       3472.5520
       6450.7875       3473.9318
       6453.9909       3475.3121
       6457.1946       3476.6928
       6460.3986       3478.0740
       6463.6028       3479.4557
       6466.8073       3480.8379
       6470.0121       3482.2205
       6473.2172       3483.6037
       6476.4225       3484.9872
       6479.6281       3486.3713
       6482.8340       3487.7558
       6486.0401       3489.1408
       6489.2465       3490.5262
       6492.4532       3491.9122
       6495.6602       3493.2985
       6498.8674       3494.6854
       6502.0749       3496.0727
       6505.2827       3497.4605
       6508.4908       3498.8487
       6511.6991       3500.2374
       6514.9077       3501.6265
       6518.1166       3503.0161
       6521.3257       3504.4062
       6524.5351       3505.7967
       6527.7448       3507.1877
       6530.9547       3508.5791
       6534.1649       3509.9710
       6537.3754       3511.3634
       6540.5861       3512.7562
       6543.7971       3514.1494
       6547.0084       3515.5431
       6550.2200       3516.9372
       6553.4318       3518.3318
       6556.6439       3519.7269
       6559.8562       3521.1224
       6563.0688       3522.5183
       6566.2817       3523.9147
       6569.4949       3525.3115
       6572.7083       3526.7088
       6575.9220       3528.1065
       6579.1359       3529.5046
       6582.3501       3530.9032
       6585.5646       3532.3023
       6588.7793       3533.7018
       6591.9943       3535.1017
       6595.2096       3536.5020
       6598.4251       3537.9028
       6601.6409       3539.3041
       6604.8570       3540.7057
       6608.0733       3542.1079
       6611.2899       3543.5104
       6614.5067       3544.9134
       6617.7239       3546.3168
       6620.9412       3547.7206
       6624.1589       3549.1249
       6627.3768       3550.5296
       6630.5949       3551.9347
       6633.8133       3553.3403
       6637.0320       3554.7463
       6640.2509       3556.1527
       6643.4701       3557.5595
       6646.6896       3558.9668
       6649.9093       3560.3745
       6653.1293       3561.7826
       6656.3495       3563.1911
       6659.5700       3564.6001
       6662.7908       3566.0095
       6666.0118       3567.4193
       6669.2331       3568.8295
       6672.4546       3570.2402
       6675.6764       3571.6513
       6678.8985       3573.0628
       6682.1208       3574.4747
       6685.3434       3575.8870
       6688.5662       3577.2997
       6691.7893       3578.7129
       6695.0126       3580.1264
       6698.2362       3581.5404
       6701.4600       3582.9548
       6704.6841       3584.3696
       6707.9085       3585.7848
       6711.1331       3587.2005
       6714.3580       3588.6165
       6717.5831       3590.0330
       6720.8085       3591.4498
       6724.0342       3592.8671
       6727.2600       3594.2848
       6730.4862       3595.7029
       6733.7126       3597.1213
       6736.9393       3598.5402
       6740.1662       3599.9595
       6743.3933       3601.3792
       6746.6208       3602.7993
       6749.8484       3604.2198
       6753.0764       3605.6407
       6756.3045       3607.0621
       6759.5330       3608.4838
       6762.7616       3609.9059
       6765.9906       3611.3284
       6769.2198       3612.7513
       6772.4492       3614.1746
       6775.6789       3615.5983
       6778.9088       3617.0224
       6782.1390       3618.4469
       6785.3695       3619.8717
       6788.6002       3621.2970
       6791.8311       3622.7227
       6795.0623       3624.1488
       6798.2938       3625.5752
       6801.5255       3627.0021
       6804.7574       3628.4293
       6807.9896       3629.8569
       6811.2220       3631.2849
       6814.4547       3632.7133
       6817.6877       3634.1421
       6820.9209       3635.5713
       6824.1543       3637.0009
       6827.3880       3638.4308
       6830.6219       3639.8612
       6833.8561       3641.2919
       6837.0906       3642.7230
       6840.3252       3644.1545
       6843.5602       3645.5864
       6846.7954       3647.0186
       6850.0308       3648.4512
       6853.2665       3649.8842
       6856.5024       3651.3176
       6859.7385       3652.7514
       6862.9749       3654.1856
       6866.2116       3655.6201
       6869.4485       3657.0550
       6872.6857       3658.4903
       6875.9230       3659.9259
       6879.1607       3661.3620
       6882.3986       3662.7984
       6885.6367       3664.2351
       6888.8751       3665.6723
       6892.1137       3667.1098
       6895.3526       3668.5477
       6898.5917       3669.9860
       6901.8310       3671.4246
       6905.0706       3672.8636
       6908.3105       3674.3030
       6911.5505       3675.7428
       6914.7909       3677.1829
       6918.0314       3678.6234
       6921.2723       3680.0642
       6924.5133       3681.5054
       6927.7546       3682.9470
       6930.9962       3684.3890
       6934.2379       3685.8313
       6937.4800       3687.2740
       6940.7222       3688.7170
       6943.9647       3690.1604
       6947.2075       3691.6042
       6950.4505       3693.0483
       6953.6937       3694.4928
       6956.9372       3695.9376
       6960.1809       3697.3828
       6963.4249       3698.8284
       6966.6691       3700.2743
       6969.9135       3701.7206
       6973.1582       3703.1672
       6976.4031       3704.6142
       6979.6483       3706.0616
       6982.8937       3707.5093
       6986.1393       3708.9574
       6989.3852       3710.4058
       6992.6313       3711.8545
       6995.8777       3713.3037
       6999.1242       3714.7531
       7002.3711       3716.2030
       7005.6182       3717.6532
       7008.8655       3719.1037
       7012.1130       3720.5546
       7015.3608       3722.0058
       7018.6088       3723.4574
       7021.8571       3724.9093
       7025.1056       3726.3616
       7028.3543       3727.8142
       7031.6033       3729.2672
       7034.8525       3730.7205
       7038.1019       3732.1742
       7041.3516       3733.6282
       7044.6016       3735.0825
       7047.8517       3736.5372
       7051.1021       3737.9923
       7054.3527       3739.4477
       7057.6036       3740.9034
       7060.8547       3742.3595
       7064.1060       3743.8159
       7067.3576       3745.2726
       7070.6094       3746.7297
       7073.8614       3748.1871
       7077.1137       3749.6449
       7080.3662       3751.1030
       7083.6190       3752.5615
       7086.8720       3754.0203
       7090.1252       3755.4794
       7093.3786       3756.9388
       7096.6323       3758.3986
       7099.8862       3759.8588
       7103.1404       3761.3192
       7106.3947       3762.7800
       7109.6494       3764.2412
       7112.9042       3765.7026
       7116.1593       3767.1644
       7119.4146       3768.6266
       7122.6701       3770.0890
       7125.9259       3771.5518
       7129.1819       3773.0150
       7132.4382       3774.4784
       7135.6946       3775.9422
       7138.9513       3777.4063
       7142.2083       3778.8708
       7145.4654       3780.3356
       7148.7228       3781.8007
       7151.9805       3783.2661
       7155.2383       3784.7319
       7158.4964       3786.1980
       7161.7547       3787.6644
       7165.0133       3789.1311
       7168.2721       3790.5982
       7171.5311       3792.0656
       7174.7903       3793.5333
       7178.0498       3795.0013
       7181.3095       3796.4697
       7184.5694       3797.9384
       7187.8296       3799.4074
       7191.0900       3800.8767
       7194.3506       3802.3463
       7197.6114       3803.8163
       7200.8725       3805.2866
       7204.1338       3806.7572
       7207.3954       3808.2281
       7210.6571       3809.6994
       7213.9191       3811.1709
       7217.1813       3812.6428
       7220.4438       3814.1150
       7223.7064       3815.5875
       7226.9693       3817.0604
       7230.2324       3818.5335
       7233.4958       3820.0070
       7236.7594       3821.4808
       7240.0232       3822.9549
       7243.2872       3824.4293
       7246.5515       3825.9040
       7249.8159       3827.3790
       7253.0806       3828.8544
       7256.3456       3830.3301
       7259.6107       3831.8060
       7262.8761       3833.2823
       7266.1417       3834.7589
       7269.4076       3836.2358
       7272.6736       3837.7131
       7275.9399       3839.1906
       7279.2064       3840.6684
       7282.4732       3842.1466
       7285.7401       3843.6251
       7289.0073       3845.1038
       7292.2747       3846.5829
       7295.5423       3848.0623
       7298.8102       3849.5420
       7302.0783       3851.0220
       7305.3466       3852.5023
       7308.6151       3853.9829
       7311.8838       3855.4638
       7315.1528       3856.9450
       7318.4220       3858.4266
       7321.6914       3859.9084
       7324.9610       3861.3905
       7328.2309       3862.8730
       7331.5010       3864.3557
       7334.7713       3865.8388
       7338.0418       3867.3221
       7341.3125       3868.8058
       7344.5835       3870.2897
       7347.8547       3871.7740
       7351.1261       3873.2585
       7354.3977       3874.7434
       7357.6696       3876.2285
       7360.9416       3877.7140
       7364.2139       3879.1997
       7367.4864       3880.6858
       7370.7592       3882.1721
       7374.0321       3883.6588
       7377.3053       3885.1457
       7380.5787       3886.6330
       7383.8523       3888.1205
       7387.1261       3889.6084
       7390.4001       3891.0965
       7393.6744       3892.5849
       7396.9489       3894.0737
       7400.2236       3895.5627
       7403.4985       3897.0520
       7406.7736       3898.5416
       7410.0490       3900.0315
       7413.3246       3901.5217
       7416.6004       3903.0122
       7419.8764       3904.5030
       7423.1526       3905.9941
       7426.4290       3907.4855
       7429.7057       3908.9771
       7432.9826       3910.4691
       7436.2596       3911.9613
       7439.5370       3913.4539
       7442.8145       3914.9467
       7446.0922       3916.4398
       7449.3702       3917.9333
       7452.6483       3919.4270
       7455.9267       3920.9209
       7459.2053       3922.4152
       7462.4841       3923.9098
       7465.7632       3925.4047
       7469.0424       3926.8998
       7472.3219       3928.3952
       7475.6015       3929.8910
       7478.8814       3931.3870
       7482.1615       3932.8833
       7485.4418       3934.3799
       7488.7224       3935.8767
       7492.0031       3937.3739
       7495.2841       3938.8713
       7498.5652       3940.3691
       7501.8466       3941.8671
       7505.1282       3943.3654
       7508.4100       3944.8640
       7511.6920       3946.3628
       7514.9743       3947.8620
       7518.2567       3949.3614
       7521.5393       3950.8611
       7524.8222       3952.3611
       7528.1053       3953.8614
       7531.3886       3955.3620
       7534.6721       3956.8628
       7537.9558       3958.3640
       7541.2397       3959.8654
       7544.5238       3961.3671
       7547.8082       3962.8691
       7551.0927       3964.3713
       7554.3775       3965.8739
       7557.6624       3967.3767
       7560.9476       3968.8798
       7564.2330       3970.3832
       7567.5186       3971.8868
       7570.8044       3973.3908
       7574.0904       3974.8950
       7577.3766       3976.3995
       7580.6631       3977.9042
       7583.9497       3979.4093
       7587.2366       3980.9146
       7590.5236       3982.4202
       7593.8109       3983.9261
       7597.0983       3985.4323
       7600.3860       3986.9387
       7603.6739       3988.4454
       7606.9620       3989.9524
       7610.2503       3991.4597
       7613.5388       3992.9673
       7616.8275       3994.4751
       7620.1164       3995.9832
       7623.4055       3997.4916
       7626.6949       3999.0002
       7629.9844       4000.5091
       7633.2741       4002.0183
       7636.5641       4003.5278
       7639.8542       4005.0375
       7643.1446       4006.5476
       7646.4351       4008.0579
       7649.7259       4009.5684
       7653.0168       4011.0793
       7656.3080       4012.5904
       7659.5994       4014.1018
       7662.8909       4015.6134
       7666.1827       4017.1254
       7669.4747       4018.6376
       7672.7669       4020.1501
       7676.0592       4021.6628
       7679.3518       4023.1758
       7682.6446       4024.6891
       7685.9376       4026.2027
       7689.2308       4027.7165
       7692.5242       4029.2306
       7695.8178       4030.7450
       7699.1116       4032.2597
       7702.4056       4033.7746
       7705.6997       4035.2898
       7708.9941       4036.8052
       7712.2887       4038.3210
       7715.5835       4039.8370
       7718.8785       4041.3532
       7722.1737       4042.8698
       7725.4691       4044.3866
       7728.7647       4045.9036
       7732.0605       4047.4210
       7735.3565       4048.9386
       7738.6526       4050.4565
       7741.9490       4051.9746
       7745.2456       4053.4930
       7748.5424       4055.0117
       7751.8394       4056.5307
       7755.1365       4058.0499
       7758.4339       4059.5694
       7761.7315       4061.0891
       7765.0292       4062.6092
       7768.3272       4064.1295
       7771.6253       4065.6500
       7774.9237       4067.1708
       7778.2222       4068.6919
       7781.5210       4070.2133
       7784.8199       4071.7349
       7788.1190       4073.2568
       7791.4184       4074.7789
       7794.7179       4076.3014
       7798.0176       4077.8240
       7801.3175       4079.3470
       7804.6176       4080.8702
       7807.9179       4082.3937
       7811.2184       4083.9174
       7814.5190       4085.4414
       7817.8199       4086.9657
       7821.1210       4088.4903
       7824.4222       4090.0151
       7827.7237       4091.5401
       7831.0253       4093.0655
       7834.3271       4094.5911
       7837.6292       4096.1169
       7840.9314       4097.6430
       7844.2338       4099.1694
       7847.5364       4100.6961
       7850.8391       4102.2230
       7854.1421       4103.7502
       7857.4453       4105.2776
       7860.7486       4106.8053
       7864.0521       4108.3333
       7867.3559       4109.8615
       7870.6598       4111.3900
       7873.9639       4112.9188
       7877.2682       4114.4478
       7880.5727       4115.9771
       7883.8773       4117.5066
       7887.1822       4119.0365
       7890.4872       4120.5665
       7893.7924       4122.0969
       7897.0979       4123.6275
       7900.4035       4125.1583
       7903.7092       4126.6894
       7907.0152       4128.2208
       7910.3214       4129.7525
       7913.6277       4131.2844
       7916.9342       4132.8165
       7920.2409       4134.3490
       7923.5478       4135.8817
       7926.8549       4137.4146
       7930.1622       4138.9478
       7933.4696       4140.4813
       7936.7772       4142.0151
       7940.0850       4143.5491
       7943.3930       4145.0833
       7946.7012       4146.6178
       7950.0096       4148.1526
       7953.3181       4149.6877
       7956.6268       4151.2230
       7959.9357       4152.7585
       7963.2448       4154.2944
       7966.5541       4155.8305
       7969.8635       4157.3668
       7973.1731       4158.9034
       7976.4829       4160.4403
       7979.7929       4161.9774
       7983.1031       4163.5148
       7986.4134       4165.0525
       7989.7239       4166.5904
       7993.0346       4168.1285
       7996.3455       4169.6670
       7999.6565       4171.2057
       8002.9678       4172.7446
       8006.2792       4174.2839
       8009.5907       4175.8233
       8012.9025       4177.3631
       8016.2144       4178.9031
       8019.5265       4180.4433
       8022.8388       4181.9838
       8026.1513       4183.5246
       8029.4639       4185.0657
       8032.7767       4186.6070
       8036.0897       4188.1485
       8039.4028       4189.6903
       8042.7162       4191.2324
       8046.0297       4192.7748
       8049.3434       4194.3174
       8052.6572       4195.8602
       8055.9712       4197.4034
       8059.2854       4198.9467
       8062.5998       4200.4904
       8065.9143       4202.0343
       8069.2290       4203.5784
       8072.5439       4205.1229
       8075.8589       4206.6676
       8079.1741       4208.2125
       8082.4895       4209.7577
       8085.8051       4211.3032
       8089.1208       4212.8489
       8092.4367       4214.3949
       8095.7528       4215.9411
       8099.0690       4217.4876
       8102.3854       4219.0344
       8105.7019       4220.5814
       8109.0187       4222.1287
       8112.3356       4223.6763
       8115.6526       4225.2241
       8118.9699       4226.7722
       8122.2872       4228.3205
       8125.6048       4229.8691
       8128.9225       4231.4179
       8132.2404       4232.9671
       8135.5585       4234.5164
       8138.8767       4236.0661
       8142.1951       4237.6160
       8145.5136       4239.1661
       8148.8323       4240.7165
       8152.1512       4242.2672
       8155.4702       4243.8182
       8158.7894       4245.3694
       8162.1087       4246.9208
       8165.4283       4248.4726
       8168.7479       4250.0245
       8172.0678       4251.5768
       8175.3878       4253.1293
       8178.7079       4254.6821
       8182.0282       4256.2351
       8185.3487       4257.7884
       8188.6693       4259.3420
       8191.9901       4260.8958
       8195.3111       4262.4499
       8198.6322       4264.0042
       8201.9534       4265.5588
       8205.2748       4267.1137
       8208.5964       4268.6688
       8211.9181       4270.2242
       8215.2400       4271.7799
       8218.5620       4273.3358
       8221.8842       4274.8920
       8225.2066       4276.4484
       8228.5291       4278.0051
       8231.8517       4279.5621
       8235.1745       4281.1193
       8238.4975       4282.6768
       8241.8206       4284.2346
       8245.1439       4285.7926
       8248.4673       4287.3509
       8251.7908       4288.9094
       8255.1146       4290.4683
       8258.4384       4292.0273
       8261.7624       4293.5867
       8265.0866       4295.1463
       8268.4109       4296.7061
       8271.7354       4298.2663
       8275.0600       4299.8267
       8278.3848       4301.3873
       8281.7097       4302.9483
       8285.0347       4304.5095
       8288.3599       4306.0709
       8291.6853       4307.6326
       8295.0107       4309.1946
       8298.3364       4310.7569
       8301.6622       4312.3194
       8304.9881       4313.8822
       8308.3142       4315.4452
       8311.6404       4317.0085
       8314.9667       4318.5721
       8318.2932       4320.1360
       8321.6199       4321.7001
       8324.9466       4323.2645
       8328.2736       4324.8291
       8331.6006       4326.3940
       8334.9278       4327.9592
       8338.2552       4329.5247
       8341.5827       4331.0904
       8344.9103       4332.6564
       8348.2381       4334.2226
       8351.5660       4335.7891
       8354.8940       4337.3559
       8358.2222       4338.9230
       8361.5505       4340.4903
       8364.8789       4342.0579
       8368.2075       4343.6257
       8371.5363       4345.1939
       8374.8651       4346.7623
       8378.1941       4348.3309
       8381.5232       4349.8999
       8384.8525       4351.4691
       8388.1819       4353.0385
       8391.5114       4354.6083
       8394.8411       4356.1783
       8398.1709       4357.7486
       8401.5008       4359.3191
       8404.8308       4360.8899
       8408.1610       4362.4610
       8411.4913       4364.0324
       8414.8218       4365.6040
       8418.1524       4367.1759
       8421.4831       4368.7481
       8424.8139       4370.3206
       8428.1448       4371.8933
       8431.4759       4373.4663
       8434.8071       4375.0396
       8438.1385       4376.6131
       8441.4699       4378.1869
       8444.8015       4379.7610
       8448.1332       4381.3354
       8451.4651       4382.9100
       8454.7970       4384.4849
       8458.1291       4386.0601
       8461.4613       4387.6355
       8464.7936       4389.2112
       8468.1261       4390.7873
       8471.4587       4392.3635
       8474.7914       4393.9401
       8478.1242       4395.5169
       8481.4571       4397.0940
       8484.7902       4398.6714
       8488.1233       4400.2490
       8491.4566       4401.8270
       8494.7900       4403.4052
       8498.1235       4404.9837
       8501.4572       4406.5624
       8504.7909       4408.1414
       8508.1248       4409.7208
       8511.4588       4411.3004
       8514.7929       4412.8802
       8518.1271       4414.4604
       8521.4614       4416.0408
       8524.7959       4417.6215
       8528.1304       4419.2025
       8531.4651       4420.7837
       8534.7999       4422.3653
       8538.1348       4423.9471
       8541.4698       4425.5292
       8544.8049       4427.1116
       8548.1401       4428.6942
       8551.4754       4430.2772
       8554.8108       4431.8604
       8558.1464       4433.4439
       8561.4820       4435.0277
       8564.8178       4436.6118
       8568.1536       4438.1961
       8571.4896       4439.7807
       8574.8257       4441.3656
       8578.1618       4442.9508
       8581.4981       4444.5363
       8584.8345       4446.1221
       8588.1710       4447.7081
       8591.5075       4449.2945
       8594.8442       4450.8811
       8598.1810       4452.4680
       8601.5179       4454.0552
       8604.8549       4455.6426
       8608.1920       4457.2304
       8611.5291       4458.8184
       8614.8664       4460.4068
       8618.2038       4461.9954
       8621.5413       4463.5843
       8624.8788       4465.1735
       8628.2165       4466.7629
       8631.5543       4468.3527
       8634.8921       4469.9427
       8638.2301       4471.5331
       8641.5681       4473.1237
       8644.9062       4474.7146
       8648.2445       4476.3058
       8651.5828       4477.8973
       8654.9212       4479.4891
       8658.2597       4481.0812
       8661.5983       4482.6735
       8664.9369       4484.2662
       8668.2757       4485.8592
       8671.6145       4487.4524
       8674.9535       4489.0459
       8678.2925       4490.6397
       8681.6316       4492.2339
       8684.9708       4493.8283
       8688.3101       4495.4230
       8691.6494       4497.0180
       8694.9889       4498.6133
       8698.3284       4500.2088
       8701.6680       4501.8047
       8705.0077       4503.4009
       8708.3475       4504.9974
       8711.6873       4506.5941
       8715.0272       4508.1912
       8718.3673       4509.7885
       8721.7073       4511.3862
       8725.0475       4512.9841
       8728.3877       4514.5824
       8731.7280       4516.1809
       8735.0684       4517.7798
       8738.4089       4519.3789
       8741.7494       4520.9784
       8745.0901       4522.5781
       8748.4307       4524.1781
       8751.7715       4525.7785
       8755.1123       4527.3791
       8758.4532       4528.9801
       8761.7942       4530.5813
       8765.1352       4532.1828
       8768.4763       4533.7847
       8771.8175       4535.3868
       8775.1587       4536.9893
       8778.5000       4538.5921
       8781.8414       4540.1951
       8785.1829       4541.7985
       8788.5244       4543.4021
       8791.8659       4545.0061
       8795.2076       4546.6104
       8798.5492       4548.2150
       8801.8910       4549.8199
       8805.2328       4551.4251
       8808.5747       4553.0306
       8811.9166       4554.6364
       8815.2586       4556.2425
       8818.6007       4557.8489
       8821.9428       4559.4556
       8825.2849       4561.0627
       8828.6272       4562.6700
       8831.9694       4564.2777
       8835.3118       4565.8857
       8838.6541       4567.4939
       8841.9966       4569.1025
       8845.3391       4570.7114
       8848.6816       4572.3206
       8852.0242       4573.9302
       8855.3668       4575.5400
       8858.7095       4577.1502
       8862.0523       4578.7606
       8865.3951       4580.3714
       8868.7379       4581.9825
       8872.0808       4583.5939
       8875.4237       4585.2056
       8878.7667       4586.8177
       8882.1097       4588.4300
       8885.4527       4590.0427
       8888.7958       4591.6557
       8892.1390       4593.2690
       8895.4822       4594.8826
       8898.8254       4596.4966
       8902.1686       4598.1108
       8905.5120       4599.7254
       8908.8553       4601.3403
       8912.1987       4602.9556
       8915.5421       4604.5711
       8918.8855       4606.1870
       8922.2290       4607.8031
       8925.5725       4609.4197
       8928.9161       4611.0365
       8932.2597       4612.6536
       8935.6033       4614.2711
       8938.9469       4615.8889
       8942.2906       4617.5071
       8945.6343       4619.1255
       8948.9780       4620.7443
       8952.3218       4622.3634
       8955.6656       4623.9828
       8959.0094       4625.6026
       8962.3532       4627.2227
       8965.6971       4628.8431
       8969.0410       4630.4638
       8972.3849       4632.0849
       8975.7288       4633.7063
       8979.0728       4635.3280
       8982.4167       4636.9501
       8985.7607       4638.5725
       8989.1047       4640.1952
       8992.4488       4641.8182
       8995.7928       4643.4416
       8999.1369       4645.0653
       9002.4810       4646.6894
       9005.8250       4648.3138
       9009.1691       4649.9385
       9012.5133       4651.5635
       9015.8574       4653.1889
       9019.2015       4654.8147
       9022.5457       4656.4407
       9025.8898       4658.0671
       9029.2340       4659.6939
       9032.5782       4661.3209
       9035.9224       4662.9484
       9039.2665       4664.5761
       9042.6107       4666.2042
       9045.9549       4667.8326
       9049.2991       4669.4614
       9052.6433       4671.0905
       9055.9875       4672.7200
       9059.3317       4674.3498
       9062.6759       4675.9799
       9066.0201       4677.6104
       9069.3643       4679.2413
       9072.7085       4680.8724
       9076.0527       4682.5040
       9079.3969       4684.1358
